19997
19991
19985
19981
19975
19973
19965
19960
19957
19950
19948
19945
19939
19934
19929
19920
19919
19913
19910
19902
19900
19895
19885
19880
19880
19870
19870
19864
19855
19855
19848
19840
19839
19830
19825
19820
19818
19811
19807
19804
19799
19791
19786
19783
19780
19773
19768
19765
19758
19753
19750
19744
19738
19732
19726
19724
19715
19712
19707
19704
19695
19691
19685
19685
19675
19675
19665
19660
19659
19653
19649
19643
19635
19634
19625
19620
19617
19614
19609
19605
19596
19592
19590
19582
19575
19573
19568
19560
19556
19550
19550
19541
19539
19530
19526
19523
19518
19512
19508
19504
19498
19491
19489
19484
19478
19470
19468
19465
19458
19450
19448
19444
19439
19431
19428
19421
19420
19411
19406
19402
19396
19394
19390
19385
19375
19373
19367
19362
19358
19355
19350
19343
19339
19335
19327
19323
19315
19315
19307
19301
19298
19292
19289
19283
19279
19270
19267
19265
19255
19251
19247
19241
19237
19234
19228
19220
19219
19213
19207
19203
19195
19195
19187
19182
19176
19174
19166
19165
19156
19155
19145
19144
19139
19130
19129
19124
19117
19110
19106
19100
19095
19094
19089
19080
19077
19075
19070
19065
19058
19051
19049
19043
19036
19035
19025
19023
19018
19013
19010
19002
18995
18990
18987
18985
18976
18973
18966
18964
18959
18953
18947
18943
18936
18933
18925
18921
18920
18913
18907
18902
18900
18891
18887
18882
18878
18874
18865
18864
18856
18852
18849
18840
18835
18831
18826
18821
18819
18812
18810
18803
18795
18793
18786
18781
18776
18771
18767
18764
18755
18753
18745
18741
18738
18731
18729
18725
18717
18714
18706
18700
18699
18691
18687
18681
18675
18675
18670
18661
18659
18655
18646
18641
18639
18632
18630
18621
18619
18614
18609
18600
18595
18594
18585
18583
18575
18571
18568
18565
18555
18553
18550
18544
18537
18532
18526
18524
18517
18512
18506
18503
18500
18491
18487
18485
18477
18475
18467
18462
18458
18455
18446
18443
18436
18433
18429
18421
18416
18413
18405
18405
18395
18391
18387
18381
18376
18375
18370
18360
18358
18351
18350
18342
18337
18330
18329
18320
18318
18311
18308
18300
18300
18294
18290
18285
18280
18270
18268
18265
18259
18253
18249
18244
18235
18235
18226
18225
18217
18212
18210
18200
18199
18194
18188
18185
18179
18174
18166
18160
18160
18152
18148
18140
18139
18130
18128
18125
18120
18113
18109
18105
18097
18094
18087
18081
18079
18070
18066
18065
18059
18054
18047
18044
18038
18033
18026
18024
18019
18013
18007
18004
17999
17993
17986
17982
17979
17970
17967
17960
17959
17950
17950
17943
17938
17933
17927
17922
17920
17915
17910
17902
17897
17893
17889
17881
17876
17870
17869
17862
17857
17855
17847
17844
17838
17830
17825
17820
17816
17812
17808
17803
17798
17794
17788
17784
17778
17775
17765
17762
17758
17755
17750
17745
17735
17732
17729
17723
17719
17715
17705
17702
17698
17691
17685
17683
17679
17671
17668
17663
17657
17652
17648
17645
17635
17630
17627
17622
17616
17612
17605
17600
17597
17595
17586
17582
17575
17575
17565
17563
17559
17554
17549
17542
17537
17534
17529
17524
17515
17510
17510
17502
17496
17493
17485
17483
17478
17473
17465
17465
17459
17452
17445
17443
17438
17432
17425
17421
17419
17415
17405
17405
17395
17391
17390
17382
17379
17371
17365
17361
17360
17351
17347
17340
17340
17332
17326
17322
17319
17312
17308
17304
17300
17294
17287
17280
17278
17273
17266
17264
17258
17250
17249
17241
17240
17233
17230
17220
17216
17210
17209
17201
17196
17191
17190
17180
17175
17174
17168
17165
17155
17155
17148
17143
17135
17131
17129
17125
17117
17111
17106
17101
17098
17093
17090
17084
17076
17071
17070
17060
17058
17054
17045
17043
17040
17035
17028
17020
17020
17013
17010
17003
16997
16990
16989
16982
16977
16973
16969
16961
16957
16950
16946
16943
16935
16930
16926
16921
16919
16914
16910
16901
16900
16893
16890
16883
16879
16874
16870
16865
16859
16850
16845
16845
16838
16831
16826
16823
16819
16811
16809
16800
16799
16794
16785
16781
16775
16770
16768
16763
16760
16753
16747
16744
16739
16731
16725
16722
16720
16714
16709
16703
16697
16691
16685
16685
16679
16674
16668
16660
16655
16653
16647
16645
16639
16631
16630
16625
16618
16615
16608
16602
16600
16592
16588
16580
16580
16573
16566
16565
16558
16552
16550
16543
16536
16535
16525
16525
16520
16511
16509
16505
16497
16495
16490
16482
16478
16472
16467
16463
16458
16451
16450
16445
16437
16433
16429
16423
16416
16414
16407
16401
16399
16391
16385
16385
16375
16370
16366
16362
16356
16354
16350
16342
16336
16335
16330
16321
16316
16311
16308
16304
16299
16292
16288
16283
16275
16274
16266
16264
16256
16255
16247
16244
16239
16231
16225
16220
16220
16213
16209
16202
16199
16194
16185
16184
16175
16171
16168
16165
16155
16151
16148
16144
16139
16135
16130
16121
16115
16111
16107
16105
16095
16095
16090
16083
16076
16070
16070
16060
16060
16054
16046
16045
16036
16034
16027
16021
16020
16013
16008
16003
16000
15995
15989
15980
15976
15975
15967
15962
15959
15955
15946
15943
15938
15933
15925
15925
15918
15914
15907
15900
15899
15893
15886
15881
15877
15875
15869
15860
15859
15852
15847
15840
15839
15833
15825
15825
15818
15811
15808
15801
15798
15795
15789
15783
15778
15775
15767
15761
15758
15752
15749
15742
15740
15733
15728
15721
15720
15710
15708
15705
15698
15693
15687
15684
15676
15671
15665
15664
15655
15651
15649
15642
15637
15631
15625
15620
15616
15610
15610
15602
15597
15592
15590
15580
15576
15572
15568
15564
15560
15553
15546
15543
15536
15531
15528
15525
15518
15511
15508
15501
15498
15494
15486
15484
15478
15475
15469
15465
15459
15455
15447
15440
15440
15433
15429
15421
15415
15410
15406
15405
15396
15391
15389
15383
15378
15372
15370
15364
15355
15353
15346
15340
15339
15333
15326
15323
15320
15313
15309
15300
15300
15294
15285
15281
15279
15270
15265
15265
15259
15252
15248
15242
15235
15235
15229
15222
15216
15214
15207
15202
15196
15192
15188
15183
15180
15174
15168
15165
15160
15155
15147
15140
15136
15135
15125
15122
15118
15113
15106
15103
15100
15093
15085
15084
15076
15075
15066
15061
15056
15054
15050
15041
15035
15035
15028
15021
15016
15013
15007
15005
14999
14994
14987
14984
14976
14971
14969
14965
14956
14951
14945
14943
14939
14930
14928
14920
14917
14910
14910
14900
14896
14892
14887
14884
14878
14875
14867
14865
14856
14854
14845
14840
14836
14834
14825
14822
14819
14814
14806
14805
14800
14793
14789
14781
14775
14773
14767
14761
14759
14754
14749
14745
14735
14735
14727
14721
14718
14713
14706
14701
14696
14695
14685
14682
14677
14670
14666
14664
14656
14654
14648
14644
14640
14633
14629
14620
14617
14611
14606
14600
14596
14591
14589
14585
14580
14570
14569
14560
14559
14554
14547
14544
14536
14534
14527
14525
14520
14513
14506
14502
14495
14492
14487
14482
14477
14470
14467
14463
14459
14454
14448
14445
14439
14430
14429
14425
14415
14410
14408
14402
14400
14391
14385
14385
14376
14374
14368
14362
14356
14354
14349
14341
14335
14331
14327
14324
14318
14313
14305
14305
14298
14292
14289
14284
14279
14274
14269
14262
14258
14252
14248
14245
14237
14231
14227
14222
14215
14214
14205
14203
14199
14192
14189
14180
14180
14173
14165
14161
14157
14151
14146
14144
14140
14130
14130
14124
14117
14111
14109
14105
14095
14093
14090
14083
14075
14071
14070
14065
14060
14055
14050
14045
14039
14033
14028
14020
14018
14010
14008
14005
13996
13993
13989
13984
13977
13972
13968
13964
13955
13955
13948
13940
13939
13932
13928
13922
13916
13915
13906
13900
13895
13895
13889
13880
13878
13870
13865
13861
13857
13854
13850
13843
13838
13830
13830
13822
13817
13813
13808
13803
13795
13794
13785
13782
13776
13775
13768
13763
13756
13753
13748
13740
13736
13730
13726
13723
13716
13715
13705
13700
13699
13693
13689
13684
13678
13674
13665
13663
13659
13651
13645
13645
13636
13630
13628
13620
13620
13614
13608
13601
13600
13595
13588
13582
13580
13573
13569
13560
13560
13550
13548
13540
13536
13533
13525
13522
13516
13514
13508
13505
13499
13495
13485
13484
13477
13471
13467
13460
13455
13453
13445
13443
13440
13435
13426
13425
13419
13410
13405
13401
13397
13391
13390
13381
13379
13373
13365
13362
13359
13353
13346
13345
13335
13333
13325
13320
13315
13310
13305
13303
13300
13290
13285
13283
13276
13273
13268
13262
13259
13252
13246
13244
13238
13234
13227
13224
13216
13215
13207
13205
13197
13193
13186
13182
13178
13173
13165
13164
13157
13153
13148
13145
13139
13134
13127
13124
13120
13114
13107
13100
13099
13093
13085
13085
13079
13073
13066
13062
13060
13050
13050
13042
13036
13034
13030
13025
13020
13013
13006
13003
12999
12994
12986
12985
12977
12970
12969
12961
12955
12950
12948
12940
12936
12934
12927
12920
12915
12912
12906
12900
12898
12892
12889
12882
12875
12871
12870
12865
12858
12853
12847
12842
12838
12833
12829
12822
12820
12815
12808
12800
12797
12795
12789
12782
12779
12770
12768
12765
12760
12751
12749
12745
12736
12734
12726
12720
12717
12711
12706
12701
12698
12695
12690
12681
12680
12673
12670
12664
12657
12655
12648
12641
12636
12630
12627
12620
12616
12615
12610
12602
12598
12590
12589
12583
12578
12572
12569
12564
12559
12555
12547
12542
12535
12533
12529
12521
12518
12512
12510
12502
12495
12494
12488
12485
12477
12470
12468
12465
12457
12451
12446
12444
12435
12433
12426
12425
12417
12414
12405
12405
12396
12392
12387
12385
12375
12371
12369
12365
12356
12351
12348
12343
12338
12335
12326
12321
12320
12314
12308
12304
12296
12293
12289
12282
12275
12271
12267
12261
12255
12253
12245
12243
12237
12233
12226
12221
12219
12210
12210
12202
12198
12193
12185
12180
12175
12170
12168
12161
12159
12150
12150
12144
12137
12132
12125
12121
12119
12112
12107
12102
12100
12094
12087
12082
12077
12072
12069
12064
12060
12051
12047
12044
12039
12030
12029
12023
12020
12011
12010
12002
11998
11992
11988
11984
11976
11972
11965
11961
11957
11952
11945
11941
11940
11935
11927
11920
11920
11910
11910
11901
11896
11895
11890
11884
11879
11870
11868
11864
11856
11853
11850
11840
11840
11831
11830
11821
11816
11815
11807
11802
11798
11794
11790
11782
11780
11772
11765
11761
11756
11755
11745
11745
11736
11733
11729
11725
11720
11712
11706
11700
11700
11691
11690
11681
11678
11672
11665
11660
11658
11652
11650
11643
11639
11630
11630
11621
11620
11613
11606
11604
11595
11594
11590
11583
11578
11572
11565
11564
11558
11550
11547
11543
11540
11535
11530
11523
11516
11511
11510
11502
11499
11492
11490
11484
11480
11475
11467
11464
11455
11453
11449
11444
11438
11431
11429
11420
11420
11414
11408
11403
11398
11394
11385
11381
11377
11371
11369
11365
11358
11355
11345
11345
11338
11335
11330
11321
11316
11314
11310
11303
11295
11294
11288
11281
11276
11271
11267
11260
11257
11250
11248
11241
11236
11231
11229
11225
11218
11211
11207
11202
11196
11194
11190
11185
11178
11170
11167
11162
11157
11154
11146
11142
11135
11133
11127
11122
11115
11111
11109
11101
11096
11090
11089
11085
11080
11073
11068
11060
11058
11053
11046
11041
11040
11030
11027
11025
11015
11014
11006
11003
10995
10990
10990
10983
10979
10973
10968
10960
10955
10954
10945
10945
10938
10932
10925
10920
10919
10914
10908
10901
10900
10894
10885
10883
10875
10875
10866
10860
10857
10851
10849
10841
10837
10835
10829
10820
10817
10814
10806
10801
10799
10792
10788
10785
10775
10775
10766
10762
10759
10751
10746
10745
10738
10733
10729
10722
10717
10712
10710
10704
10697
10695
10690
10685
10675
10671
10665
10663
10658
10653
10646
10644
10636
10635
10630
10622
10615
10611
10606
10600
10596
10592
10585
10582
10580
10571
10570
10565
10555
10552
10548
10542
10538
10530
10528
10523
10518
10513
10505
10505
10500
10492
10487
10482
10479
10474
10465
10464
10455
10454
10446
10440
10435
10431
10430
10424
10417
10412
10407
10401
10398
10395
10390
10380
10377
10372
10368
10360
10360
10353
10346
10342
10339
10330
10330
10323
10315
10310
10306
10303
10295
10295
10285
10282
10277
10271
10270
10261
10255
10251
10250
10245
10236
10234
10230
10220
10218
10211
10209
10200
10200
10194
10186
10181
10178
10172
10167
10163
10157
10153
10146
10142
10138
10132
10125
10120
10117
10112
10106
10100
10098
10090
10089
10083
10077
10074
10067
10063
10060
10052
10045
10044
10037
10035
10030
10023
10020
10015
10007
10004
