39997
39992
39988
39985
39980
39970
39969
39960
39955
39952
39945
39941
39938
39933
39926
39923
39920
39910
39909
39904
39898
39891
39886
39885
39876
39873
39869
39863
39855
39853
39850
39845
39838
39834
39827
39823
39820
39815
39810
39800
39800
39793
39787
39784
39776
39770
39766
39765
39755
39753
39750
39741
39740
39734
39725
39722
39718
39715
39709
39701
39695
39694
39687
39683
39678
39674
39668
39660
39660
39652
39648
39643
39636
39632
39625
39624
39618
39611
39609
39602
39600
39595
39588
39584
39577
39571
39565
39564
39560
39553
39545
39545
39538
39535
39525
39524
39516
39510
39510
39505
39498
39493
39485
39485
39476
39471
39467
39465
39457
39453
39445
39445
39439
39435
39428
39423
39416
39413
39410
39404
39400
39390
39385
39380
39378
39371
39370
39361
39355
39351
39349
39340
39338
39331
39330
39325
39315
39315
39306
39303
39297
39294
39287
39282
39280
39273
39269
39263
39260
39255
39245
39240
39236
39233
39230
39220
39216
39210
39207
39205
39195
39190
39189
39181
39179
39171
39168
39160
39156
39155
39146
39144
39137
39134
39128
39123
39115
39111
39108
39104
39099
39095
39087
39080
39079
39070
39066
39062
39059
39052
39045
39042
39035
39033
39030
39022
39015
39010
39010
39001
38997
38990
38988
38980
38975
38972
38968
38965
38955
38953
38950
38942
38936
38932
38926
38925
38917
38912
38907
38900
38897
38893
38888
38884
38875
38870
38868
38863
38858
38855
38846
38844
38838
38833
38825
38823
38819
38814
38807
38805
38797
38791
38786
38781
38778
38770
38770
38764
38758
38750
38746
38745
38739
38733
38725
38722
38720
38715
38710
38702
38698
38691
38688
38681
38679
38675
38665
38660
38659
38655
38645
38643
38635
38635
38628
38622
38616
38614
38609
38603
38598
38595
38588
38583
38579
38572
38565
38562
38560
38553
38548
38545
38537
38533
38525
38520
38518
38510
38508
38501
38498
38492
38489
38482
38479
38471
38470
38460
38455
38452
38450
38443
38435
38432
38430
38423
38419
38414
38410
38403
38398
38392
38386
38380
38379
38372
38365
38364
38359
38354
38347
38344
38335
38331
38325
38325
38315
38314
38306
38304
38296
38290
38290
38281
38275
38274
38266
38260
38260
38252
38246
38240
38240
38233
38229
38223
38219
38212
38207
38204
38197
38191
38185
38185
38179
38174
38169
38164
38156
38155
38149
38142
38136
38130
38130
38120
38116
38113
38106
38105
38097
38091
38085
38080
38077
38075
38067
38063
38058
38054
38048
38041
38036
38032
38030
38024
38019
38015
38009
38005
37995
37995
37988
37983
37976
37971
37965
37961
37957
37952
37949
37943
37940
37930
37930
37920
37918
37911
37909
37902
37900
37892
37885
37880
37877
37872
37866
37861
37856
37851
37847
37840
37840
37835
37828
37821
37815
37814
37807
37805
37795
37792
37786
37784
37776
37770
37766
37760
37758
37755
37747
37740
37740
37735
37730
37724
37717
37710
37707
37700
37700
37694
37686
37684
37676
37674
37668
37660
37659
37654
37648
37641
37638
37634
37627
37625
37615
37611
37610
37601
37597
37595
37585
37584
37580
37574
37569
37565
37558
37550
37548
37545
37540
37534
37528
37525
37520
37511
37507
37505
37498
37491
37489
37485
37477
37470
37466
37460
37455
37452
37449
37441
37439
37431
37428
37425
37419
37414
37406
37401
37400
37392
37389
37384
37377
37375
37369
37364
37357
37350
37345
37343
37337
37335
37328
37320
37320
37310
37305
37301
37296
37290
37289
37285
37278
37270
37265
37262
37256
37251
37248
37244
37240
37234
37225
37222
37219
37210
37205
37200
37200
37192
37187
37184
37175
37174
37165
37164
37160
37155
37146
37144
37138
37133
37130
37125
37116
37113
37106
37103
37095
37092
37090
37082
37079
37072
37070
37063
37059
37050
37046
37040
37035
37032
37030
37022
37016
37014
37009
37005
36998
36994
36989
36984
36977
36971
36969
36961
36958
36950
36948
36943
36939
36934
36926
36924
36920
36914
36910
36903
36900
36890
36889
36881
36878
36875
36865
36860
36860
36855
36850
36841
36838
36833
36825
36822
36817
36813
36808
36805
36795
36795
36788
36780
36779
36775
36765
36761
36755
36750
36750
36743
36739
36731
36730
36720
36717
36713
36710
36702
36696
36693
36688
36681
36680
36674
36669
36664
36660
36650
36646
36641
36638
36635
36625
36623
36619
36612
36606
36603
36597
36593
36586
36585
36577
36572
36566
36560
36555
36553
36550
36544
36535
36534
36526
36520
36515
36514
36508
36504
36496
36494
36486
36482
36478
36473
36467
36461
36456
36453
36448
36441
36435
36432
36426
36425
36419
36414
36408
36402
36400
36392
36386
36383
36375
36372
36365
36360
36357
36353
36346
36344
36336
36330
36327
36320
36320
36312
36306
36301
36299
36292
36290
36285
36278
36273
36265
36262
36256
36250
36250
36245
36237
36230
36227
36225
36217
36210
36205
36200
36199
36193
36187
36183
36175
36170
36169
36165
36160
36153
36147
36145
36137
36131
36125
36124
36119
36110
36109
36105
36095
36094
36088
36081
36077
36073
36067
36061
36059
36050
36048
36044
36037
36034
36025
36024
36015
36015
36008
36002
35997
35992
35990
35984
35976
35974
35966
35961
35959
35950
35947
35945
35937
35935
35930
35921
35920
35915
35907
35900
35898
35892
35888
35881
35878
35875
35869
35865
35859
35854
35848
35845
35837
35831
35830
35825
35820
35811
35810
35803
35800
35793
35785
35785
35780
35772
35765
35762
35760
35755
35749
35742
35739
35735
35727
35723
35718
35711
35708
35703
35696
35695
35688
35685
35679
35670
35669
35665
35655
35650
35647
35641
35638
35633
35629
35624
35618
35613
35608
35605
35597
35591
35590
35584
35579
35571
35569
35562
35557
35551
35550
35542
35540
35530
35529
35521
35516
35514
35510
35505
35497
35490
35485
35484
35479
35471
35469
35461
35458
35451
35447
35445
35435
35430
35430
35421
35417
35414
35408
35404
35400
35395
35385
35382
35379
35374
35366
35363
35360
35354
35346
35345
35336
35333
35330
35325
35319
35314
35309
35305
35297
35295
35285
35283
35279
35270
35270
35264
35259
35252
35245
35240
35236
35235
35226
35220
35218
35214
35209
35205
35199
35191
35189
35185
35176
35172
35167
35164
35156
35153
35150
35141
35138
35132
35127
35122
35116
35114
35110
35102
35097
35095
35087
35082
35076
35073
35065
35063
35058
35054
35050
35041
35035
35033
35028
35020
35018
35012
35005
35002
34995
34995
34985
34980
34980
34972
34967
34960
34956
34955
34947
34941
34939
34934
34929
34923
34917
34912
34908
34902
34897
34893
34886
34884
34876
34872
34866
34864
34855
34854
34848
34843
34836
34833
34825
34824
34819
34813
34810
34804
34799
34791
34787
34783
34777
34774
34766
34764
34758
34754
34747
34744
34736
34735
34726
34724
34720
34712
34707
34703
34697
34694
34690
34684
34680
34675
34670
34665
34656
34652
34650
34642
34635
34633
34627
34621
34616
34615
34607
34600
34597
34590
34588
34585
34576
34573
34570
34563
34559
34551
34550
34545
34538
34531
34529
34523
34515
34514
34507
34504
34495
34494
34488
34482
34479
34475
34467
34462
34455
34453
34448
34442
34436
34433
34430
34423
34418
34412
34407
34403
34400
34393
34386
34382
34378
34372
34368
34360
34360
34351
34347
34340
34340
34335
34330
34322
34319
34315
34305
34301
34300
34294
34289
34285
34275
34274
34265
34265
34259
34251
34248
34242
34238
34231
34225
34220
34218
34210
34209
34205
34197
34195
34188
34181
34180
34172
34166
34160
34156
34153
34145
34145
34137
34134
34129
34121
34117
34114
34109
34105
34100
34094
34085
34084
34076
34074
34067
34064
34056
34052
34048
34041
34036
34034
34027
34024
34018
34010
34009
34004
33995
33991
33986
33983
33979
33972
33968
33964
33956
33951
33948
33944
33935
33930
33927
33924
33919
33915
33905
33900
33896
33895
33886
33884
33879
33870
33869
33865
33856
33850
33849
33841
33839
33835
33827
33820
33819
33815
33805
33803
33796
33790
33788
33783
33776
33770
33770
33763
33758
33754
33750
33744
33738
33734
33730
33723
33718
33714
33709
33704
33695
33690
33688
33681
33678
33672
33666
33664
33659
33655
33648
33644
33638
33631
33627
33620
33618
33613
33610
33601
33598
33591
33586
33583
33576
33575
33566
33564
33558
33550
33550
33542
33536
33535
33529
33520
33517
33515
33508
33504
33496
33491
33487
33480
33475
33470
33468
33462
33456
33450
33449
33441
33437
33435
33428
33420
33415
33413
33408
33403
33400
33390
33388
33382
33379
33373
33370
33362
33358
33350
33348
33341
33337
33331
33329
33320
33315
33310
33307
33301
33297
33294
33286
33281
33278
33273
33269
33263
33260
33255
33246
33240
33238
33230
33228
33222
33218
33211
33210
33202
33200
33194
33186
33181
33178
33175
33169
33160
33159
33153
33150
33140
33140
33132
33125
33125
33115
33115
33107
33100
33098
33090
33090
33084
33079
33071
33070
33060
33060
33052
33047
33040
33037
33032
33029
33024
33018
33011
33006
33002
32996
32993
32986
32984
32975
32972
32967
32965
32956
32954
32947
32941
32936
32935
32927
32921
32917
32912
32910
32902
32895
32891
32885
32880
32875
32873
32866
32864
32856
32852
32845
32845
32836
32830
32828
32823
32815
32811
32809
32800
32798
32793
32789
32782
32775
32772
32769
32763
32757
32754
32748
32744
32736
32733
32728
32724
32719
32715
32706
32701
32698
32691
32687
32682
32675
32675
32666
32664
32656
32653
32649
32642
32635
32630
32625
32622
32618
32614
32605
32600
32598
32595
32587
32580
32579
32571
32567
32565
32558
32550
32547
32541
32535
32533
32526
32523
32515
32510
32510
32505
32497
32495
32488
32481
32480
32474
32469
32462
32456
32453
32450
32440
32438
32430
32425
32423
32419
32415
32405
32403
32399
32392
32386
32381
32375
32370
32370
32360
32359
32353
32348
32340
32338
32331
32328
32323
32315
32314
32309
32301
32296
32293
32288
32284
32276
32272
32269
32264
32258
32254
32245
32243
32240
32231
32226
32221
32216
32211
32206
32202
32199
32195
32185
32183
32176
32171
32166
32162
32160
32154
32150
32140
32135
32130
32125
32123
32116
32114
32107
32105
32097
32090
32085
32080
32077
32073
32070
32064
32059
32050
32047
32042
32038
32035
32027
32023
32020
32013
32005
32003
31998
31994
31985
31983
31979
31975
31970
31965
31960
31950
31948
31945
31939
31933
31927
31920
31915
31912
31910
31902
31897
31892
31890
31884
31876
31875
31868
31865
31860
31850
31849
31844
31837
31830
31827
31824
31820
31814
31808
31804
31799
31791
31786
31784
31779
31772
31765
31763
31756
31751
31749
31741
31736
31735
31725
31720
31718
31710
31709
31704
31699
31690
31690
31684
31680
31673
31668
31660
31658
31652
31646
31641
31636
31633
31629
31625
31620
31613
31610
31604
31600
31593
31587
31584
31577
31572
31567
31561
31557
31554
31545
31541
31538
31532
31529
31525
31519
31513
31507
31502
31500
31492
31489
31483
31478
31474
31469
31463
31458
31455
31448
31445
31438
31434
31427
31425
31419
31412
31407
31405
31396
31394
31387
31383
31377
31370
31368
31363
31357
31354
31348
31342
31338
31332
31327
31324
31319
31310
31310
31302
31300
31292
31285
31285
31280
31275
31266
31263
31259
31252
31246
31241
31239
31231
31230
31223
31215
31213
31208
31203
31199
31195
31190
31185
31176
31174
31165
31163
31158
31154
31146
31145
31137
31132
31130
31121
31116
31113
31106
31103
31096
31095
31089
31082
31078
31074
31068
31065
31057
31051
31046
31044
31037
31035
31026
31021
31016
31010
31009
31003
30996
30994
30986
30982
30979
30973
30968
30963
30957
30952
30949
30940
30935
30932
30928
30925
30915
30911
30905
30900
30898
30892
30890
30883
30879
30874
30868
30860
30856
30854
30849
30843
30838
30835
30828
30823
30816
30814
30810
30804
30800
30794
30789
30780
30780
30772
30768
30762
30760
30753
30749
30741
30739
30730
30728
30723
30719
30712
30709
30703
30695
30695
30689
30684
30680
30673
30668
30660
30658
30650
30646
30641
30640
30633
30627
30620
30619
30612
30608
30603
30595
30590
30588
30583
30578
30570
30568
30564
30557
30555
30545
30543
30537
30530
30526
30525
30520
30514
30510
30502
30500
30491
30487
30484
30477
30474
30466
30465
30456
30454
30445
30445
30435
30433
30427
30421
30416
30414
30410
30402
30398
30390
30388
30382
30377
30375
30367
30364
30358
30354
30350
30340
30337
30331
30330
30324
30319
30312
30307
30300
30299
30291
30290
30285
30276
30272
30270
30260
30258
30253
30250
30241
30238
30234
30229
30225
30219
30213
30209
30200
30195
30191
30189
30182
30175
30173
30166
30161
30156
30155
30150
30143
30137
30135
30127
30122
30120
30111
30106
30104
30097
30095
30085
30081
30078
30071
30067
30060
30057
30054
30046
30041
30037
30030
30028
30024
30019
30014
30007
30002
29996
29994
29986
29985
29979
29971
29965
29961
29957
29954
29946
29941
29939
29933
29929
29920
29920
29913
29909
29901
29896
29893
29885
29885
29877
29871
29868
29863
29856
29850
29847
29844
29837
29835
29825
29823
29816
29812
29805
29803
29796
29790
29786
29783
29778
29775
29770
29763
29757
29751
29750
29741
29738
29730
29727
29721
29717
29715
29708
29702
29699
29692
29686
29682
29678
29672
29666
29663
29655
29651
29649
29642
29638
29635
29629
29623
29616
29613
29606
29604
29597
29591
29588
29582
29577
29571
29565
29563
29558
29551
29548
29542
29536
29534
29527
29525
29517
29512
29509
29500
29497
29495
29485
29482
29480
29474
29469
29462
29456
29451
29450
29440
29439
29430
29427
29422
29415
29410
29410
29403
29396
29392
29386
29380
29378
29372
29369
29361
29357
29350
29348
29345
29340
29332
29328
29325
29318
29314
29305
29302
29300
29292
29286
29283
29277
29271
29269
29260
29257
29252
29248
29241
29238
29232
29229
29222
29219
29214
29209
29204
29196
29191
29189
29185
29178
29174
29170
29164
29157
29153
29149
29143
29140
29131
29125
29122
29120
29115
29106
29101
29100
29092
29089
29082
29079
29073
29068
29062
29056
29053
29047
29041
29040
29032
29030
29025
29019
29011
29007
29005
29000
28994
28990
28984
28976
28974
28967
28964
28960
28955
28948
28945
28939
28935
28928
28924
28920
28911
28906
28901
28898
28891
28887
28884
28875
28874
28869
28863
28855
28851
28850
28841
28840
28830
28830
28822
28819
28813
28805
28803
28800
28792
28785
28784
28779
28771
28770
28761
28755
28755
28746
28740
28738
28734
28726
28723
28719
28710
28710
28705
28699
28691
28685
28680
28680
28675
28669
28665
28659
28650
28645
28645
28636
28635
28626
28625
28615
28612
28605
28605
28598
28591
28585
28585
28580
28575
28570
28565
28558
28552
28550
28545
28535
28534
28528
28525
28519
28514
28506
28503
28499
28493
28487
28481
28477
28475
28465
28461
28456
28451
28447
28442
28439
28434
28430
28424
28418
28410
28405
28400
28398
28392
28390
28380
28376
28371
28367
28364
28356
28354
28349
28340
28337
28330
28327
28324
28319
28314
28310
28303
28297
28291
28288
28282
28278
28275
28267
28261
28255
28251
28246
28242
28238
28233
28230
28225
28216
28211
28208
28202
28199
28190
28188
28183
28180
28171
28169
28163
28157
28150
28146
28144
28140
28132
28129
28120
28119
28111
28108
28102
28096
28091
28085
28083
28077
28073
28065
28064
28056
28054
28048
28040
28039
28032
28025
28022
28019
28012
28007
28003
27995
27990
27988
27985
27976
27975
27967
27965
27959
27955
27945
27941
27937
27930
27928
27925
27916
27913
27907
27902
27899
27890
27885
27884
27875
27873
27865
27863
27860
27853
27846
27843
27839
27832
27829
27824
27816
27815
27806
27803
27797
27791
27786
27785
27780
27774
27767
27762
27759
27750
27745
27743
27738
27733
27725
27724
27716
27714
27710
27700
27698
27693
27689
27681
27679
27675
27667
27660
27659
27655
27647
27644
27635
27630
27626
27624
27616
27614
27609
27603
27597
27594
27589
27581
27580
27570
27569
27563
27555
27552
27546
27542
27535
27531
27526
27521
27515
27512
27510
27500
27497
27491
27488
27483
27477
27472
27466
27461
27460
27455
27448
27443
27437
27431
27428
27420
27417
27411
27405
27401
27397
27392
27389
27383
27380
27371
27366
27361
27359
27352
27345
27345
27336
27335
27328
27324
27320
27314
27305
27302
27300
27291
27288
27280
27277
27272
27269
27262
27257
27250
27245
27243
27240
27231
27226
27220
27218
27213
27207
27203
27196
27195
27190
27180
27180
27172
27166
27164
27155
27150
27145
27140
27140
27134
27129
27120
27116
27112
27110
27103
27100
27091
27089
27085
27079
27070
27065
27062
27056
27051
27050
27044
27040
27034
27027
27021
27020
27012
27006
27001
26996
26990
26990
26981
26980
26972
26966
26960
26958
26951
26947
26945
26940
26935
26928
26920
26917
26912
26909
26900
26899
26895
26888
26880
26878
26871
26867
26860
26860
26850
26848
26841
26838
26831
26830
26821
26819
26811
26808
26803
26800
26795
26788
26781
26775
26772
26770
26762
26759
26753
26745
26741
26739
26731
26725
26722
26717
26710
26710
26703
26700
26694
26687
26683
26679
26672
26667
26664
26658
26655
26645
26640
26636
26631
26626
26620
26618
26614
26606
26601
26595
26595
26586
26582
26580
26572
26565
26563
26557
26554
26546
26543
26536
26530
26527
26525
26518
26510
26509
26503
26499
26494
26485
26480
26476
26473
26469
26464
26455
26453
26447
26440
26435
26432
26429
26422
26416
26413
26405
26405
26396
26390
26389
26380
26375
26375
26367
26364
26358
26350
26349
26342
26337
26334
26330
26324
26317
26311
26307
26303
26298
26293
26288
26283
26279
26272
26267
26262
26259
26251
26245
26243
26235
26231
26229
26224
26216
26214
26205
26200
26195
26191
26185
26183
26176
26171
26167
26162
26156
26153
26149
26142
26135
26131
26128
26122
26118
26112
26110
26103
26097
26095
26088
26084
26077
26071
26065
26063
26060
26055
26049
26045
26040
26035
26027
26023
26016
26012
26007
26002
25996
25995
25988
25983
25977
25972
25968
25961
25958
25954
25949
25944
25939
25931
25925
25925
25919
25910
25909
25903
25895
25894
25885
25883
25880
25872
25869
25864
25859
25855
25848
25845
25839
25831
25828
25822
25816
25812
25810
25805
25797
25790
25785
25784
25775
25775
25766
25764
25756
25751
25750
25745
25735
25731
25730
25725
25717
25711
25706
25705
25695
25690
25685
25680
25675
25672
25666
25665
25657
25652
25647
25644
25638
25635
25626
25620
25618
25613
25605
25601
25599
25590
25586
25584
25577
25570
25569
25563
25559
25550
25547
25540
25535
25534
25530
25522
25519
25512
25507
25501
25495
25494
25490
25481
25477
25473
25466
25462
25460
25452
25447
25445
25439
25434
25430
25424
25420
25415
25405
25401
25397
25390
25386
25382
25376
25370
25368
25362
25357
25351
25347
25345
25339
25330
25326
25322
25315
25315
25306
25304
25298
25295
25289
25283
25275
25273
25265
25261
25256
25255
25249
25245
25239
25234
25228
25225
25219
25213
25207
25205
25195
25191
25187
25183
25179
25171
25170
25165
25157
25155
25150
25145
25135
25131
25130
25122
25119
25113
25108
25105
25095
25090
25090
25083
25078
25075
25067
25065
25055
25053
25046
25040
25038
25034
25029
25025
25020
25015
25010
25004
24997
24990
24990
24981
24979
24970
24965
24962
24956
24955
24949
24941
24937
24934
24929
24920
24916
24914
24905
24905
24900
24891
24885
24882
24877
24875
24865
24861
24858
24850
24848
24841
24840
24831
24825
24821
24815
24810
24806
24804
24798
24794
24790
24784
24777
24770
24766
24764
24758
24751
24749
24742
24739
24733
24726
24724
24720
24714
24707
24703
24695
24691
24687
24685
24678
24673
24670
24664
24659
24650
24645
24640
24640
24634
24628
24622
24615
24610
24610
24600
24597
24595
24586
24583
24580
24571
24568
24565
24556
24553
24549
24543
24540
24530
24529
24522
24515
24515
24508
24505
24500
24492
24486
24480
24479
24472
24468
24464
24456
24451
24445
24443
24438
24435
24428
24422
24416
24410
24407
24405
24397
24390
24389
24383
24376
24373
24368
24364
24359
24352
24345
24342
24337
24335
24328
24321
24320
24310
24305
24302
24297
24290
24286
24280
24279
24270
24266
24260
24259
24255
24246
24242
24238
24232
24227
24220
24218
24213
24210
24201
24197
24193
24185
24185
24179
24170
24167
24161
24158
24153
24150
24143
24136
24132
24130
24120
24116
24110
24106
24100
24098
24095
24090
24084
24078
24075
24067
24062
24059
24051
24046
24042
24039
24032
24027
24023
24015
24010
24007
24001
23996
23992
23990
23983
23977
23972
23969
23965
23957
23953
23950
23940
23937
23934
23929
23921
23917
23914
23910
23903
23897
23895
23887
23883
23879
23873
23867
23860
23859
23855
23848
23842
23839
23835
23826
23820
23820
23812
23809
23800
23796
23795
23785
23782
23778
23773
23765
23764
23758
23752
23746
23744
23739
23734
23730
23725
23720
23713
23706
23701
23697
23692
23687
23680
23679
23675
23670
23660
23658
23652
23645
23641
23636
23631
23625
23624
23616
23613
23606
23605
23597
23590
23585
23580
23576
23571
23568
23560
23559
23555
23546
23543
23539
23530
23526
23525
23517
23511
23505
23504
23500
23493
23485
23481
23477
23472
23469
23462
23455
23450
23450
23443
23439
23433
23427
23422
23415
23413
23405
23404
23400
23391
23389
23385
23375
23370
23367
23363
23359
23353
23349
23345
23337
23334
23325
23322
23320
23312
23308
23305
23295
23294
23290
23281
23280
23272
23269
23265
23259
23253
23250
23240
23240
23232
23226
23221
23215
23213
23210
23202
23200
23195
23185
23184
23179
23171
23167
23160
23156
23150
23146
23143
23140
23130
23126
23124
23119
23112
23106
23100
23098
23094
23085
23083
23077
23075
23067
23064
23060
23051
23049
23042
23037
23034
23027
23023
23018
23011
23005
23002
23000
22995
22986
22983
22978
22972
22968
22961
22959
22953
22948
22941
22936
22933
22928
22920
22920
22915
22905
22904
22895
22893
22888
22882
22879
22871
22867
22862
22859
22851
22849
22840
22838
22835
22827
22823
22818
22810
22806
22801
22800
22794
22787
22780
22778
22772
22767
22762
22759
22753
22750
22744
22737
22732
22726
22723
22717
22713
22705
22703
22695
22693
22688
22683
22677
22670
22669
22663
22659
22651
22648
22640
22637
22633
22626
22624
22616
22612
22606
22605
22597
22595
22588
22580
22578
22570
22568
22560
22560
22554
22547
22545
22539
22535
22526
22523
22519
22512
22510
22504
22496
22495
22485
22481
22480
22473
22465
22460
22455
22454
22447
22445
22440
22435
22430
22423
22416
22415
22409
22403
22398
22395
22385
22380
22376
22374
22368
22363
22360
22350
22348
22345
22335
22334
22326
22323
22316
22312
22305
22303
22295
22295
22285
22282
22277
22270
22270
22260
22258
22253
22250
22241
22235
22231
22228
22223
22217
22214
22210
22205
22199
22193
22186
22181
22179
22175
22169
22160
22155
22152
22147
22145
22140
22130
22129
22120
22118
22115
22105
22105
22096
22091
22085
22080
22079
22074
22065
22060
22056
22051
22045
22040
22040
22030
22027
22025
22016
22011
22007
22004
21996
21994
21987
21983
21980
21973
21965
21961
21956
21954
21949
21945
21935
21934
21926
21924
21915
21911
21907
21901
21896
21891
21885
21881
21880
21872
21866
21862
21858
21852
21846
21843
21836
21832
21829
21823
21816
21813
21810
21804
21798
21794
21788
21784
21780
21770
21766
21762
21759
21753
21746
21743
21740
21731
21728
21720
21715
21712
21706
21705
21696
21695
21689
21685
21676
21672
21666
21660
21655
21652
21646
21644
21640
21634
21629
21620
21615
21615
21610
21604
21596
21595
21585
21583
21576
21574
21565
21561
21557
21550
21547
21543
21538
21534
21525
21521
21519
21513
21509
21501
21498
21491
21490
21482
21476
21470
21468
21460
21457
21454
21447
21444
21437
21431
21429
21420
21418
21413
21407
21405
21396
21390
21390
21382
21375
21374
21369
21363
21360
21354
21348
21342
21339
21332
21330
21321
21320
21313
21309
21301
21295
21294
21287
21283
21278
21274
21270
21261
21260
21250
21248
21240
21238
21230
21229
21223
21218
21211
21210
21203
21195
21195
21188
21182
21178
21170
21166
21161
21159
21155
21147
21142
21137
21130
21130
21124
21118
21111
21110
21101
21095
21091
21086
21081
21075
21070
21067
21063
21055
21052
21046
21044
21040
21034
21026
21020
21016
21015
21009
21005
21000
20990
20985
20984
20980
20973
20965
20960
20957
20953
20946
20941
20938
20930
20927
20924
20916
20910
20905
20900
20897
20895
20888
20885
20875
20875
20870
20862
20860
20853
20848
20844
20839
20832
20827
20822
20820
20814
20808
20802
20798
20794
20785
20780
20780
20770
20767
20763
20756
20752
20749
20744
20740
20734
20728
20724
20715
20711
20709
20701
20698
20691
20686
20681
20678
20674
20668
20662
20657
20652
20645
20645
20639
20630
20625
20621
20620
20612
20607
20601
20600
20591
20588
20582
20577
20570
20569
20564
20555
20552
20547
20540
20536
20531
20528
20523
20516
20512
20507
20502
20496
20492
20485
20485
20475
20472
20468
20460
20458
20452
20446
20443
20438
20433
20428
20420
20415
20410
20408
20400
20398
20391
20388
20381
20380
20371
20367
20363
20359
20355
20348
20343
20336
20332
20328
20323
20315
20311
20309
20305
20297
20295
20285
20283
20278
20272
20269
20264
20256
20251
20246
20240
20239
20233
20228
20224
20219
20213
20207
20203
20195
20192
20186
20185
20180
20172
20169
20164
20159
20153
20146
20142
20139
20131
20127
20120
20116
20115
20109
20102
20096
20090
20090
20080
20077
20072
20065
20065
20058
20055
20048
20040
20038
20031
20029
20021
20016
20010
20005
20002
