59999
59995
59985
59981
59975
59972
59965
59960
59959
59950
59946
59944
59936
59934
59928
59920
59918
59910
59905
59901
59899
59895
59889
59885
59875
59870
59867
59862
59859
59854
59847
59844
59835
59833
59828
59824
59819
59812
59805
59801
59795
59794
59786
59780
59778
59773
59765
59761
59755
59753
59750
59741
59738
59733
59726
59721
59720
59714
59710
59705
59699
59690
59689
59683
59680
59672
59668
59660
59657
59650
59648
59640
59638
59633
59626
59622
59617
59614
59605
59601
59597
59590
59587
59583
59580
59571
59568
59560
59555
59553
59549
59540
59540
59531
59526
59521
59518
59512
59505
59503
59496
59492
59490
59482
59478
59471
59469
59460
59456
59450
59445
59444
59439
59434
59429
59423
59419
59411
59406
59400
59395
59395
59389
59384
59375
59375
59369
59364
59360
59350
59348
59343
59339
59333
59328
59320
59319
59315
59308
59302
59295
59291
59289
59281
59277
59272
59265
59261
59257
59255
59247
59245
59240
59234
59229
59222
59215
59211
59205
59205
59196
59195
59185
59185
59177
59175
59169
59165
59160
59153
59145
59140
59137
59135
59130
59125
59120
59110
59106
59104
59095
59090
59090
59082
59075
59073
59066
59065
59058
59051
59048
59041
59040
59030
59027
59020
59018
59011
59006
59002
58998
58992
58990
58982
58979
58972
58966
58964
58960
58953
58945
58942
58940
58933
58926
58921
58916
58913
58909
58904
58895
58890
58890
58882
58879
58874
58866
58862
58860
58855
58849
58840
58837
58833
58828
58825
58816
58812
58809
58803
58798
58790
58788
58780
58777
58773
58768
58761
58758
58750
58746
58744
58740
58732
58728
58720
58716
58711
58706
58703
58698
58695
58685
58685
58680
58674
58669
58661
58657
58655
58650
58642
58638
58632
58629
58622
58620
58613
58606
58601
58598
58594
58590
58582
58579
58571
58570
58564
58560
58552
58550
58543
58540
58534
58529
58523
58515
58511
58507
58500
58498
58494
58487
58483
58476
58472
58466
58462
58455
58453
58450
58443
58439
58435
58429
58420
58415
58412
58409
58403
58396
58393
58390
58380
58380
58371
58365
58362
58358
58355
58348
58345
58337
58330
58330
58323
58316
58311
58310
58305
58300
58293
58286
58282
58278
58271
58269
58261
58258
58255
58247
58245
58239
58230
58230
58225
58217
58212
58207
58202
58199
58191
58185
58184
58177
58175
58166
58161
58156
58153
58149
58140
58135
58132
58129
58125
58118
58110
58106
58102
58095
58091
58085
58084
58075
58074
58065
58063
58060
58054
58047
58044
58038
58031
58026
58024
58018
58013
58005
58003
57998
57992
57988
57982
57975
57974
57970
57964
57956
57954
57946
57943
57938
57930
57930
57924
57920
57915
57910
57902
57900
57895
57888
57883
57877
57875
57866
57865
57859
57851
57847
57841
57836
57833
57828
57823
57820
57813
57805
57800
57799
57793
57788
57780
57775
57774
57770
57760
57755
57751
57748
57743
57740
57731
57727
57725
57720
57712
57707
57704
57699
57692
57685
57683
57680
57671
57666
57660
57655
57650
57645
57644
57637
57633
57625
57622
57616
57614
57607
57601
57596
57594
57589
57583
57578
57575
57566
57562
57560
57554
57550
57543
57535
57531
57530
57520
57517
57512
57507
57502
57500
57495
57488
57485
57479
57471
57466
57461
57458
57453
57446
57444
57439
57430
57425
57424
57415
57414
57409
57400
57396
57393
57387
57384
57380
57370
57366
57364
57355
57353
57349
57341
57337
57335
57330
57321
57317
57312
57307
57300
57295
57295
57289
57284
57278
57274
57265
57264
57260
57250
57249
57243
57236
57234
57226
57223
57215
57213
57207
57205
57197
57193
57185
57182
57177
57170
57168
57162
57155
57152
57147
57140
57135
57131
57126
57121
57119
57113
57106
57101
57100
57090
57089
57081
57078
57073
57065
57062
57056
57051
57049
57045
57035
57034
57028
57021
57017
57013
57008
57005
56999
56993
56989
56985
56979
56970
56968
56964
56958
56950
56950
56942
56935
56935
56929
56922
56916
56911
56908
56904
56899
56895
56890
56883
56879
56875
56870
56863
56856
56851
56849
56841
56835
56833
56829
56821
56816
56815
56807
56803
56799
56791
56785
56780
56780
56771
56768
56762
56758
56750
56745
56740
56739
56730
56726
56725
56716
56710
56707
56703
56695
56693
56688
56685
56675
56671
56668
56664
56657
56651
56646
56644
56639
56633
56626
56622
56620
56611
56607
56601
56599
56595
56590
56583
56576
56575
56568
56563
56558
56553
56547
56541
56537
56533
56530
56520
56520
56512
56510
56503
56498
56491
56490
56482
56480
56472
56465
56464
56457
56451
56445
56440
56437
56434
56427
56423
56419
56412
56410
56404
56397
56390
56388
56381
56377
56372
56367
56363
56356
56352
56350
56343
56339
56333
56330
56322
56316
56314
56310
56300
56298
56290
56286
56280
56279
56270
56267
56265
56255
56250
56247
56242
56237
56233
56227
56221
56219
56214
56205
56200
56198
56190
56186
56183
56179
56171
56168
56165
56157
56153
56147
56145
56140
56132
56125
56124
56116
56110
56110
56104
56099
56094
56090
56083
56077
56074
56070
56065
56059
56055
56047
56044
56038
56033
56026
56024
56017
56014
56005
56000
55998
55995
55988
55983
55975
55971
55965
55963
55960
55953
55946
55940
55937
55935
55927
55921
55918
55911
55906
55901
55897
55892
55887
55881
55880
55874
55868
55860
55860
55853
55849
55840
55840
55830
55827
55822
55815
55815
55808
55801
55797
55795
55788
55784
55777
55775
55769
55762
55759
55754
55747
55743
55735
55731
55728
55722
55715
55710
55707
55700
55697
55693
55685
55682
55675
55673
55666
55664
55657
55654
55646
55643
55638
55634
55626
55624
55620
55614
55610
55601
55597
55592
55590
55584
55575
55571
55565
55560
55558
55550
55547
55540
55540
55532
55525
55522
55519
55514
55507
55504
55495
55495
55487
55480
55478
55471
55469
55461
55456
55451
55447
55440
55439
55434
55427
55425
55417
55412
55406
55400
55400
55394
55389
55381
55380
55375
55369
55363
55356
55353
55349
55343
55337
55335
55327
55321
55320
55311
55307
55305
55296
55292
55287
55284
55279
55273
55269
55262
55260
55254
55250
55243
55238
55233
55227
55224
55217
55211
55207
55205
55198
55191
55187
55182
55177
55171
55168
55164
55155
55153
55150
55140
55138
55135
55127
55120
55116
55111
55107
55104
55097
55093
55090
55083
55076
55074
55067
55060
55059
55050
55048
55040
55036
55030
55029
55023
55020
55014
55007
55002
54996
54991
54990
54981
54976
54970
54968
54964
54958
54951
54950
54941
54936
54932
54927
54921
54915
54911
54908
54900
54897
54893
54890
54880
54879
54872
54870
54862
54855
54852
54850
54844
54840
54832
54827
54823
54817
54810
54810
54801
54799
54795
54786
54783
54776
54770
54765
54761
54757
54752
54748
54741
54740
54735
54726
54725
54715
54713
54710
54705
54696
54692
54689
54683
54677
54673
54665
54660
54660
54655
54646
54645
54640
54630
54626
54623
54619
54614
54605
54603
54598
54595
54588
54585
54580
54571
54570
54562
54556
54553
54546
54544
54538
54533
54525
54525
54517
54510
54506
54504
54497
54493
54490
54483
54477
54475
54465
54463
54459
54454
54449
54442
54435
54435
54429
54420
54420
54415
54410
54404
54399
54390
54385
54383
54376
54374
54367
54362
54357
54350
54349
54342
54340
54332
54325
54322
54317
54315
54308
54304
54296
54291
54288
54283
54276
54275
54266
54263
54259
54250
54245
54244
54240
54235
54225
54223
54216
54212
54209
54202
54197
54191
54188
54180
54176
54172
54168
54163
54160
54151
54146
54145
54138
54132
54126
54124
54120
54110
54108
54104
54097
54093
54088
54083
54079
54070
54067
54064
54059
54050
54046
54045
54040
54030
54026
54022
54015
54013
54007
54001
53998
53993
53989
53983
53977
53975
53968
53960
53956
53953
53947
53940
53939
53935
53929
53924
53917
53915
53907
53902
53899
53890
53889
53882
53875
53874
53870
53865
53859
53851
53848
53844
53838
53834
53825
53821
53820
53811
53807
53802
53800
53791
53785
53783
53776
53770
53766
53762
53760
53753
53748
53745
53736
53730
53728
53722
53718
53712
53706
53704
53695
53693
53690
53680
53680
53671
53668
53665
53657
53655
53645
53641
53637
53631
53630
53620
53617
53613
53607
53605
53600
53590
53588
53584
53577
53575
53567
53564
53556
53553
53550
53544
53535
53532
53527
53521
53517
53515
53510
53502
53497
53494
53490
53480
53475
53475
53470
53463
53457
53452
53445
53445
53438
53435
53426
53423
53416
53412
53407
53405
53396
53392
53386
53385
53375
53370
53366
53362
53360
53351
53347
53344
53338
53334
53328
53320
53320
53313
53305
53302
53297
53295
53288
53281
53275
53275
53269
53263
53255
53254
53249
53243
53235
53230
53227
53221
53215
53214
53210
53203
53196
53195
53190
53185
53178
53172
53169
53162
53157
53155
53150
53145
53135
53133
53126
53120
53117
53115
53109
53105
53100
53093
53085
53084
53077
53071
53068
53060
53057
53052
53049
53045
53038
53034
53028
53022
53018
53013
53010
53001
52996
52990
52990
52981
52978
52970
52970
52963
52956
52951
52946
52941
52936
52931
52926
52923
52915
52915
52910
52902
52898
52895
52887
52884
52877
52874
52865
52864
52855
52855
52845
52841
52835
52832
52830
52825
52818
52815
52809
52803
52799
52791
52789
52785
52780
52774
52766
52762
52756
52752
52749
52741
52737
52732
52730
52722
52718
52711
52705
52701
52696
52693
52686
52683
52676
52673
52665
52660
52660
52655
52646
52643
52637
52634
52629
52623
52616
52612
52609
52601
52598
52590
52586
52582
52580
52574
52565
52560
52560
52550
52550
52544
52539
52534
52528
52524
52517
52512
52509
52502
52496
52491
52486
52481
52475
52470
52469
52465
52460
52454
52450
52441
52439
52435
52426
52423
52418
52410
52405
52405
52396
52395
52388
52383
52380
52375
52369
52360
52358
52350
52346
52345
52340
52332
52328
52322
52317
52310
52309
52304
52297
52294
52287
52280
52279
52270
52268
52265
52259
52251
52249
52245
52239
52230
52230
52221
52218
52212
52205
52202
52199
52192
52185
52185
52177
52174
52170
52165
52158
52154
52145
52141
52136
52133
52126
52121
52117
52112
52106
52103
52096
52095
52085
52081
52078
52070
52065
52064
52055
52055
52047
52042
52038
52035
52029
52021
52018
52014
52009
52005
51998
51990
51989
51980
51978
51975
51968
51964
51958
51953
51946
51943
51938
51933
51928
51924
51920
51912
51908
51903
51895
51891
51886
51883
51875
51870
51868
51863
51858
51854
51850
51840
51839
51830
51828
51821
51818
51814
51805
51801
51796
51795
51786
51784
51778
51771
51770
51760
51758
51752
51748
51740
51736
51731
51726
51721
51716
51712
51705
51704
51699
51690
51685
51680
51680
51671
51666
51662
51656
51654
51647
51645
51636
51635
51626
51621
51618
51613
51607
51604
51595
51590
51587
51583
51577
51571
51569
51565
51556
51553
51549
51542
51538
51532
51526
51522
51516
51515
51506
51503
51495
51492
51489
51482
51476
51473
51467
51463
51455
51450
51448
51442
51440
51433
51430
51425
51418
51414
51407
51405
51399
51395
51387
51385
51375
51370
51366
51363
51360
51354
51349
51341
51335
51334
51328
51321
51316
51313
51306
51300
51300
51295
51290
51283
51275
51271
51270
51262
51257
51252
51248
51240
51239
51232
51225
51221
51215
51211
51210
51203
51195
51195
51188
51181
51175
51175
51170
51164
51160
51153
51148
51145
51138
51133
51126
51123
51116
51110
51107
51103
51095
51092
51090
51081
51077
51075
51070
51062
51060
51052
51050
51043
51036
51034
51029
51020
51019
51010
51008
51004
50998
50994
50990
50982
50980
50970
50967
50965
50957
50953
50946
50940
50938
50935
50928
50922
50918
50915
50907
50900
50898
50890
50886
50884
50877
50872
50867
50862
50857
50852
50849
50843
50838
50832
50827
50820
50815
50812
50810
50802
50800
50795
50785
50784
50779
50773
50765
50762
50757
50754
50749
50743
50739
50735
50728
50723
50719
50714
50706
50704
50697
50690
50686
50684
50676
50673
50670
50660
50658
50651
50645
50643
50635
50633
50628
50623
50618
50611
50608
50602
50599
50594
50586
50584
50576
50572
50565
50560
50555
50551
50549
50542
50538
50533
50530
50521
50520
50514
50505
50504
50495
50493
50488
50485
50480
50470
50466
50460
50457
50450
50446
50440
50437
50431
50426
50424
50416
50411
50410
50401
50398
50391
50389
50385
50376
50374
50366
50363
50360
50350
50347
50345
50336
50333
50328
50324
50315
50315
50307
50302
50300
50294
50290
50281
50275
50273
50268
50262
50255
50254
50247
50241
50236
50233
50228
50222
50215
50213
50206
50205
50200
50192
50190
50180
50176
50174
50168
50165
50157
50152
50149
50141
50136
50132
50129
50121
50119
50114
50106
50104
50098
50090
50085
50085
50077
50071
50068
50061
50055
50054
50045
50043
50036
50033
50028
50024
50016
50010
50008
50005
49996
49993
49986
49980
49978
49974
49970
49963
49959
49954
49945
49945
49935
49930
49925
49922
49920
49912
49907
49900
49895
49893
49886
49884
49880
49873
49870
49862
49858
49855
49847
49840
49835
49833
49825
49823
49815
49812
49809
49801
49800
49793
49788
49784
49776
49775
49770
49763
49756
49755
49745
49744
49739
49735
49729
49721
49717
49714
49710
49703
49700
49695
49689
49682
49676
49672
49668
49661
49657
49650
49646
49641
49635
49635
49625
49622
49619
49614
49606
49604
49600
49591
49587
49580
49580
49574
49567
49564
49558
49555
49545
49545
49537
49531
49527
49520
49520
49513
49509
49501
49499
49492
49485
49481
49475
49475
49465
49465
49456
49453
49447
49441
49440
49435
49428
49425
49416
49415
49410
49404
49399
49391
49385
49382
49375
49372
49370
49362
49357
49355
49349
49345
49339
49330
49326
49322
49319
49311
49309
49301
49298
49295
49285
49284
49279
49275
49265
49263
49260
49252
49247
49245
49235
49231
49228
49223
49217
49212
49206
49205
49200
49192
49190
49180
49178
49170
49167
49160
49157
49152
49149
49144
49139
49133
49130
49124
49116
49115
49106
49103
49099
49094
49089
49083
49078
49071
49067
49065
49057
49055
49046
49043
49035
49035
49026
49022
49018
49011
49010
49003
48995
48990
48990
48982
48978
48975
48969
48965
48959
48953
48948
48941
48939
48932
48929
48922
48915
48911
48907
48901
48898
48890
48887
48881
48877
48872
48869
48860
48860
48853
48846
48844
48835
48832
48829
48823
48819
48811
48808
48801
48799
48794
48787
48780
48776
48771
48769
48761
48758
48751
48747
48741
48740
48730
48730
48723
48717
48711
48706
48702
48699
48690
48685
48681
48676
48672
48670
48660
48655
48652
48647
48645
48635
48631
48626
48622
48615
48615
48606
48602
48595
48594
48587
48581
48580
48575
48568
48565
48558
48553
48550
48545
48539
48531
48528
48521
48519
48512
48508
48500
48500
48493
48488
48480
48479
48473
48469
48465
48457
48450
48448
48441
48436
48432
48426
48420
48416
48410
48409
48400
48399
48395
48390
48380
48379
48374
48369
48363
48355
48351
48346
48344
48337
48333
48328
48324
48316
48313
48310
48305
48298
48291
48289
48284
48279
48274
48266
48263
48257
48253
48249
48244
48239
48231
48228
48222
48220
48212
48206
48202
48198
48191
48189
48182
48179
48174
48166
48161
48157
48151
48146
48141
48136
48131
48129
48120
48120
48115
48105
48101
48099
48095
48087
48083
48078
48071
48065
48063
48055
48052
48046
48043
48039
48030
48025
48024
48019
48010
48008
48000
47996
47994
47985
47981
47980
47973
47968
47962
47957
47955
47947
47944
47935
47932
47926
47924
47915
47914
47910
47904
47897
47894
47887
47880
47876
47872
47868
47862
47859
47855
47845
47845
47835
47830
47827
47822
47818
47810
47810
47805
47799
47793
47790
47780
47776
47775
47767
47765
47756
47755
47749
47740
47740
47733
47730
47720
47716
47711
47708
47703
47699
47692
47685
47681
47676
47670
47667
47661
47655
47651
47647
47640
47635
47633
47630
47622
47617
47614
47605
47600
47596
47592
47589
47584
47578
47572
47570
47562
47560
47555
47545
47544
47537
47533
47527
47521
47516
47514
47508
47505
47499
47492
47487
47484
47475
47470
47466
47463
47459
47455
47447
47442
47438
47432
47430
47420
47418
47413
47407
47405
47397
47392
47389
47382
47378
47373
47368
47362
47360
47351
47349
47342
47337
47330
47329
47323
47318
47315
47308
47302
47297
47294
47290
47280
47278
47273
47265
47265
47260
47254
47245
47240
47235
47230
47229
47223
47218
47210
47210
47204
47200
47190
47189
47185
47178
47173
47165
47165
47155
47151
47146
47142
47140
47131
47128
47124
47119
47111
47106
47102
47100
47092
47088
47084
47078
47074
47070
47063
47055
47053
47047
47044
47038
47033
47029
47021
47017
47010
47005
47003
47000
46991
46985
46981
46976
46970
46970
46965
46960
46955
46947
46943
46940
46934
46925
46922
46917
46910
46907
46901
46899
46895
46889
46883
46879
46873
46870
46860
46859
46854
46847
46843
46836
46833
46827
46825
46820
46815
46806
46804
46798
46794
46787
46783
46778
46775
46767
46762
46757
46755
46747
46744
46738
46732
46728
46723
46716
46713
46707
46700
46698
46695
46685
46682
46676
46674
46670
46661
46659
46651
46645
46645
46637
46633
46630
46625
46616
46615
46606
46600
46599
46590
46585
46584
46576
46570
46569
46564
46556
46550
46545
46541
46540
46534
46528
46522
46519
46513
46508
46505
46496
46494
46487
46482
46476
46475
46465
46464
46456
46450
46448
46440
46438
46432
46429
46423
46420
46412
46410
46400
46396
46392
46386
46381
46378
46374
46365
46364
46358
46350
46347
46342
46338
46330
46325
46321
46318
46315
46305
46304
46299
46290
46287
46281
46276
46275
46269
46261
46255
46251
46246
46244
46240
46232
46226
46223
46215
46214
46206
46201
46197
46193
46189
46181
46176
46175
46165
46163
46159
46155
46148
46145
46136
46131
46130
46123
46120
46111
46106
46105
46096
46090
46089
46082
46079
46073
46068
46063
46059
46055
46048
46042
46037
46031
46027
46020
46017
46015
46008
46002
45999
45993
45985
45981
45979
45970
45969
45964
45960
45950
45948
45941
45938
45930
45928
45921
45920
45910
45907
45904
45899
45893
45886
45881
45876
45870
45866
45860
45859
45855
45849
45840
45835
45833
45825
45824
45819
45815
45809
45801
45798
45795
45788
45781
45775
45775
45765
45761
45756
45751
45748
45743
45739
45735
45729
45725
45716
45712
45709
45701
45697
45694
45685
45680
45676
45674
45669
45662
45655
45651
45648
45641
45637
45633
45630
45623
45615
45611
45609
45600
45595
45590
45588
45582
45577
45574
45568
45560
45560
45551
45549
45545
45539
45530
45528
45522
45517
45511
45506
45504
45497
45491
45485
45480
45476
45473
45468
45463
45457
45453
45446
45444
45440
45430
45428
45420
45415
45413
45407
45403
45397
45394
45389
45383
45379
45371
45370
45364
45360
45355
45349
45340
45340
45333
45330
45325
45316
45315
45307
45302
45296
45292
45287
45283
45275
45274
45266
45263
45255
45250
45250
45245
45237
45233
45227
45223
45219
45210
45208
45200
45196
45193
45185
45183
45176
45173
45166
45160
45160
45153
45148
45144
45140
45135
45127
45124
45117
45113
45109
45105
45097
45093
45086
45084
45077
45071
45065
45065
45059
45053
45050
45042
45036
45030
45028
45021
45018
45015
45006
45003
45000
44994
44985
44982
44975
44970
44966
44960
44959
44953
44947
44941
44936
44934
44929
44923
44920
44912
44906
44901
44899
44895
44890
44883
44876
44871
44868
44862
44860
44855
44846
44840
44839
44833
44830
44824
44817
44814
44809
44805
44799
44794
44788
44783
44780
44772
44765
44763
44759
44752
44746
44740
44739
44730
44728
44720
44718
44715
44710
44705
44700
44692
44688
44681
44678
44672
44667
44660
44660
44655
44645
44642
44638
44632
44628
44620
44618
44614
44610
44600
44598
44590
44590
44584
44576
44574
44566
44561
44556
44554
44550
44545
44536
44531
44530
44521
44515
44515
44509
44503
44500
44492
44490
44484
44479
44475
44467
44464
44455
44450
44448
44445
44437
44431
44428
44425
44418
44413
44407
44400
44396
44391
44385
44383
44375
44375
44365
44363
44357
44350
44347
44345
44335
44331
44330
44322
44318
44312
44309
44304
44299
44294
44285
44284
44275
44270
44268
44263
44255
44253
44249
44243
44237
44235
44229
44225
44218
44211
44208
44203
44197
44191
44185
44180
44180
44175
44165
44165
44158
44152
44150
44144
44135
44134
44126
44124
44116
44115
44105
44102
44100
44095
44087
44081
44077
44073
44066
44060
44055
44054
44050
44043
44036
44032
44028
44025
44018
44013
44010
44003
43999
43995
43988
43983
43975
43970
43969
43961
43955
43955
43949
43943
43935
43930
43929
43921
43917
43915
43905
43902
43899
43895
43889
43884
43880
43872
43866
43865
43859
43850
43847
43845
43835
43834
43826
43820
43819
43814
43806
43803
43797
43794
43789
43784
43778
43771
43769
43764
43756
43755
43750
43740
43739
43735
43728
43720
43716
43711
43708
43702
43699
43691
43686
43682
43678
43670
43670
43664
43657
43655
43650
43642
43638
43631
43625
43624
43618
43614
43606
43602
43597
43590
43586
43580
43575
43571
43570
43564
43557
43555
43548
43540
43536
43532
43525
43523
43520
43515
43508
43504
43498
43495
43487
43480
43480
43472
43468
43465
43460
43454
43450
43445
43435
43433
43427
43422
43420
43411
43409
43404
43400
43394
43389
43383
43376
43374
43366
43363
43359
43353
43347
43344
43335
43331
43330
43323
43315
43310
43308
43304
43296
43291
43285
43285
43280
43273
43269
43265
43259
43250
43250
43242
43237
43231
43225
43223
43215
43214
43206
43203
43195
43195
43188
43180
43177
43171
43169
43163
43155
43150
43146
43143
43135
43132
43128
43123
43118
43115
43107
43105
43098
43095
43086
43081
43079
43072
43070
43064
43058
43051
43045
43045
43036
43035
43027
43023
43019
43012
43006
43005
42999
42990
42985
42982
42978
42974
42970
42963
42956
42950
42945
42944
42935
42934
42925
42921
42915
42913
42907
42905
42896
42891
42890
42882
42875
42870
42869
42865
42857
42853
42848
42840
42838
42830
42825
42824
42816
42810
42805
42805
42797
42790
42788
42781
42779
42775
42770
42760
42756
42752
42747
42744
42735
42733
42729
42723
42716
42712
42705
42705
42697
42692
42690
42682
42675
42674
42665
42662
42659
42651
42646
42643
42638
42635
42626
42623
42618
42615
42610
42603
42596
42591
42585
42581
42579
42574
42569
42563
42555
42550
42549
42542
42540
42534
42528
42521
42516
42512
42509
42501
42498
42494
42485
42485
42476
42475
42470
42465
42457
42455
42447
42444
42435
42435
42430
42425
42417
42411
42406
42403
42398
42393
42388
42382
42376
42372
42366
42362
42359
42355
42346
42340
42338
42332
42326
42322
42320
42314
42308
42305
42300
42291
42285
42282
42279
42275
42268
42265
42258
42254
42246
42244
42240
42231
42229
42225
42216
42211
42210
42201
42195
42191
42186
42181
42180
42175
42169
42165
42160
42152
42147
42140
42137
42130
42129
42125
42120
42111
42108
42100
42099
42094
42085
42081
42078
42071
42066
42063
42057
42053
42050
42042
42039
42032
42027
42020
42015
42014
42007
42002
41999
41992
41989
41984
41975
41970
41965
41960
41959
41955
41945
41943
41939
41934
41930
41925
41916
41913
41906
41903
41899
41895
41889
41884
41879
41874
41865
41863
41856
41850
41849
41842
41835
41834
41826
41821
41815
41815
41806
41802
41800
41792
41788
41781
41777
41775
41768
41764
41760
41752
41745
41745
41735
41730
41726
41724
41720
41713
41705
41705
41698
41695
41688
41680
41679
41675
41666
41662
41660
41650
41650
41641
41636
41631
41625
41624
41616
41611
41606
41604
41599
41594
41586
41580
41580
41574
41570
41564
41556
41550
41547
41542
41540
41533
41529
41525
41516
41511
41506
41505
41495
41493
41487
41483
41479
41473
41468
41465
41458
41450
41447
41440
41440
41431
41428
41425
41420
41415
41405
41404
41400
41395
41388
41381
41377
41372
41368
41364
41356
41354
41348
41342
41335
41331
41326
41320
41315
41314
41310
41302
41297
41295
41289
41282
41276
41271
41269
41261
41256
41251
41248
41243
41240
41231
41228
41223
41218
41211
41209
41203
41195
41195
41188
41181
41180
41175
41168
41163
41159
41154
41147
41144
41136
41132
41126
41124
41117
41111
41108
41102
41098
41095
41088
41080
41077
41070
41067
41062
41055
41051
41050
41040
41039
41032
41030
41022
41019
41011
41009
41000
40998
40993
40986
40983
40977
40974
40968
40960
40955
40954
40945
40944
40940
40935
40930
40925
40917
40912
40910
40900
40898
40891
40887
40885
40876
40874
40866
40863
40857
40855
40845
40842
40836
40833
40830
40823
40817
40815
40807
40805
40800
40790
40788
40783
40778
40773
40768
40764
40760
40755
40745
40742
40738
40734
40727
40725
40715
40713
40706
40702
40695
40694
40689
40684
40678
40673
40668
40664
40660
40654
40650
40643
40639
40633
40628
40620
40619
40614
40606
40600
40595
40594
40588
40580
40577
40573
40570
40563
40559
40554
40550
40540
40537
40532
40526
40522
40520
40512
40506
40501
40499
40492
40486
40483
40478
40473
40468
40461
40457
40453
40449
40443
40435
40431
40426
40420
40417
40413
40409
40405
40396
40394
40386
40382
40375
40374
40368
40363
40360
40352
40348
40342
40335
40335
40329
40323
40317
40313
40305
40304
40296
40295
40285
40283
40276
40273
40269
40261
40256
40251
40250
40242
40238
40230
40226
40222
40219
40212
40205
40205
40200
40195
40187
40180
40175
40174
40170
40163
40157
40150
40146
40143
40135
40131
40128
40122
40120
40114
40108
40100
40100
40095
40089
40085
40080
40073
40065
40064
40058
40053
40045
40040
40037
40032
40029
40021
40015
40013
40008
40003
39995
39991
39985
39980
39977
39971
39967
39960
39960
39954
39947
39940
39939
39933
39929
39922
39920
39914
39905
39905
39895
39893
39889
39882
39879
39873
39867
39861
39855
39850
39849
39842
39839
39833
39830
39822
39819
39814
39806
39801
39797
39794
39787
39781
39778
39773
39770
39762
39760
39751
39745
39744
39740
39730
39725
39723
39717
39710
39709
39703
39699
39690
39685
39680
39678
39674
39667
39664
39659
39652
39647
39642
39640
39632
39626
39621
39620
39612
39605
39601
39597
39594
39589
39581
39577
39571
39567
39563
39559
39552
39547
39543
39538
39535
39528
39525
39517
39513
39507
39501
39495
39491
39487
39481
39477
39472
39466
39463
39459
39455
39450
39442
39438
39435
39427
39424
39418
39413
39405
39405
39398
39391
39387
39385
39380
39375
39369
39360
39358
39354
39348
39341
39337
39333
39325
39322
39316
39310
39306
39301
39297
39293
39289
39283
39277
39274
39267
39262
39259
39251
39245
39242
39240
39231
39230
39221
39218
39215
39207
39205
39198
39195
39187
39182
39175
39175
39165
39163
39158
39151
39148
39144
39137
39130
39127
39124
39117
39111
39106
39105
39099
39095
39090
39081
39077
39072
39069
39061
39055
39051
39045
39043
39036
39030
39030
39020
39018
39013
39007
39005
39000
38993
38987
38984
38978
38970
38966
38965
38956
38955
38947
38944
38939
38932
38929
38920
38920
38910
38909
38904
38896
38892
38889
38880
38880
38872
38866
38863
38856
38851
38849
38841
38836
38831
38826
38820
38817
38810
38809
38804
38796
38793
38789
38781
38778
38773
38769
38764
38755
38754
38748
38741
38736
38731
38726
38723
38718
38715
38707
38703
38699
38692
38685
38681
38680
38673
38668
38660
38659
38651
38649
38641
38637
38630
38628
38623
38615
38615
38610
38600
38596
38591
38590
38582
38579
38574
38565
38564
38559
38550
38545
38543
38535
38533
38525
38520
38516
38513
38508
38502
38496
38490
38489
38484
38479
38475
38468
38462
38456
38455
38445
38442
38440
38435
38429
38421
38420
38411
38408
38403
38400
38393
38389
38380
38378
38370
38365
38365
38359
38355
38349
38341
38339
38334
38329
38320
38316
38315
38306
38304
38295
38290
38286
38283
38278
38272
38266
38265
38255
38252
38250
38242
38239
38234
38228
38221
38219
38210
38210
38205
38200
38195
38190
38183
38180
38175
38166
38163
38160
38154
38146
38144
38135
38134
38126
38124
38117
38114
38106
38102
38100
38091
38090
38083
38077
38075
38070
38060
38056
38052
38046
38040
38039
38034
38028
38024
38016
38012
38007
38003
37996
37994
37990
37980
37977
37974
37970
37961
37957
37952
37945
37942
37937
37933
37927
37922
37915
37911
37905
37902
37895
37894
37889
37882
37880
37873
37870
37860
37855
37851
37849
37843
37840
37832
37829
37822
37820
37810
37805
37803
37800
37791
37787
37783
37779
37770
37766
37765
37757
37750
37747
37744
37736
37733
37726
37723
37716
37711
37708
37705
37696
37693
37685
37680
37675
37674
37667
37663
37655
37654
37650
37642
37635
37632
37628
37625
37617
37610
37609
37602
37598
37591
37590
37580
37576
37575
37568
37563
37555
37550
37549
37540
37536
37533
37526
37522
37518
37513
37510
37503
37496
37493
37490
37482
37480
37472
37467
37461
37458
37453
37446
37445
37438
37434
37428
37421
37415
37411
37405
37400
37400
37393
37388
37382
37375
37374
37368
37363
37358
37354
37350
37341
37335
37334
37328
37322
37317
37314
37309
37301
37300
37290
37285
37283
37276
37271
37268
37263
37259
37253
37248
37245
37240
37230
37225
37223
37219
37210
37210
37200
37196
37191
37189
37183
37176
37174
37167
37163
37159
37154
37150
37141
37138
37134
37130
37121
37119
37114
37110
37102
37098
37093
37090
37083
37080
37072
37070
37065
37055
37054
37047
37043
37040
37034
37027
37025
37016
37010
37008
37004
37000
36990
36989
36980
36977
36972
36970
36961
36955
36951
36948
36945
36935
36935
36927
36921
36916
36913
36910
36905
36897
36890
36890
36884
36876
36872
36870
36862
36860
36854
36845
36842
36840
36832
36827
36821
36817
36814
36808
36805
36800
36790
36785
36781
36780
36774
36765
36762
36756
36750
36745
36740
36735
36732
36730
36721
36715
36710
36709
36705
36696
36693
36688
36682
36679
36674
36668
36660
36660
36652
36646
36644
36636
36635
36626
36620
36615
36610
36607
36602
36599
36592
36590
36582
36578
36575
36569
36563
36556
36550
36548
36543
36539
36531
36529
36525
36520
36515
36507
36502
36499
36490
36486
36483
36476
36473
36470
36465
36455
36455
36445
36445
36438
36431
36426
36424
36416
36414
36408
36400
36398
36390
36387
36385
36376
36373
36366
36365
36355
36353
36345
36345
36340
36335
36328
36324
36318
36312
36309
36303
36296
36290
36287
36280
36279
36270
36266
36261
36260
36253
36249
36244
36237
36231
36230
36220
36218
36210
36210
36205
36195
36190
36188
36180
36179
36172
36167
36163
36160
36151
36147
36141
36136
36135
36130
36123
36115
36111
36107
36101
36098
36090
36089
36080
36075
36074
36065
36065
36058
36050
36048
36040
36035
36030
36030
36022
36019
36014
36005
36002
35999
35990
35986
35981
35978
35975
35967
35962
35960
35953
35949
35944
35938
35931
35928
35921
35916
35915
35909
35903
35895
35890
35887
35883
35878
35874
35868
35861
35860
35852
35848
35843
35835
35831
35825
35823
35816
35811
35806
35800
35800
35794
35789
35782
35779
35770
35768
35765
35756
35750
35745
35745
35737
35733
35727
35722
35717
35714
35706
35703
35699
35694
35689
35685
35678
35671
35670
35662
35658
35654
35645
35642
35635
35630
35630
35620
35620
35611
35610
35602
35600
35594
35585
35580
35580
35570
35569
35563
35560
35552
35548
35544
35536
35533
35527
35525
35515
35514
35505
35501
35500
35492
35490
35485
35476
35472
35465
35461
35459
35451
35449
35445
35439
35433
35426
35422
35416
35410
35405
35405
35397
35393
35389
35380
35377
35371
35367
35364
35360
35354
35347
35344
35337
35333
35326
35325
35316
35311
35306
35304
35300
35292
35289
35280
35275
35270
35266
35261
35258
35252
35249
35245
35240
35232
35225
35220
35218
35211
35206
35203
35197
35191
35188
35184
35179
35174
35169
35164
35155
35153
35146
35144
35140
35135
35127
35124
35115
35112
35109
35101
35097
35093
35085
35083
35079
35075
35067
35061
35060
35051
35050
35043
35035
35033
35028
35020
35020
35012
35010
35002
34998
34995
34990
34985
34980
34974
34967
34964
34960
34950
34949
34943
34938
34931
34929
34924
34919
34914
34907
34900
34896
34890
34889
34880
34875
34873
34870
34864
34856
34854
34847
34844
34839
34831
34830
34824
34817
34813
34808
34800
34797
34795
34787
34785
34776
34772
34770
34762
34760
34752
34748
34740
34736
34732
34726
34724
34717
34712
34706
34701
34698
34690
34689
34682
34676
34673
34670
34664
34656
34650
34648
34642
34637
34631
34630
34622
34619
34615
34608
34600
34598
34593
34585
34583
34580
34575
34567
34560
34560
34554
34547
34542
34535
34531
34529
34523
34517
34514
34506
34502
34496
34495
34486
34485
34479
34474
34467
34461
34456
34451
34450
34444
34437
34435
34427
34423
34415
34415
34407
34405
34396
34393
34390
34385
34378
34374
34366
34365
34358
34352
34345
34342
34339
34334
34327
34322
34320
34315
34308
34302
34297
34293
34287
34284
34276
34274
34269
34262
34260
34255
34245
34243
34238
34230
34227
34222
34218
34210
34207
34205
34197
34193
34185
34181
34175
34171
34165
34161
34158
34152
34148
34145
34140
34132
34129
34123
34119
34110
34110
34100
34097
34091
34088
34083
34080
34073
34065
34061
34060
34053
34048
34040
34039
34033
34030
34021
34020
34014
34008
34004
33995
33992
33987
33985
33978
33971
33965
33960
33958
33955
33948
33942
33936
33932
33925
33920
33916
33911
33908
33900
33896
33894
33888
33881
33875
33874
33867
33860
33860
33854
33846
33844
33839
33832
33829
33821
33817
33810
33806
33802
33795
33793
33786
33783
33779
33773
33768
33761
33760
33750
33749
33742
33739
33733
33728
33721
33717
33713
33710
33703
33695
33692
33686
33681
33679
33673
33665
33665
33660
33650
33648
33644
33637
33633
33627
33624
33615
33615
33607
33601
33598
33592
33589
33580
33578
33575
33566
33565
33555
33555
33547
33544
33540
33531
33525
33525
33520
33510
33508
33503
33500
33491
33486
33482
33480
33471
33466
33462
33460
33455
33446
33441
33437
33435
33428
33420
33415
33415
33406
33405
33395
33390
33385
33381
33379
33374
33370
33364
33355
33351
33347
33345
33337
33335
33327
33321
33319
33311
33305
33302
33300
33293
33287
33283
33275
33272
33268
33264
33255
33254
33246
33244
33237
33232
33226
33220
33220
33211
33208
33205
33199
33193
33189
33182
33180
33172
33167
33164
33158
33153
33145
33145
33138
33133
33130
33125
33115
33115
33106
33103
33095
33094
33085
33084
33076
33072
33069
33064
33057
33052
33050
33044
33035
33031
33027
33024
33020
33012
33007
33005
32996
32991
32989
32983
32975
32975
32968
32961
32960
32954
32946
32943
32938
32931
32926
32923
32917
32912
32905
32902
32898
32891
32886
32881
32877
32875
32869
32864
32859
32851
32846
32841
32836
32832
32825
32825
32820
32812
32808
32800
32798
32792
32787
32782
32777
32773
32766
32764
32760
32751
32746
32745
32740
32734
32726
32720
32719
32713
32710
32703
32698
32692
32689
32684
32678
32674
32665
32661
32659
32653
32649
32641
32640
32633
32627
32624
32619
32613
32605
32601
32597
32594
32586
32585
32580
32570
32569
32563
32555
32553
32546
32545
32539
32532
32528
32523
32517
32510
32506
32503
32495
32494
32490
32484
32479
32475
32468
32461
32460
32455
32448
32444
32437
32431
32426
32423
32419
32411
32405
32401
32398
32390
32389
32380
32379
32371
32370
32361
32358
32352
32350
32344
32340
32330
32325
32321
32318
32312
32310
32303
32296
32290
32287
32284
32275
32271
32270
32260
32257
32253
32245
32245
32238
32231
32230
32221
32218
32214
32210
32202
32197
32194
32189
32182
32178
32172
32165
32162
32160
32150
32148
32142
32140
32134
32126
32123
32115
32110
32106
32105
32095
32090
32087
32080
32078
32073
32067
32062
32060
32054
32047
32045
32039
32033
32028
32021
32018
32015
32007
32004
32000
31991
31985
31984
31975
31972
31968
31965
31956
31950
31948
31942
31939
31930
31927
31923
31920
31913
31910
31904
31900
31895
31890
31884
31877
31873
31867
31862
31855
31855
31846
31844
31837
31833
31826
31824
31815
31812
31809
31805
31795
31791
31790
31784
31777
31770
31766
31763
31756
31753
31745
31744
31737
31732
31729
31721
31718
31710
31708
31703
31695
31693
31687
31685
31677
31674
31668
31660
31656
31652
31645
31645
31639
31631
31625
31620
31615
31610
31610
31600
31599
31590
31586
31584
31576
31570
31566
31560
31556
31552
31545
31543
31537
31534
31530
31521
31517
31510
31510
31501
31500
31493
31489
31482
31476
31470
31468
31461
31460
31454
31449
31443
31438
31433
31425
31424
31415
31415
31408
31401
31399
31394
31386
31380
31380
31375
31366
31365
31355
31353
31350
31344
31338
31330
31326
31320
31315
31315
31310
31300
31296
31295
31288
31284
31276
31275
31268
31263
31259
31251
31249
31244
31237
31231
31227
31224
31215
31214
31205
31205
31200
31191
31190
31183
31177
31170
31167
31163
31160
31153
31145
31143
31139
31130
31126
31122
31120
31111
31106
31104
31096
31093
31087
31080
31078
31071
31070
31060
31060
31052
31045
31041
31037
31030
31027
31022
31019
31014
31005
31004
30998
30992
30985
30983
30979
30972
30965
30961
30958
30954
30945
30942
30938
30934
30929
30920
30915
30910
30905
30905
30897
30891
30885
30880
30877
30874
30866
30863
30860
30851
30846
30842
30835
30832
30827
30820
30815
30810
30809
30803
30799
30795
30786
30784
30775
30774
30767
30764
30755
30750
30750
30740
30738
30733
30729
30720
30719
30715
30706
30700
30695
30694
30687
30685
30677
30670
30665
30663
30657
30653
30646
30644
30636
30630
30625
30622
30615
30610
30605
30605
30600
30590
30588
30584
30576
30570
30566
30561
30559
30551
30546
30543
30536
30533
30528
30520
30519
30510
30505
30503
30495
30494
30490
30484
30479
30472
30467
30465
30460
30455
30450
30441
30436
30431
30427
30425
30416
30415
30409
30400
30398
30395
30387
30384
30379
30374
30368
30364
30358
30351
30346
30341
30335
30333
30329
30323
30317
30312
30309
30300
30297
30293
30286
30285
30277
30273
30266
30261
30258
30255
30248
30243
30240
30230
30228
30223
30218
30214
30207
30200
30197
30192
30190
30181
30178
30172
30166
30163
30156
30151
30145
30141
30137
30135
30128
30121
30117
30114
30105
30104
30097
30093
30090
30083
30078
30075
30067
30063
30056
30052
30049
30044
30036
30034
30025
30021
30020
30011
30009
30002
