79995
79995
79990
79985
79975
79973
79970
79963
79957
79952
79947
79944
79938
79935
79928
79923
79916
79912
79906
79903
79895
79895
79888
79883
79876
79874
79866
79863
79858
79850
79848
79842
79836
79833
79828
79822
79816
79811
79806
79800
79800
79795
79785
79780
79780
79774
79769
79761
79759
79751
79748
79743
79735
79734
79726
79720
79720
79711
79708
79701
79700
79693
79688
79684
79680
79672
79668
79665
79659
79655
79646
79644
79636
79630
79630
79622
79617
79610
79608
79600
79600
79595
79586
79584
79576
79574
79570
79563
79560
79551
79549
79541
79537
79530
79527
79521
79515
79512
79505
79505
79495
79493
79485
79482
79477
79473
79467
79465
79459
79452
79446
79444
79439
79433
79426
79420
79419
79412
79406
79404
79395
79394
79387
79380
79379
79374
79365
79364
79360
79351
79348
79344
79338
79331
79328
79320
79315
79313
79309
79300
79295
79295
79286
79281
79277
79273
79267
79265
79259
79253
79246
79243
79235
79230
79227
79223
79220
79213
79207
79204
79197
79190
79189
79184
79180
79173
79169
79164
79160
79151
79145
79140
79139
79134
79130
79122
79117
79110
79110
79104
79099
79094
79086
79081
79079
79071
79069
79064
79059
79054
79047
79043
79037
79035
79026
79025
79020
79010
79010
79000
78996
78992
78987
78983
78978
78970
78968
78961
78958
78952
78945
78941
78937
78930
78926
78921
78918
78914
78907
78905
78895
78890
78890
78882
78875
78871
78866
78864
78856
78853
78847
78840
78835
78834
78828
78824
78817
78810
78810
78803
78798
78792
78790
78785
78777
78770
78768
78760
78758
78751
78746
78744
78737
78731
78726
78722
78720
78714
78705
78702
78700
78693
78689
78680
78676
78675
78670
78664
78656
78654
78647
78640
78636
78635
78626
78624
78618
78611
78609
78602
78596
78593
78587
78580
78575
78573
78569
78562
78555
78552
78546
78543
78537
78534
78525
78525
78520
78513
78505
78504
78499
78494
78486
78480
78477
78470
78466
78462
78460
78454
78450
78442
78435
78435
78425
78425
78416
78411
78406
78403
78397
78392
78387
78385
78378
78370
78367
78360
78357
78355
78345
78344
78336
78331
78328
78322
78318
78312
78307
78300
78299
78292
78285
78282
78278
78275
78270
78264
78259
78254
78247
78245
78239
78235
78225
78220
78218
78213
78209
78205
78196
78191
78187
78181
78177
78171
78167
78162
78158
78150
78145
78144
78137
78133
78126
78121
78116
78115
78105
78105
78100
78094
78089
78085
78076
78074
78068
78060
78057
78051
78050
78045
78040
78031
78026
78023
78015
78010
78006
78004
77999
77992
77985
77980
77976
77972
77965
77960
77959
77955
77948
77940
77939
77931
77929
77920
77915
77912
77908
77905
77895
77895
77888
77884
77877
77872
77868
77865
77855
77854
77846
77845
77840
77833
77829
77824
77817
77810
77808
77802
77799
77792
77785
77781
77779
77774
77768
77765
77755
77750
77745
77741
77737
77730
77727
77723
77717
77714
77707
77701
77699
77693
77687
77682
77680
77674
77669
77665
77658
77652
77650
77643
77635
77631
77629
77624
77617
77612
77605
77604
77596
77593
77588
77584
77578
77570
77569
77560
77555
77554
77545
77542
77538
77532
77530
77522
77516
77514
77508
77503
77499
77494
77487
77482
77477
77474
77466
77461
77457
77453
77448
77440
77439
77430
77428
77420
77417
77413
77407
77404
77395
77395
77386
77384
77379
77375
77367
77361
77355
77351
77349
77342
77338
77332
77330
77325
77317
77310
77307
77302
77298
77293
77285
77280
77276
77270
77267
77263
77257
77255
77247
77244
77235
77230
77228
77221
77220
77215
77209
77202
77195
77191
77186
77182
77176
77171
77170
77162
77160
77155
77148
77142
77135
77133
77125
77122
77120
77112
77110
77100
77097
77093
77089
77085
77077
77070
77065
77060
77056
77052
77048
77040
77038
77032
77025
77022
77018
77013
77010
77000
76999
76991
76986
76983
76980
76970
76969
76963
76957
76951
76949
76945
76940
76932
76928
76920
76916
76913
76907
76905
76897
76891
76889
76882
76878
76871
76868
76861
76857
76851
76850
76843
76837
76830
76826
76824
76815
76812
76807
76804
76800
76793
76789
76781
76776
76770
76769
76762
76755
76751
76746
76741
76738
76730
76729
76721
76717
76714
76706
76704
76698
76693
76690
76683
76675
76672
76669
76661
76660
76652
76649
76644
76637
76631
76626
76623
76620
76614
76608
76605
76600
76594
76590
76581
76579
76572
76566
76564
76560
76550
76547
76543
76537
76530
76526
76520
76517
76515
76508
76505
76497
76494
76490
76485
76475
76472
76465
76462
76455
76450
76447
76444
76436
76434
76425
76425
76415
76415
76409
76405
76397
76392
76388
76384
76375
76370
76367
76360
76356
76351
76350
76340
76340
76334
76325
76325
76317
76310
76309
76301
76300
76292
76290
76281
76276
76274
76268
76264
76258
76250
76250
76243
76238
76234
76227
76225
76217
76214
76206
76204
76199
76191
76188
76181
76177
76173
76167
76165
76160
76150
76150
76141
76137
76133
76128
76120
76118
76110
76106
76105
76099
76090
76089
76083
76080
76073
76067
76064
76059
76053
76047
76043
76038
76032
76030
76021
76017
76012
76007
76000
76000
75993
75990
75984
75976
75973
75968
75964
75955
75952
75947
75942
75935
75933
75927
75922
75916
75913
75908
75904
75899
75891
75886
75885
75876
75871
75869
75864
75859
75852
75850
75845
75839
75835
75827
75820
75817
75810
75808
75804
75800
75791
75787
75782
75775
75775
75767
75761
75759
75750
75748
75740
75740
75732
75726
75722
75718
75712
75707
75700
75695
75693
75686
75682
75675
75674
75670
75660
75659
75655
75648
75643
75638
75632
75627
75622
75615
75611
75607
75603
75595
75595
75589
75584
75578
75571
75570
75561
75556
75554
75545
75541
75536
75531
75525
75520
75515
75514
75508
75504
75496
75491
75485
75485
75476
75475
75465
75460
75455
75450
75449
75444
75437
75433
75428
75421
75417
75410
75405
75402
75398
75395
75389
75383
75376
75375
75365
75364
75358
75355
75349
75344
75337
75330
75326
75325
75317
75311
75306
75305
75300
75290
75286
75283
75278
75271
75268
75261
75255
75253
75248
75240
75235
75230
75226
75224
75216
75212
75210
75202
75198
75190
75186
75180
75178
75172
75167
75160
75156
75155
75149
75145
75140
75135
75125
75120
75116
75112
75108
75103
75096
75094
75089
75083
75075
75071
75065
75065
75057
75053
75045
75044
75037
75032
75026
75023
75020
75013
75006
75000
74995
74991
74989
74983
74976
74972
74966
74960
74959
74951
74950
74945
74937
74931
74925
74922
74919
74914
74908
74903
74897
74892
74887
74885
74876
74873
74868
74864
74857
74854
74849
74841
74839
74833
74827
74822
74819
74815
74806
74803
74797
74792
74785
74783
74777
74774
74765
74763
74760
74751
74748
74742
74738
74730
74730
74725
74719
74710
74707
74704
74697
74691
74688
74680
74678
74675
74665
74664
74657
74654
74646
74643
74635
74631
74628
74624
74616
74614
74607
74605
74600
74594
74586
74584
74577
74575
74565
74560
74560
74555
74549
74543
74536
74535
74528
74523
74519
74511
74505
74505
74500
74494
74487
74485
74480
74472
74466
74462
74460
74454
74447
74442
74440
74431
74426
74422
74418
74411
74408
74401
74400
74394
74386
74385
74379
74375
74368
74363
74356
74355
74350
74341
74337
74332
74329
74321
74318
74310
74305
74303
74298
74290
74287
74285
74277
74270
74266
74262
74257
74254
74250
74241
74236
74232
74227
74221
74218
74215
74205
74200
74198
74192
74188
74180
74175
74174
74165
74163
74156
74154
74149
74143
74138
74134
74127
74121
74115
74112
74108
74101
74097
74091
74090
74085
74080
74070
74065
74062
74059
74052
74045
74043
74036
74033
74025
74020
74016
74013
74010
74005
73998
73995
73985
73985
73977
73971
73965
73963
73957
73953
73945
73941
73937
73931
73925
73921
73918
73915
73907
73901
73897
73890
73890
73884
73877
73871
73869
73863
73858
73854
73849
73840
73838
73832
73829
73824
73817
73810
73810
73801
73800
73795
73786
73780
73775
73773
73767
73762
73756
73754
73749
73740
73737
73734
73726
73721
73719
73715
73709
73702
73696
73693
73690
73683
73675
73674
73670
73664
73660
73652
73649
73644
73640
73634
73627
73620
73615
73614
73606
73600
73596
73590
73586
73580
73577
73573
73570
73560
73555
73551
73545
73540
73538
73534
73528
73523
73519
73510
73508
73502
73500
73491
73488
73484
73477
73471
73468
73465
73460
73452
73449
73440
73435
73431
73430
73421
73415
73410
73407
73402
73397
73390
73387
73381
73380
73373
73366
73365
73357
73355
73345
73342
73340
73335
73326
73321
73317
73310
73305
73303
73298
73293
73286
73282
73280
73271
73267
73260
73257
73252
73245
73244
73235
73230
73230
73223
73216
73213
73208
73201
73195
73194
73187
73180
73179
73171
73169
73164
73157
73150
73146
73145
73140
73131
73129
73125
73115
73115
73108
73104
73097
73092
73090
73083
73079
73075
73065
73061
73056
73054
73046
73044
73039
73031
73028
73024
73016
73014
73007
73003
72997
72992
72986
72984
72975
72975
72969
72961
72958
72952
72949
72942
72936
72933
72928
72924
72920
72913
72908
72904
72896
72894
72887
72880
72879
72872
72868
72861
72856
72854
72850
72840
72838
72833
72830
72820
72816
72813
72808
72801
72799
72795
72788
72785
72779
72772
72768
72762
72756
72750
72745
72741
72737
72732
72727
72724
72716
72710
72708
72701
72700
72691
72690
72682
72680
72672
72668
72664
72658
72654
72647
72644
72636
72634
72625
72625
72618
72610
72610
72602
72598
72592
72587
72583
72576
72572
72566
72563
72560
72550
72548
72541
72539
72535
72525
72525
72520
72515
72505
72505
72498
72490
72488
72480
72476
72471
72465
72464
72456
72454
72447
72445
72437
72431
72425
72420
72415
72415
72410
72401
72397
72392
72385
72380
72377
72371
72368
72363
72356
72354
72345
72341
72336
72330
72326
72323
72317
72314
72310
72304
72299
72291
72290
72281
72279
72275
72267
72261
72255
72251
72250
72245
72237
72230
72228
72220
72220
72210
72205
72201
72199
72193
72185
72183
72177
72173
72167
72161
72158
72153
72148
72142
72135
72135
72126
72122
72119
72110
72109
72103
72095
72094
72087
72081
72080
72074
72069
72062
72058
72051
72049
72041
72038
72030
72026
72025
72016
72015
72010
72001
71999
71991
71985
71983
71978
71970
71966
71963
71956
71951
71950
71941
71936
71930
71929
71922
71918
71910
71906
71904
71898
71892
71889
71884
71878
71871
71865
71864
71855
71854
71848
71841
71836
71830
71825
71824
71820
71810
71808
71803
71798
71793
71787
71781
71778
71774
71768
71763
71756
71755
71747
71740
71739
71733
71725
71723
71719
71712
71709
71700
71699
71693
71689
71682
71680
71673
71666
71661
71658
71655
71649
71645
71636
71632
71625
71624
71618
71614
71605
71604
71600
71590
71587
71583
71577
71575
71568
71562
71556
71555
71546
71545
71539
71532
71529
71523
71515
71514
71510
71501
71496
71493
71485
71484
71480
71472
71466
71460
71457
71455
71447
71444
71440
71433
71429
71425
71417
71412
71410
71405
71399
71393
71385
71385
71380
71374
71369
71363
71355
71354
71348
71344
71337
71333
71327
71325
71317
71310
71305
71305
71296
71292
71287
71282
71276
71275
71266
71261
71257
71254
71250
71243
71237
71234
71225
71221
71215
71213
71206
71203
71199
71191
71190
71180
71175
71175
71165
71162
71156
71153
71149
71143
71140
71132
71127
71120
71117
71114
71107
71104
71096
71093
71089
71081
71076
71072
71066
71065
71055
71050
71045
71045
71036
71035
71025
71020
71020
71011
71007
71002
70998
70993
70988
70983
70975
70975
70968
70960
70958
70951
70950
70944
70938
70934
70928
70923
70916
70911
70908
70905
70895
70893
70885
70881
70878
70870
70870
70864
70855
70851
70847
70840
70835
70832
70829
70825
70816
70811
70809
70803
70795
70795
70789
70785
70776
70775
70765
70762
70756
70755
70745
70740
70735
70733
70725
70723
70717
70714
70709
70704
70700
70693
70685
70684
70677
70671
70667
70662
70658
70655
70646
70640
70637
70633
70629
70625
70615
70612
70606
70603
70596
70595
70588
70584
70578
70571
70565
70561
70559
70553
70549
70544
70539
70532
70530
70520
70518
70511
70509
70502
70498
70492
70488
70481
70478
70470
70469
70460
70455
70454
70445
70444
70436
70433
70427
70422
70420
70414
70406
70401
70396
70390
70388
70380
70377
70374
70366
70364
70360
70352
70346
70341
70337
70334
70329
70324
70315
70315
70309
70302
70300
70293
70290
70283
70279
70274
70267
70265
70256
70255
70247
70240
70237
70230
70225
70221
70215
70215
70210
70202
70195
70192
70188
70182
70180
70173
70167
70162
70158
70154
70145
70140
70136
70135
70130
70123
70118
70115
70108
70105
70097
70093
70090
70083
70077
70070
70068
70061
70059
70054
70045
70044
70035
70035
70029
70023
70020
70010
70007
70002
69997
69995
69985
69984
69978
69975
69968
69964
69960
69954
69945
69945
69937
69935
69927
69924
69915
69912
69906
69904
69897
69892
69888
69882
69880
69874
69870
69864
69858
69853
69849
69842
69838
69833
69830
69824
69817
69813
69806
69802
69796
69791
69788
69784
69780
69770
69769
69765
69755
69752
69745
69741
69740
69732
69726
69720
69715
69711
69706
69703
69699
69691
69685
69682
69680
69670
69670
69665
69658
69652
69646
69644
69635
69634
69625
69621
69616
69611
69610
69605
69599
69590
69586
69582
69576
69575
69570
69565
69560
69550
69545
69542
69539
69531
69530
69525
69518
69515
69506
69504
69495
69494
69485
69481
69476
69472
69467
69463
69460
69450
69449
69440
69436
69431
69429
69422
69418
69413
69409
69402
69395
69390
69386
69385
69375
69372
69365
69362
69355
69350
69349
69343
69337
69330
69325
69323
69318
69314
69308
69302
69299
69291
69286
69281
69276
69272
69269
69261
69257
69251
69250
69241
69240
69234
69230
69225
69216
69211
69210
69202
69199
69195
69188
69182
69180
69172
69168
69164
69156
69154
69147
69142
69139
69133
69126
69120
69115
69114
69106
69104
69100
69090
69089
69081
69075
69070
69065
69062
69060
69053
69046
69043
69037
69031
69025
69022
69016
69014
69008
69000
68995
68995
68986
68983
68978
68974
68967
68963
68958
68954
68946
68940
68937
68932
68927
68923
68920
68911
68906
68900
68898
68891
68888
68884
68880
68871
68866
68860
68855
68852
68847
68840
68838
68833
68826
68824
68820
68812
68806
68804
68800
68795
68788
68785
68776
68771
68767
68761
68758
68750
68748
68743
68738
68735
68729
68720
68719
68712
68705
68701
68698
68694
68688
68683
68676
68672
68669
68665
68660
68653
68650
68642
68638
68634
68628
68625
68620
68615
68609
68603
68595
68594
68589
68580
68577
68570
68565
68561
68557
68554
68547
68545
68537
68534
68530
68524
68515
68511
68509
68504
68500
68492
68490
68484
68477
68474
68466
68461
68460
68453
68449
68440
68436
68430
68427
68420
68415
68413
68408
68400
68398
68393
68388
68385
68376
68374
68370
68365
68356
68355
68347
68345
68335
68331
68325
68321
68320
68310
68309
68301
68299
68291
68288
68283
68277
68270
68267
68264
68256
68252
68245
68244
68240
68234
68229
68223
68217
68214
68208
68202
68195
68195
68185
68185
68179
68173
68170
68160
68160
68154
68150
68140
68136
68135
68129
68121
68115
68111
68106
68100
68097
68095
68090
68085
68079
68071
68069
68060
68056
68054
68050
68041
68040
68034
68030
68025
68015
68010
68007
68003
68000
67993
67986
67982
67975
67972
67965
67963
67955
67955
67947
67942
67936
67933
67929
67922
67917
67911
67910
67903
67897
67894
67886
67884
67875
67873
67866
67862
67860
67851
67850
67845
67840
67833
67829
67820
67816
67814
67807
67803
67799
67792
67789
67783
67780
67773
67767
67764
67755
67755
67745
67744
67738
67731
67730
67720
67719
67714
67705
67704
67699
67693
67687
67683
67676
67673
67666
67662
67660
67652
67649
67642
67636
67631
67629
67620
67619
67613
67608
67603
67595
67591
67585
67585
67580
67575
67565
67565
67555
67555
67547
67544
67537
67532
67528
67523
67518
67512
67508
67505
67500
67493
67487
67483
67475
67472
67467
67464
67460
67455
67447
67444
67440
67431
67425
67423
67417
67413
67405
67405
67395
67393
67389
67385
67375
67370
67367
67361
67357
67351
67345
67342
67338
67333
67327
67321
67317
67314
67305
67302
67300
67292
67285
67281
67280
67271
67269
67263
67259
67255
67248
67243
67235
67235
67227
67222
67220
67212
67207
67203
67199
67193
67187
67180
67180
67174
67165
67163
67158
67150
67147
67143
67138
67130
67129
67125
67115
67111
67106
67100
67098
67090
67090
67083
67078
67075
67070
67063
67055
67054
67045
67041
67036
67030
67028
67024
67016
67013
67006
67001
66996
66993
66987
66980
66980
66974
66965
66960
66959
66952
66950
66944
66935
66931
66926
66920
66917
66915
66906
66903
66900
66894
66885
66883
66877
66873
66866
66864
66858
66850
66849
66841
66835
66833
66826
66824
66818
66813
66806
66802
66799
66794
66787
66781
66778
66770
66767
66765
66758
66754
66750
66745
66740
66735
66725
66725
66716
66711
66707
66702
66700
66695
66688
66681
66677
66673
66667
66662
66658
66655
66650
66643
66636
66634
66630
66622
66617
66615
66605
66603
66596
66592
66586
66585
66575
66570
66565
66562
66560
66553
66549
66544
66539
66533
66528
66522
66520
66515
66509
66500
66496
66494
66490
66483
66478
66471
66470
66460
66456
66450
66445
66442
66440
66430
66429
66424
66419
66414
66407
66401
66396
66390
66390
66383
66376
66372
66370
66361
66356
66354
66345
66342
66335
66332
66330
66324
66318
66314
66305
66305
66299
66290
66288
66283
66275
66270
66270
66264
66258
66255
66249
66245
66239
66231
66230
66225
66218
66212
66205
66201
66196
66193
66187
66182
66177
66175
66168
66165
66157
66154
66149
66140
66137
66135
66126
66120
66115
66115
66109
66105
66095
66094
66085
66081
66078
66075
66070
66064
66055
66054
66045
66041
66040
66032
66028
66021
66017
66011
66006
66000
65996
65993
65985
65981
65978
65972
65968
65962
65958
65952
65948
65942
65938
65933
65930
65922
65918
65913
65910
65900
65895
65892
65890
65881
65877
65872
65866
65864
65857
65850
65849
65844
65835
65831
65829
65825
65820
65810
65806
65803
65800
65794
65787
65785
65778
65771
65767
65761
65757
65754
65745
65741
65736
65734
65730
65723
65719
65714
65710
65703
65697
65691
65690
65681
65678
65670
65666
65662
65659
65655
65648
65644
65638
65634
65627
65624
65616
65611
65605
65603
65599
65590
65589
65585
65579
65571
65567
65562
65555
65551
65545
65544
65540
65532
65525
65523
65518
65515
65509
65504
65499
65493
65488
65480
65477
65473
65469
65465
65460
65451
65448
65442
65439
65435
65427
65421
65417
65415
65407
65401
65400
65391
65390
65385
65377
65372
65370
65362
65358
65351
65349
65344
65340
65330
65329
65324
65320
65315
65306
65303
65295
65292
65287
65282
65276
65272
65267
65262
65260
65255
65249
65243
65235
65234
65230
65220
65220
65214
65207
65204
65196
65194
65190
65185
65176
65173
65170
65165
65160
65150
65149
65141
65138
65131
65126
65125
65120
65111
65106
65101
65095
65095
65090
65085
65077
65070
65069
65060
65056
65055
65046
65041
65035
65032
65028
65025
65016
65015
65009
65005
64996
64993
64987
64984
64980
64974
64968
64961
64960
64955
64947
64945
64936
64933
64928
64920
64920
64910
64908
64901
64898
64893
64885
64880
64875
64871
64866
64862
64855
64850
64846
64845
64838
64831
64828
64824
64815
64815
64807
64804
64799
64791
64787
64784
64777
64772
64769
64764
64756
64750
64748
64741
64738
64733
64726
64725
64719
64715
64707
64703
64696
64694
64689
64680
64679
64671
64666
64663
64655
64655
64645
64643
64636
64632
64625
64624
64619
64612
64610
64601
64595
64595
64587
64581
64575
64572
64566
64565
64558
64552
64545
64542
64537
64530
64528
64520
64516
64510
64508
64505
64495
64491
64488
64485
64480
64472
64465
64462
64458
64451
64447
64443
64438
64430
64430
64420
64417
64415
64408
64405
64400
64392
64390
64381
64379
64374
64367
64362
64355
64352
64350
64344
64335
64332
64325
64325
64319
64311
64306
64305
64298
64292
64285
64284
64277
64275
64266
64263
64260
64253
64247
64242
64240
64233
64226
64220
64219
64214
64207
64201
64197
64195
64190
64180
64178
64171
64168
64161
64155
64153
64146
64145
64135
64133
64127
64121
64118
64111
64105
64100
64099
64095
64089
64082
64076
64075
64070
64063
64060
64052
64049
64040
64038
64030
64026
64020
64017
64014
64006
64004
63996
63991
63990
63980
63979
63971
63966
63963
63956
63955
63949
63944
63937
63931
63925
63921
63917
63911
63905
63903
63899
63891
63889
63880
63880
63870
63870
63861
63855
63852
63846
63840
63840
63834
63830
63820
63816
63811
63805
63804
63799
63790
63789
63782
63779
63770
63765
63762
63758
63750
63748
63745
63737
63733
63730
63724
63718
63710
63708
63703
63695
63692
63688
63683
63675
63672
63666
63661
63655
63654
63649
63642
63638
63632
63629
63621
63620
63613
63607
63602
63595
63593
63586
63584
63577
63570
63569
63560
63560
63554
63547
63545
63539
63531
63525
63524
63517
63513
63507
63501
63500
63493
63487
63485
63479
63474
63468
63460
63455
63455
63450
63440
63438
63430
63429
63422
63420
63412
63406
63401
63399
63394
63390
63381
63376
63374
63367
63361
63355
63355
63347
63345
63338
63335
63326
63325
63319
63310
63309
63303
63299
63294
63290
63283
63278
63270
63268
63261
63256
63252
63245
63244
63238
63234
63225
63220
63219
63210
63207
63203
63195
63194
63188
63181
63175
63174
63166
63162
63157
63151
63147
63145
63136
63134
63127
63125
63116
63115
63105
63104
63098
63090
63085
63081
63076
63075
63069
63060
63059
63054
63049
63042
63038
63035
63026
63025
63017
63012
63007
63005
62998
62993
62987
62984
62976
62971
62965
62960
62958
62950
62949
62943
62939
62935
62929
62923
62915
62910
62908
62901
62899
62893
62885
62881
62879
62871
62867
62863
62855
62855
62847
62845
62840
62832
62826
62822
62818
62815
62810
62803
62796
62794
62789
62785
62779
62772
62770
62764
62759
62751
62747
62742
62737
62730
62725
62724
62716
62715
62709
62702
62696
62690
62687
62680
62679
62674
62670
62662
62660
62651
62647
62641
62635
62633
62626
62625
62617
62614
62608
62600
62598
62590
62587
62584
62579
62575
62565
62563
62560
62555
62550
62540
62538
62532
62527
62520
62515
62515
62509
62502
62496
62490
62490
62480
62475
62470
62470
62463
62460
62453
62448
62443
62438
62435
62427
62420
62419
62412
62408
62405
62398
62392
62387
62384
62378
62375
62365
62365
62359
62351
62348
62343
62336
62335
62326
62323
62318
62310
62309
62303
62296
62293
62289
62282
62279
62272
62266
62262
62260
62250
62248
62242
62239
62232
62227
62220
62218
62213
62207
62202
62199
62193
62186
62184
62176
62171
62169
62164
62158
62150
62150
62141
62139
62132
62125
62123
62117
62112
62106
62102
62097
62092
62089
62082
62080
62074
62066
62060
62060
62053
62047
62045
62040
62033
62027
62022
62015
62013
62007
62002
61997
61993
61985
61981
61978
61971
61965
61963
61956
61953
61950
61944
61938
61932
61925
61924
61915
61913
61909
61901
61898
61892
61887
61880
61880
61875
61869
61862
61859
61852
61848
61845
61840
61833
61826
61824
61815
61811
61808
61800
61800
61790
61786
61781
61779
61771
61767
61764
61757
61753
61745
61745
61736
61730
61730
61724
61720
61713
61706
61705
61698
61691
61690
61685
61676
61670
61667
61662
61660
61651
61645
61645
61639
61632
61630
61622
61616
61612
61605
61602
61598
61595
61590
61585
61580
61575
61569
61560
61557
61552
61550
61544
61535
61531
61527
61523
61516
61515
61510
61502
61500
61495
61490
61485
61478
61474
61468
61461
61455
61454
61445
61442
61439
61434
61425
61420
61420
61414
61405
61400
61396
61393
61390
61385
61379
61374
61368
61360
61355
61351
61346
61340
61336
61331
61328
61323
61317
61314
61305
61300
61295
61294
61286
61285
61276
61271
61270
61263
61257
61255
61246
61240
61239
61235
61225
61220
61217
61215
61208
61200
61195
61192
61187
61183
61178
61175
61170
61163
61158
61150
61150
61140
61136
61130
61125
61121
61118
61111
61110
61100
61097
61095
61087
61080
61079
61073
61066
61061
61059
61051
61049
61040
61036
61035
61026
61024
61020
61012
61009
61003
60996
60991
60990
60985
60979
60973
60965
60965
60956
60953
60950
60944
60938
60932
60927
60921
60917
60913
60909
60904
60898
60894
60888
60885
60875
60870
60870
60863
60855
60852
60846
60842
60837
60835
60829
60822
60817
60810
60809
60803
60797
60793
60788
60781
60778
60770
60769
60762
60757
60753
60745
60740
60735
60731
60725
60720
60716
60712
60708
60701
60695
60693
60688
60682
60680
60672
60669
60661
60660
60652
60650
60645
60636
60635
60628
60624
60620
60611
60606
60602
60597
60591
60589
60580
60576
60573
60570
60564
60556
60550
60546
60545
60536
60532
60528
60525
60518
60511
60509
60500
60495
60495
60487
60481
60480
60471
60470
60461
60456
60454
60447
60440
60439
60433
60429
60423
60418
60414
60407
60402
60396
60393
60388
60382
60379
60373
60369
60363
60355
60351
60350
60342
60340
60335
60330
60324
60316
60313
60305
60304
60298
60291
60286
60283
60280
60275
60268
60265
60260
60253
60246
60240
60240
60230
60226
60222
60215
60214
60210
60203
60196
60193
60186
60184
60177
60171
60169
60162
60159
60155
60149
60142
60139
60134
60128
60123
60120
60115
60110
60100
60097
60094
60086
60082
60075
60073
60066
60062
60059
60053
60048
60045
60039
60031
60028
60024
60020
60010
60010
60004
59998
59992
59988
59982
59976
59970
59966
59962
59958
59954
59949
59943
59937
59935
59930
59921
59919
59915
59906
59905
59899
59892
59888
59881
59876
59871
59869
59862
59856
59853
59848
59845
59838
59835
59827
59820
59817
59815
59808
59802
59798
59794
59788
59784
59776
59772
59770
59762
59758
59755
59745
59742
59735
59731
59726
59722
59718
59712
59707
59704
59696
59690
59688
59684
59675
59674
59666
59661
59656
59650
59647
59640
59640
59630
59625
59624
59619
59612
59609
59603
59595
59590
59585
59583
59578
59574
59569
59562
59560
59551
59548
59545
59536
59533
59527
59523
59520
59514
59507
59503
59496
59494
59490
59483
59476
59471
59468
59465
59457
59454
59447
59444
59436
59433
59429
59424
59418
59413
59409
59401
59398
59395
59385
59380
59377
59370
59367
59360
59359
59351
59350
59340
59336
59335
59326
59324
59318
59315
59306
59302
59295
59293
59288
59283
59278
59273
59266
59262
59258
59252
59250
59243
59240
59230
59230
59221
59216
59215
59210
59200
59198
59191
59186
59182
59179
59174
59168
59163
59159
59153
59149
59141
59139
59131
59125
59121
59117
59112
59110
59101
59097
59094
59089
59085
59076
59072
59066
59062
59055
59055
59047
59042
59037
59031
59025
59021
59020
59011
59008
59003
59000
58995
58988
58983
58976
58970
58966
58961
58959
58950
58950
58944
58938
58932
58926
58924
58920
58910
58908
58903
58899
58894
58888
58882
58876
58873
58865
58865
58858
58854
58846
58845
58839
58834
58829
58825
58819
58815
58807
58805
58795
58794
58785
58781
58778
58772
58770
58765
58759
58752
58747
58745
58739
58731
58729
58725
58716
58712
58709
58703
58700
58693
58688
58681
58678
58672
58668
58660
58656
58654
58649
58644
58640
58634
58625
58622
58619
58613
58610
58602
58598
58592
58587
58584
58576
58575
58570
58561
58557
58551
58545
58543
58537
58533
58527
58522
58519
58513
58508
58503
58500
58494
58488
58483
58476
58471
58470
58463
58460
58450
58445
58442
58440
58435
58426
58423
58416
58415
58408
58405
58398
58393
58385
58381
58375
58373
58365
58364
58355
58351
58345
58342
58339
58330
58325
58321
58319
58311
58306
58303
58295
58295
58285
58280
58276
58275
58267
58260
58260
58252
58250
58242
58240
58235
58227
58225
58216
58214
58208
58202
58195
58191
58185
58180
58177
58173
58166
58162
58160
58154
58146
58141
58139
58134
58130
58125
58117
58115
58109
58101
58100
58094
58087
58085
58079
58072
58066
58063
58060
58054
58047
58041
58038
58032
58027
58024
58019
58010
58009
58004
57997
57991
57987
57982
57975
57974
57969
57963
57955
57951
57946
57945
57939
57931
57925
57924
57918
57912
57910
57905
57895
57893
57886
57882
57878
57871
57865
57860
57858
57853
57849
57845
57840
57830
57828
57825
57817
57811
57805
57803
57796
57790
57785
57782
57778
57771
57768
57762
57758
57750
57750
57743
57736
57731
57729
57720
57720
57710
57707
57703
57695
57695
57686
57680
57675
57672
57665
57662
57657
57652
57647
57640
57636
57632
57630
57621
57616
57612
57608
57605
57599
57595
57586
57582
57578
57570
57569
57565
57557
57551
57550
57540
57535
57532
57525
57522
57519
57515
57506
57503
57499
57490
57487
57483
57476
57474
57468
57461
57460
57453
57449
57444
57437
57430
57426
57422
57419
57414
57405
57401
57396
57394
57386
57381
57380
57375
57365
57362
57359
57353
57348
57340
57339
57335
57328
57321
57316
57310
57305
57304
57297
57292
57287
57281
57277
57273
57268
57263
57255
57254
57249
57240
57237
57234
57229
57221
57215
57212
57208
57202
57197
57193
57187
57181
57175
57174
57169
57161
57157
57155
57147
57142
57140
57131
57126
57124
57116
57112
57106
57102
57100
57093
57089
57081
57079
57075
57068
57061
57060
57050
57049
57044
57036
57030
57026
57022
57016
57013
57006
57001
57000
56995
56986
56984
56975
56971
56966
56963
56960
56951
56949
56945
56937
56934
56927
56920
56915
56911
56905
56901
56899
56891
56889
56884
56876
56873
56868
56864
56859
56854
56847
56841
56839
56832
56829
56825
56819
56812
56806
56805
56800
56795
56789
56784
56776
56771
56765
56764
56756
56753
56745
56744
56735
56734
56728
56720
56716
56714
56706
56700
56695
56692
56687
56684
56680
56671
56665
56661
56658
56651
56645
56642
56635
56632
56625
56624
56620
56612
56610
56602
56595
56595
56590
56584
56580
56573
56569
56560
56558
56550
56546
56541
56537
56530
56525
56522
56517
56511
56508
56503
56499
56494
56490
56483
56480
56470
56470
56460
56456
56451
56446
56442
56436
56432
56426
56423
56418
56411
56406
56405
56400
56395
56390
56383
56379
56371
56366
56364
56355
56351
56348
56345
56340
56330
56327
56325
56316
56314
56309
56302
56299
56294
56289
56283
56276
56270
56266
56260
56260
56251
56248
56242
56236
56230
56225
56221
56217
56214
56210
56203
56200
56192
56185
56180
56177
56171
56170
56160
56158
56150
56149
56140
56138
56130
56128
56125
56118
56111
56110
56103
56096
56093
56088
56083
56079
56074
56068
56063
56057
56053
56049
56043
56039
56032
56026
56024
56019
56010
56009
56003
55997
55994
55985
55982
55980
55972
55967
55963
55960
55953
55947
55942
55940
55930
55926
55924
55916
55912
55907
55902
55895
55893
55886
55885
55878
55875
55865
55862
55859
55855
55849
55843
55840
55834
55825
55821
55816
55812
55807
55802
55795
55792
55786
55782
55776
55770
55768
55761
55759
55751
55748
55741
55740
55732
55730
55725
55715
55711
55708
55702
55700
55691
55687
55683
55678
55673
55668
55664
55657
55655
55645
55644
55639
55630
55626
55623
55617
55611
55608
55602
55600
55591
55589
55582
55575
55571
55565
55565
55556
55555
55545
55543
55536
55535
55529
55522
55519
55515
55510
55504
55500
55494
55488
55480
55475
55471
55465
55465
55456
55452
55445
55443
55440
55431
55425
55424
55418
55410
55410
55405
55396
55391
55386
55380
55380
55374
55370
55360
55359
55352
55348
55343
55337
55334
55329
55324
55315
55311
55307
55302
55298
55294
55285
55285
55280
55272
55268
55264
55259
55251
55250
55243
55238
55230
55228
55221
55216
55215
55208
55205
55196
55191
55186
55184
55179
55172
55165
55162
55155
55152
55149
55141
55136
55133
55127
55125
55119
55112
55109
55100
55095
55095
55086
55082
55077
55073
55069
55064
55060
55051
55047
55044
55036
55034
55026
55024
55015
55014
55009
55002
54999
54993
54990
54984
54975
54973
54967
54961
54955
54953
54947
54940
54937
54931
54928
54924
54916
54913
54909
54902
54898
54892
54885
54884
54879
54875
54866
54863
54855
54852
54846
54843
54835
54830
54827
54822
54815
54815
54810
54802
54799
54790
54790
54781
54776
54772
54768
54763
54760
54752
54749
54745
54735
54732
54727
54724
54720
54715
54710
54700
54696
54695
54689
54683
54676
54674
54670
54661
54660
54655
54647
54645
54637
54633
54627
54624
54616
54613
54610
54604
54596
54590
54589
54582
54577
54570
54568
54560
54555
54552
54550
54540
54540
54530
54530
54522
54518
54510
54510
54502
54498
54495
54488
54484
54478
54475
54466
54460
54456
54451
54449
54442
54435
54432
54426
54421
54420
54415
54409
54404
54400
54393
54389
54383
54376
54371
54365
54364
54355
54351
54347
54342
54340
54331
54327
54320
54320
54314
54309
54303
54297
54293
54286
54283
54280
54275
54265
54262
54256
54254
54249
54245
54238
54234
54229
54220
54216
54210
54207
54201
54196
54194
54187
54181
54176
54171
54168
54160
54156
54155
54147
54140
54137
54135
54128
54121
54119
54114
54107
54104
54095
54090
54090
54085
54078
54075
54066
54061
54059
54055
54047
54042
54037
54032
54030
54023
54019
54011
54009
54003
53997
53994
53989
53981
53979
53974
53966
53965
53960
53952
53948
53943
53936
53931
53928
53924
53917
53915
53906
53905
53899
53891
53886
53880
53879
53870
53867
53861
53857
53850
53850
53840
53838
53835
53826
53820
53815
53811
53806
53803
53795
53791
53789
53783
53776
53775
53767
53764
53759
53751
53749
53743
53739
53734
53728
53723
53718
53715
53708
53703
53697
53690
53688
53684
53675
53672
53669
53665
53659
53650
53649
53644
53636
53634
53628
53620
53615
53614
53610
53605
53600
53592
53588
53582
53577
53571
53567
53564
53560
53552
53548
53545
53539
53532
53525
53521
53517
53514
53510
53505
53498
53491
53487
53480
53476
53470
53467
53460
53458
53451
53448
53442
53435
53435
53429
53423
53417
53412
53408
53401
53399
53391
53386
53380
53375
53370
53370
53361
53359
53352
53350
53344
53338
53330
53330
53324
53319
53311
53309
53305
53297
53294
53289
53285
53277
53272
53266
53264
53260
53254
53247
53241
53237
53231
53225
53223
53216
53215
53210
53205
53196
53191
53186
53185
53178
53175
53166
53163
53158
53152
53145
53145
53137
53132
53125
53120
53118
53110
53110
53103
53100
53093
53090
53082
53075
53075
53067
53064
53060
53052
53045
53042
53039
53034
53028
53021
53019
53014
53008
53000
53000
52992
52987
52985
52980
52971
52966
52961
52958
52951
52948
52940
52938
52931
52926
52925
52915
52911
52910
52904
52897
52893
52887
52880
52875
52870
52865
52862
52859
52851
52850
52842
52837
52831
52827
52822
52817
52811
52809
52805
52797
52794
52788
52782
52778
52774
52768
52763
52759
52755
52747
52745
52735
52735
52730
52722
52716
52710
52709
52700
52699
52690
52689
52683
52676
52674
52669
52663
52658
52655
52649
52640
52639
52631
52626
52620
52619
52610
52607
52602
52600
52595
52588
52583
52578
52571
52566
52563
52555
52552
52546
52540
52535
52531
52526
52524
52520
52510
52509
52501
52499
52494
52485
52482
52478
52471
52468
52464
52456
52453
52448
52443
52439
52433
52428
52423
52419
52411
52406
52404
52398
52394
52386
52383
52377
52375
52366
52364
52356
52350
52349
52345
52340
52330
52326
52325
52319
52314
52307
52304
52299
52293
52287
52285
52275
52272
52265
52262
52259
52253
52246
52245
52239
52231
52226
52221
52220
52214
52207
52203
52200
52194
52188
52183
52176
52173
52168
52161
52157
52155
52150
52141
52136
52133
52128
52122
52119
52110
52110
52104
52098
52090
52088
52080
52075
52071
52067
52064
52060
52051
52047
52045
52036
52030
52028
52020
52017
52011
52005
52004
51999
51991
51986
51983
51976
51975
51968
51961
51956
51952
51950
51942
51940
51934
51925
51925
51915
51915
51905
51905
51900
51895
51886
51885
51879
51870
51870
51861
51857
51851
51848
51845
51840
51831
51829
51821
51820
51810
51809
51802
51795
51792
51790
51780
51779
51772
51770
51764
51760
51751
51745
51741
51735
51732
51726
51725
51719
51710
51710
51704
51698
51693
51689
51681
51680
51671
51667
51663
51658
51653
51649
51642
51638
51635
51625
51624
51617
51611
51608
51603
51595
51592
51586
51583
51576
51572
51569
51565
51560
51555
51549
51543
51536
51534
51525
51525
51518
51512
51510
51504
51496
51490
51487
51483
51480
51470
51466
51460
51455
51455
51446
51444
51435
51432
51428
51420
51419
51410
51410
51401
51400
51393
51385
51380
51378
51370
51367
51365
51356
51351
51348
51342
51340
51330
51329
51320
51318
51311
51306
51302
51295
51293
51288
51280
51278
51274
51268
51260
51255
51253
51247
51244
51236
51232
51229
51224
51220
51210
51205
51204
51197
51195
51186
51181
51180
51170
51168
51164
51159
51155
51146
51143
51140
51133
51130
51123
51115
51114
51110
51103
51099
51092
51085
51084
51078
51072
51069
51063
51059
51051
51046
51043
51035
51034
51026
51025
51016
51012
51006
51005
50998
50992
50985
50981
50975
50973
50970
50961
50955
50954
50945
50945
50936
50930
50930
50922
50916
50911
50908
50902
50900
50895
50890
50882
50878
50872
50869
50864
50860
50854
50846
50842
50839
50831
50830
50823
50819
50813
50807
50805
50800
50791
50788
50783
50778
50770
50767
50763
50756
50752
50748
50742
50737
50734
50729
50723
50717
50712
50710
50702
50697
50693
50687
50682
50676
50670
50670
50662
50656
50650
50650
50645
50637
50634
50627
50622
50615
50613
50608
50601
50598
50591
50586
50581
50577
50574
50569
50563
50559
50551
50546
50545
50540
50535
50528
50523
50519
50515
50505
50505
50498
50490
50488
50481
50476
50474
50468
50462
50457
50455
50446
50444
50440
50434
50429
50421
50419
50413
50405
50404
50400
50391
50385
50382
50376
50372
50367
50362
50356
50353
50349
50342
50340
50335
50330
50323
50318
50311
50305
50303
50297
50295
50290
50280
50279
50274
50270
50265
50256
50254
50247
50245
50235
50233
50226
50223
50216
50215
50205
50203
50198
50192
50188
50183
50178
50173
50168
50160
50155
50151
50148
50141
50138
50131
50126
50120
50117
50112
50108
50104
50097
50094
50089
50085
50080
50073
50068
50065
50060
50054
50048
50040
50036
50034
50028
50023
50019
50012
50006
50002
50000
49991
49988
49984
49976
49973
49966
49965
49955
49952
49945
49940
49935
49933
49927
49925
49920
49910
49910
49900
49898
49891
49886
49884
49876
49872
49865
49865
49856
49851
49850
49844
49835
49832
49829
49825
49816
49814
49808
49800
49797
49793
49786
49784
49778
49773
49767
49761
49758
49754
49748
49744
49740
49734
49729
49721
49720
49713
49707
49701
49699
49694
49689
49682
49678
49670
49665
49665
49655
49654
49647
49640
49636
49632
49627
49624
49619
49612
49606
49600
49599
49591
49585
49585
49580
49572
49566
49563
49560
49555
49550
49540
49538
49532
49526
49520
49518
49513
49508
49500
49495
49492
49486
49480
49475
49471
49467
49461
49460
49451
49449
49442
49440
49435
49425
49424
49417
49411
49407
49403
49397
49393
49385
49385
49375
49374
49366
49363
49357
49350
49346
49341
49338
49332
49328
49323
49316
49310
49310
49300
49298
49295
49286
49282
49279
49273
49266
49264
49255
49252
49245
49240
49240
49231
49229
49224
49217
49213
49210
49201
49195
49191
49186
49180
49176
49174
49170
49161
49155
49155
49148
49140
49135
49135
49129
49120
49117
49114
49110
49104
49095
49092
49090
49085
49079
49071
49069
49063
49056
49055
49050
49045
49039
49034
49025
49024
49018
49013
49005
49002
48999
48995
48986
48981
48976
48974
48965
48963
48955
48955
48945
48941
48936
48933
48930
48920
48916
48915
48908
48901
48900
48894
48887
48884
48878
48870
48865
48862
48855
48855
48846
48841
48840
48830
48829
48821
48818
48813
48806
48801
48797
48795
48789
48783
48776
48775
48769
48763
48757
48755
48750
48744
48735
48733
48725
48722
48720
48711
48708
48703
48700
48692
48685
48681
48675
48672
48670
48664
48656
48651
48646
48643
48635
48632
48629
48620
48616
48614
48605
48604
48600
48590
48590
48580
48576
48574
48570
48564
48556
48555
48548
48541
48535
48534
48528
48522
48517
48511
48510
48504
48500
48495
48485
48482
48478
48471
48468
48462
48459
48454
48447
48442
48439
48435
48426
48424
48416
48413
48405
48404
48395
48392
48388
48382
48376
48372
48370
48361
48356
48351
48346
48341
48336
48333
48330
48324
48320
48314
48305
48302
48297
48291
48288
48283
48279
48271
48268
48264
48255
48254
48248
48243
48237
48232
48225
48222
48215
48212
48205
48200
48199
48191
48188
48185
48175
48175
48166
48164
48155
48151
48148
48141
48136
48132
48126
48121
48120
48114
48109
48104
48096
48095
48087
48085
48080
48072
48069
48060
48057
48050
48047
48043
48039
48030
48027
48024
48020
48010
48007
48005
47997
47991
47988
47982
47980
47974
47966
47965
47958
47955
47950
47944
47936
47933
47929
47921
47919
47911
47906
47903
47900
47890
47888
47883
47875
47871
47869
47862
47857
47853
47846
47842
47835
47835
47829
47821
47815
47810
47807
47800
47796
47794
47788
47781
47779
47771
47765
47765
47756
47752
47746
47744
47738
47730
47726
47722
47716
47712
47707
47703
47696
47694
47690
47683
47675
47670
47670
47660
47656
47652
47646
47641
47636
47635
47626
47620
47617
47615
47605
47603
47599
47591
47585
47585
47579
47572
47570
47565
47560
47551
47548
47541
47538
47530
47525
47520
47516
47510
47506
47502
47498
47495
47487
47484
47480
47470
47465
47461
47456
47452
47450
47445
47437
47435
47429
47424
47420
47412
47406
47400
47396
47391
47385
47381
47378
47375
47366
47365
47357
47352
47348
47342
47338
47334
47329
47325
47315
47313
47305
47302
47296
47291
47290
47280
47280
47274
47267
47261
47259
47252
47249
47245
47236
47235
47225
47224
47218
47210
47210
47200
47197
47195
47190
47185
47180
47174
47168
47162
47155
47155
47148
47144
47140
47133
47130
47122
47120
47111
47108
47105
47098
47093
47090
47082
47076
47074
47066
47063
47058
47055
47049
47044
47037
47032
47026
47025
47019
47013
47009
47000
46997
46994
46985
46983
46977
46972
46965
46961
46955
46953
46948
46945
46936
46932
46927
46922
46915
46911
46910
46900
46900
46894
46888
46880
46879
46875
46865
46863
46859
46853
46848
46843
46836
46832
46825
46821
46820
46815
46808
46804
46800
46790
46786
46782
46777
46775
46767
46761
46760
46754
46746
46741
46738
46734
46725
46724
46719
46715
46710
46700
46696
46692
46686
46684
46679
46673
46665
46660
46657
46654
46648
46640
46638
46635
46630
46620
46618
46610
46605
46605
46596
46590
46589
46583
46576
46570
46570
46561
46559
46552
46548
46540
46539
46535
46530
46522
46520
46514
46510
46505
46500
46491
46486
46483
46477
46470
46469
46464
46458
46454
46446
46441
46436
46435
46426
46423
46417
46410
46408
46404
46398
46391
46390
46381
46378
46372
46370
46363
46355
46354
46347
46343
46340
46333
46328
46325
46317
46310
46308
46303
46296
46295
46285
46281
46277
46271
46266
46265
46256
46251
46249
46243
46240
46235
46227
46225
46215
46211
46209
46203
46200
46190
46190
46185
46176
46171
46165
46165
46157
46154
46148
46141
46139
46130
46128
46125
46119
46112
46107
46100
46100
46092
46086
46083
46075
46070
46066
46060
46055
46051
46049
46041
46039
46031
46029
46023
46018
46014
46005
46005
45998
45995
45988
45984
45978
45970
45966
45962
45956
45952
45949
45941
45937
45931
45925
45923
45918
45914
45907
45900
45899
45893
45887
45884
45878
45874
45868
45865
45855
45852
45849
45842
45838
45832
45830
45823
45816
45814
45806
45802
45797
45795
45787
45783
45776
45775
45768
45762
45758
45754
45746
45745
45738
45734
45727
45723
45715
45713
45705
45700
45696
45690
45687
45680
45679
45670
45666
45662
45659
45655
45645
45640
45638
45630
45627
45624
45616
45610
45610
45605
45596
45591
45588
45580
45575
45571
45570
45562
45557
45553
45548
45540
45539
45532
45528
45525
45516
45513
45510
45503
45499
45490
45489
45480
45475
45470
45468
45465
45458
45452
45450
45445
45437
45430
45427
45422
45418
45411
45405
45405
45399
45394
45387
45382
45378
45370
45367
45360
45357
45352
45349
45342
45335
45330
45328
45322
45319
45311
45307
45302
45296
45294
45285
45282
45278
45275
45268
45263
45257
45255
45245
45245
45236
45232
45230
45220
45219
45215
45208
45200
45198
45192
45186
45183
45176
45175
45168
45163
45156
45153
45149
45140
45136
45131
45128
45121
45115
45114
45106
45104
45100
45093
45090
45083
45078
45072
45067
45065
45057
45053
45048
45041
45039
45033
45028
45025
45016
45012
45006
45000
44997
44995
44988
44981
44975
44970
44969
44960
44959
44952
44946
44941
44937
44934
44930
44921
44919
44912
44910
44901
44897
44893
44886
44885
44878
44870
44869
44860
44856
44852
44848
44840
44840
44831
44830
44824
44815
44814
44807
44801
44799
44794
44789
44784
44778
44772
44768
44763
44758
44750
44749
44744
44738
44730
44728
44722
44717
44712
44706
44704
44695
44695
44688
44684
44680
44674
44668
44661
44655
44652
44650
44640
44640
44631
44627
44624
44618
44612
44608
44604
44600
44592
44589
44581
44580
44573
44569
44564
44556
44552
44547
44543
44539
44530
44526
44522
44516
44515
44506
44502
44496
44490
44489
44484
44476
44472
44470
44462
44455
44450
44448
44443
44438
44430
44429
44425
44418
44411
44405
44402
44398
44395
44388
44382
44378
44374
44367
44360
44360
44355
44349
44345
44340
44332
44327
44324
44315
44310
44305
44305
44295
44291
44290
44284
44280
44271
44268
44261
44260
44252
44246
44241
44235
44234
44230
44225
44218
44212
44205
44202
44196
44193
44189
44184
44179
44172
44166
44164
44160
44150
44148
44143
44138
44133
44129
44123
44116
44111
44109
44101
44099
44090
44089
44082
44076
44071
44070
44065
44060
44051
44047
44043
44036
44030
44026
44023
44015
44014
44005
44002
43997
43990
43990
43981
43980
43975
43966
43961
43959
43951
43948
43944
43940
43930
43925
43922
43917
43915
43909
43904
43900
43893
43886
43881
43879
43875
43868
43864
43858
43853
43846
43840
43839
43835
43828
43822
43820
43810
43805
43804
43797
43792
43786
43784
43779
43771
43769
43760
43757
43754
43748
43742
43736
43732
43727
43724
43719
43713
43708
43702
43697
43693
43688
43684
43676
43671
43669
43660
43656
43652
43648
43645
43639
43631
43625
43623
43618
43615
43608
43602
43598
43591
43588
43583
43578
43573
43565
43562
43556
43555
43549
43543
43536
43533
43527
43523
43519
43513
43510
43501
43497
43491
43486
43481
43476
43473
43467
43462
43460
43451
43446
43443
43439
43434
43426
43423
43419
43413
43405
43402
43397
43393
43385
43383
43375
43371
43366
43364
43358
43352
43348
43341
43338
43330
43327
43322
43320
43311
43305
43300
43295
43294
43290
43281
43277
43274
43265
43263
43256
43251
43249
43244
43236
43234
43227
43224
43218
43211
43206
43203
43196
43192
43188
43182
43178
43174
43165
43165
43157
43151
43147
43140
43137
43133
43127
43125
43119
43111
43110
43104
43100
43095
43089
43085
43077
43072
43066
43064
43057
43051
43046
43042
43038
43035
43028
43022
43018
43013
43009
43000
42997
42993
42989
42980
42977
42973
42970
42960
42960
42954
42945
42945
42936
42932
42930
42922
42916
42914
42905
42901
42896
42891
42885
42881
42878
42873
42867
42861
42860
42853
42848
42842
42835
42833
42828
42820
42819
42812
42806
42802
42796
42791
42790
42784
42780
42774
42768
42762
42759
42753
42750
42742
42737
42731
42728
42723
42717
42712
42706
42705
42700
42691
42686
42684
42680
42674
42669
42663
42660
42655
42645
42643
42637
42630
42629
42624
42617
42615
42606
42603
42597
42590
42585
42580
42580
42573
42569
42561
42557
42551
42548
42543
42538
42534
42525
42520
42519
42512
42506
42504
42500
42490
42485
42484
42477
42471
42466
42463
42460
42451
42450
42445
42437
42432
42427
42422
42420
42412
42405
42400
42398
42393
42389
42380
42378
42374
42365
42361
42355
42354
42347
42343
42339
42331
42328
42323
42319
42313
42310
42302
42300
42293
42285
42284
42278
42275
42265
42263
42255
42254
42246
42244
42235
42235
42228
42223
42217
42211
42207
42200
42200
42193
42189
42185
42180
42174
42166
42165
42160
42151
42146
42142
42138
42131
42130
42125
42119
42114
42108
42105
42099
42090
42088
42085
42080
42070
42065
42061
42060
42051
42046
42043
42039
42034
42026
42021
42017
42012
42010
42002
41999
41993
41987
41985
41977
41973
41965
41964
41957
41952
41947
41942
41939
41930
41930
41921
41919
41910
41907
41905
41899
41892
41890
41883
41880
41874
41867
41860
41860
41851
41846
41844
41840
41831
41827
41821
41819
41814
41808
41801
41800
41790
41787
41780
41779
41773
41770
41762
41759
41751
41750
41743
41739
41735
41729
41722
41718
41710
41708
41702
41695
41691
41688
41682
41676
41671
41670
41665
41657
41653
41648
41645
41639
41634
41630
41621
41619
41613
41607
41600
41599
41593
41586
41584
41575
41574
41566
41562
41557
41552
41546
41541
41539
41533
41530
41523
41515
41515
41508
41501
41499
41490
41490
41480
41478
41473
41470
41461
41460
41452
41447
41443
41440
41431
41425
41420
41416
41414
41405
41404
41399
41390
41390
41384
41380
41375
41369
41364
41359
41353
41350
41341
41335
41332
41326
41323
41315
41310
41308
41304
41300
41293
41290
41283
41277
41272
41268
41260
41256
41251
41247
41241
41237
41231
41227
41223
41217
41210
41206
41201
41196
41195
41185
41183
41177
41171
41165
41163
41159
41153
41145
41143
41135
41132
41125
41121
41119
41112
41108
41100
41096
41093
41089
41084
41076
41073
41066
41064
41060
41054
41047
41045
41035
41032
41028
41022
41017
41015
41006
41000
40997
40990
40987
40984
40976
40973
40968
40961
40960
40951
40946
40943
40940
40933
40930
40923
40920
40910
40906
40901
40896
40890
40889
40880
40879
40871
40870
40861
40858
40850
40849
40845
40840
40830
40829
40824
40816
40815
40806
40801
40797
40795
40785
40785
40775
40772
40766
40763
40757
40752
40749
40743
40738
40735
40725
40721
40715
40711
40708
40705
40695
40691
40690
40685
40675
40672
40670
40660
40656
40650
40648
40645
40638
40630
40625
40621
40620
40610
40606
40600
40596
40590
40590
40583
40578
40570
40566
40561
40558
40555
40547
40541
40539
40535
40525
40523
40520
40510
40509
40504
40496
40495
40488
40481
40479
40471
40469
40465
40460
40450
40445
40445
40436
40433
40430
40424
40420
40415
40407
40403
40397
40391
40389
40384
40378
40372
40369
40361
40359
40351
40348
40340
40338
40333
40330
40320
40315
40312
40308
40301
40297
40293
40289
40280
40275
40270
40266
40263
40255
40255
40249
40245
40238
40233
40227
40220
40218
40213
40206
40205
40197
40193
40188
40181
40178
40171
40167
40164
40160
40152
40149
40145
40137
40133
40127
40124
40119
40110
40107
40105
40095
40091
40088
40083
40078
40073
40068
40065
40056
40052
40049
40045
40039
40034
40025
40020
40016
40014
40010
40004
