99998
99994
99986
99985
99975
99971
99966
99960
99960
99952
99947
99940
99935
99933
99926
99921
99917
99914
99910
99904
99897
99895
99886
99880
99875
99872
99869
99861
99856
99853
99846
99845
99836
99835
99827
99821
99815
99815
99810
99802
99799
99791
99786
99785
99778
99772
99767
99761
99758
99751
99745
99745
99737
99732
99728
99722
99718
99715
99709
99704
99697
99692
99690
99680
99676
99674
99667
99662
99657
99654
99648
99641
99635
99635
99627
99622
99616
99610
99606
99600
99596
99595
99589
99580
99578
99570
99569
99564
99560
99551
99548
99540
99539
99530
99530
99522
99519
99515
99505
99501
99500
99491
99487
99484
99476
99471
99466
99464
99460
99452
99445
99441
99438
99430
99430
99423
99417
99413
99410
99403
99395
99393
99388
99384
99380
99375
99365
99361
99359
99351
99345
99342
99339
99331
99327
99325
99319
99313
99310
99303
99300
99292
99288
99283
99280
99273
99267
99263
99255
99253
99245
99245
99236
99232
99227
99225
99215
99210
99208
99203
99200
99191
99188
99183
99175
99173
99168
99164
99158
99155
99148
99142
99137
99135
99128
99125
99118
99115
99105
99102
99096
99093
99088
99082
99080
99075
99065
99065
99059
99051
99047
99041
99037
99031
99028
99025
99015
99013
99008
99005
98996
98994
98988
98985
98979
98971
98966
98964
98960
98954
98947
98945
98936
98933
98929
98923
98919
98913
98906
98903
98897
98894
98888
98881
98879
98871
98865
98863
98860
98851
98848
98844
98839
98835
98829
98824
98820
98811
98806
98800
98795
98792
98787
98784
98775
98770
98768
98764
98759
98751
98747
98745
98736
98730
98728
98721
98719
98710
98706
98701
98700
98695
98688
98683
98677
98671
98665
98665
98658
98655
98649
98643
98635
98631
98629
98625
98618
98613
98605
98602
98597
98590
98590
98580
98575
98573
98565
98560
98555
98555
98546
98542
98539
98535
98530
98520
98515
98511
98509
98501
98497
98495
98485
98480
98477
98470
98470
98463
98456
98452
98448
98443
98438
98433
98429
98424
98419
98415
98408
98400
98395
98392
98389
98380
98376
98372
98368
98361
98358
98350
98347
98340
98339
98330
98329
98320
98318
98314
98306
98303
98296
98293
98289
98283
98280
98273
98270
98260
98255
98250
98245
98241
98238
98235
98226
98222
98220
98213
98208
98201
98200
98193
98189
98184
98177
98173
98167
98163
98155
98154
98146
98141
98140
98135
98129
98122
98118
98111
98108
98100
98100
98093
98088
98081
98078
98070
98067
98064
98057
98053
98047
98044
98039
98032
98028
98021
98019
98013
98005
98000
97999
97993
97989
97981
97976
97971
97967
97961
97959
97954
97948
97945
97938
97935
97928
97923
97916
97914
97905
97904
97898
97890
97886
97883
97875
97870
97867
97865
97858
97851
97848
97843
97839
97831
97826
97823
97820
97811
97810
97805
97797
97790
97790
97783
97777
97773
97768
97765
97758
97752
97748
97740
97737
97730
97726
97721
97719
97713
97708
97700
97698
97693
97686
97680
97680
97671
97667
97664
97657
97654
97650
97643
97638
97631
97628
97621
97618
97610
97608
97603
97595
97590
97585
97580
97575
97571
97567
97564
97559
97555
97549
97544
97535
97531
97527
97520
97518
97512
97510
97501
97495
97490
97488
97485
97479
97472
97466
97460
97459
97452
97447
97440
97437
97430
97427
97420
97417
97414
97405
97402
97398
97395
97390
97385
97377
97374
97368
97360
97358
97353
97349
97345
97337
97334
97328
97320
97317
97311
97306
97301
97299
97295
97285
97285
97276
97272
97267
97261
97259
97255
97250
97242
97236
97234
97230
97221
97216
97213
97208
97202
97195
97195
97187
97184
97177
97172
97170
97162
97160
97151
97146
97145
97135
97133
97129
97124
97118
97112
97110
97104
97098
97093
97090
97082
97077
97070
97069
97065
97058
97051
97048
97042
97038
97031
97026
97025
97015
97012
97010
97000
97000
96995
96986
96980
96977
96970
96970
96964
96957
96953
96950
96940
96938
96930
96926
96925
96917
96910
96908
96905
96900
96893
96887
96885
96877
96872
96867
96860
96859
96854
96850
96842
96838
96830
96830
96824
96817
96812
96810
96801
96795
96795
96790
96780
96780
96775
96769
96764
96760
96750
96748
96741
96738
96734
96729
96724
96717
96711
96710
96703
96697
96694
96685
96684
96678
96675
96667
96663
96658
96654
96646
96645
96637
96630
96628
96621
96615
96611
96605
96605
96595
96594
96586
96583
96575
96571
96569
96563
96556
96555
96548
96545
96538
96532
96529
96524
96519
96513
96509
96503
96496
96495
96487
96484
96478
96471
96469
96464
96459
96455
96448
96444
96439
96435
96427
96425
96418
96414
96409
96402
96395
96392
96390
96380
96380
96373
96365
96364
96360
96354
96345
96345
96335
96333
96325
96324
96319
96313
96306
96305
96297
96295
96289
96281
96276
96270
96268
96262
96258
96250
96246
96243
96239
96234
96230
96224
96215
96210
96209
96203
96199
96191
96186
96185
96178
96171
96168
96161
96157
96150
96149
96144
96139
96132
96130
96123
96118
96115
96106
96103
96100
96091
96087
96081
96078
96070
96067
96062
96055
96051
96047
96042
96040
96033
96026
96023
96015
96010
96008
96002
95996
95990
95987
95980
95980
95974
95967
95961
95958
95950
95945
95945
95936
95933
95928
95923
95915
95915
95909
95902
95896
95891
95887
95881
95880
95872
95868
95863
95859
95853
95850
95842
95838
95835
95826
95824
95816
95814
95807
95801
95798
95792
95787
95783
95778
95770
95770
95761
95756
95750
95745
95745
95738
95734
95726
95722
95716
95715
95706
95701
95699
95691
95687
95680
95678
95674
95669
95660
95656
95650
95646
95645
95640
95631
95630
95625
95619
95610
95606
95605
95598
95590
95587
95582
95575
95574
95568
95561
95556
95550
95549
95545
95539
95535
95527
95524
95520
95515
95505
95505
95500
95490
95486
95484
95478
95472
95466
95464
95457
95450
95446
95444
95440
95432
95425
95423
95419
95410
95408
95402
95398
95395
95386
95383
95379
95372
95367
95362
95355
95350
95350
95341
95337
95335
95329
95321
95320
95310
95305
95301
95300
95291
95285
95282
95279
95271
95268
95263
95256
95255
95249
95240
95240
95235
95229
95220
95216
95211
95207
95200
95199
95191
95188
95182
95177
95174
95165
95163
95157
95151
95150
95144
95135
95133
95130
95123
95116
95112
95107
95104
95100
95092
95090
95083
95080
95074
95067
95062
95055
95051
95049
95041
95037
95031
95027
95024
95020
95015
95006
95004
94999
94990
94990
94983
94975
94974
94966
94962
94960
94954
94945
94944
94935
94931
94930
94925
94917
94913
94908
94900
94895
94892
94886
94883
94879
94871
94865
94860
94855
94850
94846
94844
94837
94831
94825
94822
94819
94812
94809
94800
94796
94790
94789
94784
94777
94773
94766
94762
94760
94751
94750
94741
94739
94734
94730
94724
94715
94715
94706
94701
94696
94690
94689
94683
94675
94675
94668
94660
94660
94650
94648
94643
94636
94630
94630
94620
94616
94613
94606
94604
94595
94592
94588
94581
94575
94573
94568
94561
94556
94553
94546
94544
94538
94532
94528
94525
94515
94515
94509
94500
94499
94495
94489
94485
94477
94475
94467
94462
94457
94454
94449
94444
94437
94435
94430
94424
94416
94410
94410
94400
94399
94394
94388
94384
94378
94371
94368
94363
94355
94350
94350
94343
94338
94333
94329
94321
94319
94312
94305
94302
94298
94290
94290
94283
94275
94274
94270
94261
94257
94252
94249
94243
94238
94234
94227
94222
94218
94210
94207
94201
94200
94194
94185
94184
94178
94173
94166
94164
94159
94155
94147
94145
94136
94131
94126
94125
94115
94114
94105
94100
94100
94090
94090
94082
94078
94073
94066
94065
94058
94055
94047
94044
94035
94031
94028
94022
94017
94011
94008
94002
93995
93991
93988
93980
93976
93973
93968
93961
93959
93954
93949
93944
93938
93933
93926
93922
93916
93914
93906
93905
93896
93891
93888
93880
93880
93875
93868
93864
93855
93853
93847
93845
93837
93833
93825
93823
93817
93813
93810
93802
93797
93794
93789
93782
93775
93775
93768
93763
93760
93750
93746
93745
93736
93730
93725
93720
93715
93714
93710
93704
93697
93695
93686
93681
93677
93673
93669
93660
93655
93654
93646
93643
93639
93634
93630
93623
93620
93613
93605
93601
93597
93593
93587
93581
93580
93571
93567
93564
93556
93555
93550
93541
93535
93531
93530
93520
93515
93510
93505
93502
93497
93492
93486
93481
93479
93472
93466
93461
93459
93454
93446
93445
93437
93431
93426
93421
93416
93410
93406
93405
93395
93394
93389
93382
93375
93375
93368
93361
93358
93351
93347
93344
93338
93331
93327
93323
93315
93311
93310
93305
93297
93294
93288
93283
93280
93272
93265
93262
93256
93254
93246
93242
93237
93231
93226
93225
93217
93213
93207
93204
93195
93191
93185
93183
93179
93173
93168
93161
93157
93154
93148
93143
93136
93133
93125
93124
93120
93111
93110
93102
93097
93091
93086
93081
93078
93071
93066
93065
93056
93053
93047
93043
93039
93032
93029
93022
93020
93012
93010
93003
93000
92991
92990
92985
92980
92970
92970
92965
92958
92955
92950
92943
92936
92932
92927
92921
92918
92910
92907
92903
92897
92895
92886
92881
92878
92870
92865
92862
92859
92853
92845
92842
92836
92831
92827
92820
92816
92811
92807
92803
92798
92793
92789
92784
92775
92772
92769
92761
92759
92750
92750
92742
92737
92730
92730
92722
92717
92714
92705
92703
92696
92691
92686
92681
92679
92672
92666
92665
92659
92654
92645
92644
92635
92632
92627
92624
92620
92611
92606
92603
92600
92594
92587
92580
92577
92572
92570
92563
92557
92552
92549
92541
92537
92531
92530
92521
92516
92513
92506
92504
92496
92490
92490
92484
92479
92471
92465
92460
92458
92450
92445
92444
92437
92431
92430
92425
92420
92413
92408
92401
92398
92395
92387
92383
92380
92371
92368
92361
92360
92353
92347
92344
92340
92332
92329
92324
92315
92310
92306
92304
92297
92294
92288
92282
92279
92273
92270
92264
92260
92254
92245
92243
92236
92234
92226
92221
92216
92211
92209
92205
92200
92194
92186
92180
92179
92174
92168
92161
92160
92155
92148
92141
92135
92135
92128
92120
92120
92111
92109
92105
92097
92090
92086
92082
92077
92075
92068
92060
92060
92052
92047
92043
92038
92035
92026
92023
92016
92012
92005
92003
91996
91995
91989
91983
91978
91972
91965
91964
91959
91952
91945
91945
91939
91933
91926
91922
91920
91914
91907
91900
91900
91892
91890
91882
91877
91870
91865
91861
91858
91852
91849
91841
91837
91835
91826
91824
91820
91812
91806
91803
91800
91794
91789
91780
91776
91774
91766
91765
91758
91754
91750
91744
91738
91731
91726
91723
91717
91711
91706
91704
91700
91693
91686
91680
91679
91674
91670
91662
91658
91651
91646
91644
91639
91631
91630
91624
91617
91611
91605
91604
91598
91594
91588
91582
91580
91574
91570
91564
91560
91554
91547
91540
91538
91534
91526
91525
91520
91513
91507
91501
91499
91490
91489
91482
91478
91470
91465
91461
91458
91450
91445
91445
91440
91433
91430
91423
91415
91415
91407
91400
91396
91395
91385
91384
91380
91370
91366
91362
91355
91355
91349
91342
91338
91333
91327
91324
91320
91314
91309
91305
91295
91292
91289
91283
91277
91270
91270
91265
91257
91255
91249
91243
91235
91234
91230
91221
91216
91214
91210
91202
91199
91191
91186
91184
91176
91175
91167
91163
91157
91153
91145
91141
91137
91131
91129
91124
91115
91111
91109
91100
91099
91095
91086
91082
91080
91070
91065
91062
91058
91053
91050
91042
91039
91033
91028
91024
91019
91011
91010
91005
91000
90990
90990
90985
90980
90975
90969
90965
90957
90955
90947
90944
90938
90930
90929
90920
90917
90911
90907
90901
90896
90890
90886
90881
90877
90872
90866
90861
90858
90850
90845
90842
90835
90830
90829
90824
90820
90810
90809
90802
90796
90792
90789
90785
90776
90772
90769
90760
90757
90755
90746
90745
90736
90733
90730
90720
90717
90712
90710
90705
90699
90693
90689
90681
90676
90671
90669
90664
90659
90652
90645
90645
90637
90635
90629
90624
90615
90612
90608
90600
90596
90592
90586
90583
90576
90571
90566
90565
90556
90550
90549
90542
90538
90535
90525
90523
90519
90510
90508
90504
90496
90490
90485
90484
90477
90471
90470
90461
90455
90452
90450
90441
90439
90432
90425
90425
90418
90411
90410
90404
90399
90390
90386
90382
90379
90375
90367
90363
90356
90353
90349
90340
90335
90333
90326
90325
90318
90313
90309
90302
90299
90293
90289
90283
90276
90270
90266
90262
90257
90253
90245
90241
90235
90234
90228
90225
90216
90210
90207
90205
90199
90190
90186
90183
90179
90171
90169
90165
90159
90153
90150
90144
90137
90131
90129
90123
90117
90113
90108
90103
90100
90094
90090
90085
90080
90074
90070
90065
90056
90052
90045
90044
90040
90032
90028
90022
90020
90012
90007
90001
90000
89995
89987
89982
89978
89970
89970
89961
89960
89952
89948
89943
89935
89933
89926
89924
89920
89913
89905
89902
89899
89890
89888
89884
89877
89871
89866
89864
89856
89855
89846
89840
89838
89832
89828
89823
89818
89814
89806
89800
89795
89791
89786
89782
89776
89772
89766
89763
89758
89754
89750
89741
89740
89731
89725
89722
89719
89715
89710
89704
89695
89693
89685
89685
89679
89670
89670
89665
89658
89650
89648
89642
89635
89633
89627
89623
89619
89610
89608
89605
89595
89591
89588
89582
89578
89572
89566
89563
89560
89552
89549
89545
89535
89535
89526
89520
89520
89514
89510
89500
89499
89490
89489
89484
89475
89471
89467
89462
89457
89455
89450
89444
89436
89435
89429
89423
89419
89411
89409
89404
89395
89393
89389
89384
89379
89373
89367
89361
89359
89354
89349
89340
89336
89330
89326
89322
89318
89313
89310
89301
89297
89294
89288
89281
89278
89272
89267
89264
89257
89254
89249
89245
89240
89231
89228
89223
89215
89214
89206
89201
89195
89195
89190
89180
89178
89170
89166
89161
89157
89154
89148
89144
89135
89134
89125
89124
89118
89114
89110
89103
89099
89091
89085
89081
89080
89070
89070
89063
89056
89051
89047
89044
89040
89035
89028
89025
89016
89015
89005
89000
88998
88993
88989
88982
88980
88972
88965
88964
88955
88953
88946
88943
88935
88935
88927
88924
88918
88912
88910
88902
88895
88892
88889
88883
88877
88873
88869
88864
88856
88853
88845
88845
88837
88831
88826
88821
88819
88813
88809
88802
88797
88790
88785
88782
88778
88772
88765
88764
88757
88754
88745
88742
88736
88734
88726
88720
88717
88710
88705
88705
88696
88694
88687
88682
88679
88672
88667
88661
88658
88652
88648
88645
88635
88633
88628
88620
88616
88614
88607
88600
88600
88592
88588
88584
88576
88574
88566
88561
88558
88555
88546
88544
88537
88534
88525
88522
88517
88514
88507
88501
88499
88495
88490
88482
88479
88475
88469
88461
88460
88452
88446
88441
88435
88434
88428
88425
88419
88412
88409
88402
88395
88392
88390
88381
88380
88370
88368
88360
88357
88355
88345
88345
88336
88332
88328
88320
88319
88310
88308
88304
88295
88291
88285
88281
88279
88274
88266
88264
88258
88255
88245
88242
88236
88235
88230
88222
88217
88211
88209
88202
88196
88192
88188
88185
88176
88175
88165
88164
88159
88151
88148
88144
88139
88135
88130
88123
88117
88110
88106
88100
88100
88092
88087
88084
88076
88071
88067
88062
88059
88050
88045
88043
88035
88033
88027
88021
88020
88012
88009
88002
87997
87993
87986
87982
87980
87973
87970
87963
87955
87953
87946
87940
87940
87930
87927
87922
87916
87911
87907
87905
87896
87894
87888
87885
87880
87871
87868
87861
87857
87854
87847
87841
87835
87835
87825
87823
87818
87814
87805
87801
87796
87791
87789
87781
87780
87775
87766
87760
87755
87750
87747
87741
87738
87734
87729
87725
87720
87713
87705
87702
87696
87695
87690
87681
87675
87673
87667
87660
87659
87651
87648
87644
87640
87635
87628
87623
87615
87612
87609
87605
87597
87594
87588
87581
87579
87570
87570
87563
87559
87554
87550
87540
87536
87535
87525
87523
87515
87512
87505
87505
87495
87495
87488
87482
87480
87474
87469
87465
87459
87453
87449
87440
87438
87434
87426
87423
87415
87411
87405
87403
87397
87393
87386
87380
87376
87374
87368
87364
87355
87351
87347
87343
87335
87334
87326
87322
87315
87311
87309
87304
87296
87295
87288
87280
87278
87272
87270
87260
87259
87253
87246
87241
87240
87234
87228
87223
87217
87213
87206
87201
87196
87192
87188
87182
87180
87175
87165
87164
87159
87150
87147
87143
87140
87135
87130
87122
87117
87115
87105
87103
87096
87091
87085
87085
87076
87074
87069
87065
87058
87051
87046
87040
87035
87033
87025
87023
87019
87011
87005
87005
86995
86991
86990
86983
86977
86973
86966
86962
86956
86951
86949
86943
86935
86934
86928
86925
86919
86912
86910
86903
86900
86891
86889
86885
86877
86873
86865
86863
86857
86851
86845
86844
86836
86831
86829
86822
86816
86813
86806
86804
86800
86792
86786
86781
86778
86771
86765
86762
86755
86754
86749
86744
86740
86731
86728
86723
86716
86712
86707
86705
86697
86692
86685
86682
86677
86672
86670
86663
86656
86651
86650
86641
86638
86630
86626
86624
86620
86610
86606
86605
86596
86594
86588
86584
86577
86573
86570
86560
86556
86551
86549
86541
86538
86535
86525
86525
86517
86510
86506
86505
86496
86495
86488
86483
86479
86475
86470
86462
86455
86454
86449
86443
86440
86431
86429
86420
86416
86411
86405
86401
86399
86393
86388
86384
86376
86373
86369
86363
86358
86351
86346
86344
86336
86331
86330
86321
86315
86312
86308
86302
86295
86290
86290
86285
86277
86274
86267
86260
86256
86253
86248
86240
86238
86230
86229
86224
86219
86213
86209
86204
86197
86195
86188
86185
86180
86175
86170
86164
86157
86154
86148
86140
86135
86132
86129
86123
86115
86114
86106
86100
86097
86094
86085
86081
86080
86075
86065
86062
86059
86052
86048
86041
86040
86035
86028
86023
86016
86014
86007
86004
86000
85994
85986
85982
85976
85975
85970
85961
85956
85952
85946
85944
85938
85933
85925
85924
85920
85911
85909
85905
85897
85893
85886
85881
85876
85874
85866
85862
85855
85850
85845
85840
85839
85834
85830
85822
85818
85814
85807
85802
85796
85792
85787
85783
85776
85772
85768
85765
85759
85754
85748
85740
85738
85734
85729
85724
85716
85713
85706
85702
85696
85691
85690
85684
85679
85674
85670
85660
85659
85654
85650
85645
85635
85635
85627
85623
85617
85611
85607
85603
85596
85593
85585
85585
85580
85571
85569
85563
85560
85552
85548
85544
85535
85533
85528
85525
85517
85515
85507
85500
85495
85490
85486
85481
85476
85474
85465
85465
85459
85453
85447
85442
85438
85433
85429
85424
85416
85410
85405
85404
85400
85394
85389
85384
85380
85374
85367
85363
85359
85352
85345
85343
85336
85331
85330
85320
85316
85312
85305
85303
85295
85290
85289
85281
85277
85274
85270
85265
85258
85250
85249
85240
85236
85230
85230
85223
85219
85210
85210
85201
85200
85190
85188
85181
85179
85173
85165
85162
85159
85153
85148
85142
85136
85132
85126
85124
85115
85112
85106
85105
85097
85095
85086
85082
85080
85074
85070
85062
85059
85050
85049
85045
85039
85031
85030
85022
85016
85013
85009
85000
84996
84992
84985
84985
84975
84975
84967
84965
84959
84955
84948
84944
84938
84932
84930
84924
84917
84913
84905
84905
84896
84892
84886
84882
84879
84873
84865
84865
84856
84850
84847
84845
84838
84832
84827
84821
84816
84813
84806
84803
84796
84794
84787
84783
84775
84773
84768
84760
84757
84752
84748
84742
84736
84732
84728
84722
84719
84710
84709
84700
84700
84693
84690
84683
84678
84670
84669
84665
84656
84650
84646
84641
84637
84632
84625
84624
84615
84615
84606
84603
84599
84590
84589
84583
84579
84572
84566
84563
84559
84553
84546
84542
84535
84531
84530
84521
84515
84512
84510
84504
84498
84493
84485
84485
84479
84472
84468
84461
84456
84450
84449
84444
84435
84434
84427
84425
84417
84412
84409
84405
84400
84390
84389
84382
84375
84375
84370
84364
84360
84350
84346
84343
84335
84330
84327
84325
84315
84312
84310
84303
84296
84293
84285
84284
84279
84274
84269
84260
84258
84251
84246
84245
84235
84233
84229
84220
84216
84214
84209
84205
84198
84190
84186
84183
84176
84171
84169
84162
84155
84150
84150
84145
84140
84133
84128
84121
84120
84111
84108
84104
84097
84094
84086
84083
84076
84074
84070
84062
84056
84055
84047
84041
84038
84032
84029
84024
84019
84010
84007
84001
83998
83995
83990
83980
83980
83973
83967
83965
83958
83951
83948
83945
83938
83931
83928
83923
83917
83914
83907
83901
83897
83891
83886
83881
83879
83870
83866
83860
83858
83850
83849
83841
83838
83832
83827
83822
83817
83810
83809
83802
83799
83792
83786
83780
83780
83771
83765
83761
83757
83754
83750
83743
83736
83730
83726
83721
83715
83712
83710
83700
83700
83693
83687
83680
83675
83670
83668
83662
83657
83653
83645
83640
83637
83634
83629
83624
83618
83611
83610
83605
83595
83593
83588
83581
83580
83570
83570
83564
83555
83554
83546
83544
83540
83533
83530
83521
83520
83513
83510
83503
83499
83490
83488
83480
83477
83475
83470
83463
83456
83451
83449
83440
83437
83432
83428
83423
83419
83410
83410
83401
83395
83392
83388
83380
83378
83374
83370
83362
83360
83354
83347
83344
83336
83332
83329
83324
83316
83311
83306
83305
83296
83291
83285
83281
83278
83271
83270
83265
83255
83253
83248
83240
83235
83231
83228
83222
83217
83210
83205
83204
83197
83195
83185
83181
83177
83172
83168
83160
83155
83154
83145
83142
83139
83134
83130
83122
83116
83115
83108
83104
83097
83092
83088
83081
83075
83070
83065
83061
83055
83055
83050
83045
83036
83031
83028
83022
83020
83011
83006
83004
82999
82992
82986
82980
82977
82970
82970
82962
82960
82952
82950
82943
82937
82933
82927
82922
82919
82915
82905
82902
82897
82890
82889
82883
82875
82870
82865
82865
82857
82851
82846
82844
82837
82831
82829
82821
82817
82814
82809
82801
82795
82792
82788
82784
82777
82770
82768
82763
82755
82753
82745
82741
82740
82731
82730
82722
82715
82710
82705
82703
82700
82694
82687
82682
82678
82670
82667
82664
82659
82650
82650
82645
82637
82630
82626
82625
82620
82615
82605
82602
82596
82594
82585
82585
82578
82571
82565
82565
82559
82554
82545
82540
82540
82531
82528
82520
82519
82514
82508
82505
82498
82491
82486
82483
82479
82472
82470
82463
82456
82453
82448
82441
82440
82433
82425
82420
82419
82413
82409
82401
82398
82395
82386
82380
82379
82373
82368
82361
82355
82354
82346
82340
82339
82335
82328
82325
82319
82312
82305
82300
82300
82295
82285
82284
82276
82270
82270
82262
82256
82253
82250
82243
82239
82232
82227
82220
82219
82211
82205
82204
82199
82191
82188
82181
82178
82173
82170
82163
82155
82152
82150
82144
82138
82132
82127
82122
82116
82114
82107
82105
82100
82095
82086
82085
82077
82070
82065
82060
82055
82050
82047
82043
82035
82034
82025
82025
82020
82013
82010
82002
81999
81990
81988
81980
81980
81972
81968
81961
81955
81953
81945
81941
81936
81930
81930
81921
81915
81915
81906
81903
81899
81890
81890
81880
81875
81874
81867
81861
81856
81852
81847
81844
81837
81832
81828
81825
81818
81810
81807
81802
81800
81795
81785
81785
81780
81775
81766
81763
81755
81754
81746
81743
81736
81733
81729
81724
81720
81715
81706
81705
81697
81695
81685
81682
81680
81670
81669
81662
81656
81650
81645
81644
81638
81630
81630
81623
81617
81610
81606
81603
81600
81595
81589
81583
81580
81574
81567
81565
81558
81552
81549
81543
81536
81530
81527
81520
81515
81515
81507
81503
81495
81490
81485
81484
81475
81470
81467
81462
81459
81455
81449
81442
81435
81435
81426
81422
81417
81411
81407
81401
81398
81391
81386
81383
81380
81375
81365
81365
81359
81354
81345
81342
81339
81334
81325
81325
81317
81311
81308
81305
81298
81293
81287
81285
81280
81271
81270
81262
81256
81250
81247
81243
81236
81230
81227
81224
81215
81211
81207
81203
81200
81192
81188
81184
81179
81173
81168
81160
81156
81153
81146
81143
81139
81130
81127
81124
81118
81110
81105
81101
81097
81093
81085
81081
81076
81074
81065
81064
81059
81052
81048
81043
81039
81033
81025
81022
81016
81013
81008
81000
80996
80991
80989
80982
80978
80973
80970
80960
80957
80953
80950
80944
80936
80935
80929
80925
80917
80911
80909
80901
80900
80894
80889
80885
80879
80875
80870
80864
80859
80854
80849
80841
80835
80832
80825
80821
80817
80810
80810
80805
80795
80795
80789
80785
80776
80770
80766
80762
80759
80754
80747
80743
80740
80732
80729
80721
80715
80715
80705
80701
80698
80695
80688
80681
80678
80675
80666
80663
80659
80652
80648
80641
80638
80635
80627
80622
80618
80612
80605
80602
80597
80590
80586
80583
80576
80573
80565
80565
80556
80553
80546
80543
80540
80534
80529
80524
80520
80512
80506
80503
80495
80495
80488
80485
80480
80474
80466
80462
80455
80453
80450
80444
80438
80433
80429
80421
80419
80411
80407
80404
80398
80392
80386
80380
80378
80372
80367
80365
80355
80355
80350
80343
80335
80334
80328
80323
80319
80313
80310
80302
80299
80291
80288
80285
80279
80273
80265
80260
80260
80251
80246
80244
80239
80235
80225
80222
80219
80213
80208
80203
80195
80190
80186
80185
80178
80171
80167
80164
80155
80153
80147
80142
80135
80130
80126
80125
80115
80112
80105
80102
80097
80095
80087
80084
80080
80075
80069
80061
80060
80055
80046
80041
80037
80033
80025
80023
80015
80010
80006
80000
79998
79994
79985
79980
79980
79974
79966
79960
79957
79954
79950
79944
79935
79935
79929
79924
79919
79913
79910
79900
79900
79890
79887
79884
79876
79875
79866
79863
79858
79852
79850
79845
79840
79830
79827
79824
79815
79815
79807
79805
79800
79790
79786
79784
79780
79771
79765
79762
79758
79754
79747
79744
79740
79730
79727
79722
79719
79712
79706
79700
79696
79692
79689
79683
79678
79670
79669
79665
79655
79653
79645
79641
79636
79632
79629
79625
79620
79611
79608
79603
79599
79595
79589
79580
79575
79575
79567
79561
79558
79553
79550
79541
79536
79531
79526
79522
79520
79510
79509
79502
79495
79493
79487
79485
79476
79473
79470
79463
79455
79450
79448
79445
79435
79432
79425
79424
79419
79415
79407
79401
79400
79392
79390
79380
79380
79372
79370
79361
79360
79351
79347
79342
79337
79333
79327
79320
79319
79311
79305
79301
79298
79292
79288
79282
79280
79272
79270
79262
79258
79253
79250
79244
79238
79232
79225
79221
79220
79213
79209
79204
79200
79192
79189
79185
79177
79173
79168
79165
79156
79151
79145
79142
79138
79133
79128
79123
79117
79110
79110
79100
79099
79091
79086
79083
79080
79071
79065
79061
79060
79050
79049
79040
79038
79033
79030
79023
79015
79015
79006
79005
79000
78990
78988
78983
78978
78971
78966
78965
78959
78951
78947
78940
78939
78934
78929
78924
78919
78912
78907
78900
78899
78894
78890
78885
78877
78874
78869
78863
78857
78850
78848
78840
78835
78834
78826
78824
78817
78811
78809
78805
78797
78795
78785
78783
78779
78771
78770
78764
78757
78751
78747
78743
78740
78734
78730
78725
78719
78711
78710
78700
78699
78695
78690
78681
78680
78670
78668
78661
78658
78652
78650
78642
78639
78630
78628
78622
78618
78610
78607
78600
78600
78590
78587
78585
78575
78574
78567
78560
78559
78554
78547
78544
78539
78530
78528
78524
78517
78513
78508
78504
78497
78491
78485
78483
78478
78471
78466
78461
78457
78453
78449
78442
78435
78430
78425
78425
78419
78415
78410
78405
78400
78394
78389
78380
78379
78373
78365
78360
78355
78353
78349
78344
78338
78335
78330
78320
78318
78310
78305
78302
78298
78293
78289
78285
78278
78271
78269
78262
78259
78252
78250
78241
78239
78231
78226
78221
78217
78212
78210
78201
78198
78191
78190
78185
78179
78174
78168
78163
78155
78155
78145
78144
78140
78135
78128
78123
78115
78113
78105
78103
78095
78095
78090
78084
78080
78074
78067
78062
78057
78051
78045
78045
78036
78035
78028
78020
78017
78013
78006
78003
78000
77991
77990
77980
77978
77970
77966
77964
77957
77950
77950
77940
77940
77931
77929
77924
77915
77911
77906
77902
77900
77895
77886
77880
77878
77874
77869
77863
77858
77852
77848
77842
77836
77834
77828
77822
77818
77813
77810
77805
77799
77791
77790
77780
77775
77770
77768
77761
77757
77752
77745
77745
77735
77735
77730
77722
77715
77714
77705
77700
77695
77694
77687
77682
77679
77673
77668
77662
77656
77654
77647
77643
77637
77635
77626
77621
77619
77610
77609
77602
77599
77592
77587
77582
77580
77572
77567
77565
77555
77553
77547
77544
77535
77534
77525
77524
77517
77515
77510
77504
77500
77493
77485
77484
77478
77471
77469
77463
77458
77451
77450
77444
77440
77432
77427
77420
77415
77410
77405
77405
77396
77395
77385
77383
77379
77371
77367
77363
77357
77350
77346
77344
77339
77332
77328
77323
77320
77312
77308
77301
77297
77294
77287
77285
77275
77270
77270
77262
77260
77251
77248
77241
77235
77232
77229
77221
77215
77213
77208
77200
77200
77194
77190
77182
77179
77175
77167
77165
77155
77154
77147
77142
77140
77133
77130
77121
77119
77111
77110
77104
77097
77094
77090
77085
77078
77072
77070
77063
77055
77054
77049
77040
77037
77034
77028
77022
77015
77013
77006
77005
76999
76991
76988
76980
76976
76973
76967
76964
76960
76955
76946
76942
76939
76930
76926
76923
76919
76911
76905
76904
76897
76892
76885
76881
76876
76872
76870
76865
76860
76854
76850
76845
76835
76835
76828
76824
76815
76813
76810
76805
76795
76791
76789
76781
76777
76775
76770
76761
76755
76753
76745
76740
76739
76734
76725
76722
76715
76711
76706
76701
76699
76691
76690
76683
76675
76675
76667
76664
76659
76655
76646
76645
76640
76632
76625
76625
76616
76615
76609
76600
76600
76595
76585
76585
76577
76571
76566
76563
76556
76553
76547
76543
76537
76535
76527
76523
76518
76515
76508
76504
76495
76492
76489
76481
76480
76472
76469
76460
76455
76453
76450
76442
76439
76434
76429
76425
76416
76411
76408
76404
76400
76395
76388
76383
76377
76370
76365
76360
76359
76350
76346
76343
76339
76331
76327
76323
76318
76310
76310
76304
76299
76294
76289
76280
76277
76275
76265
76260
76259
76254
76247
76244
76240
76232
76227
76223
76217
76212
76210
76200
76196
76194
76190
76183
76175
76175
76165
76163
76156
76155
76147
76145
76135
76130
76125
76123
76117
76112
76106
76105
76097
76092
76088
76084
76078
76071
76065
76061
76058
76050
76045
76040
76035
76032
76028
76024
76017
76010
76006
76004
76000
75993
75990
75982
75980
75973
75970
75961
75959
75951
75947
75943
75935
75931
75929
75923
75919
75914
75909
75905
75899
75893
75889
75883
75880
75873
75870
75863
75855
75853
75845
75840
75835
75833
75825
75822
75815
75810
75806
75804
75797
75790
75786
75782
75776
75774
75768
75763
75757
75755
75749
75744
75735
75733
75725
75725
75718
75711
75708
75705
75695
75692
75689
75683
75676
75672
75667
75665
75656
75655
75648
75642
75637
75633
75630
75621
75615
75610
75609
75601
75597
75594
75586
75582
75575
75570
75566
75561
75560
75550
75546
75542
75539
75532
75528
75525
75520
75513
75510
75500
75496
75495
75489
75482
75480
75472
75465
75465
75457
75455
75450
75440
75436
75435
75429
75425
75418
75410
75408
75405
75398
75392
75388
75385
75379
75372
75370
75360
75359
75352
75346
75343
75336
75332
75327
75324
75315
75310
75310
75302
75299
75291
75287
75283
75280
75273
75267
75264
75259
75250
75247
75245
75239
75233
75226
75224
75218
75211
75206
75200
75196
75193
75186
75180
75179
75173
75169
75164
75159
75155
75147
75145
75140
75132
75129
75124
75116
75110
75107
75103
75098
75092
75088
75082
75079
75070
75068
75060
75057
75053
75049
75040
75035
75030
75025
75022
75019
75015
75010
75005
74996
74990
74990
74981
74977
74974
74968
74962
74960
74950
74949
74942
74938
74930
74927
74920
74916
74915
74909
74901
74895
74895
74888
74882
74879
74874
74867
74862
74855
74851
74845
74841
74838
74832
74826
74821
74815
74812
74806
74801
74799
74793
74788
74783
74777
74773
74769
74760
74760
74752
74747
74744
74737
74732
74728
74720
74715
74713
74706
74704
74700
74694
74686
74681
74680
74671
74670
74663
74656
74652
74645
74645
74637
74632
74625
74622
74619
74614
74605
74604
74600
74594
74587
74580
74577
74575
74569
74563
74559
74554
74549
74543
74539
74532
74530
74522
74520
74515
74506
74505
74495
74493
74486
74482
74475
74473
74470
74462
74460
74454
74445
74445
74435
74430
74426
74422
74420
74410
74410
74404
74399
74394
74390
74382
74377
74373
74365
74363
74359
74352
74347
74345
74338
74335
74327
74325
74320
74314
74307
74301
74299
74291
74287
74283
74275
74271
74269
74262
74259
74253
74250
74240
74240
74230
74225
74225
74218
74212
74205
74205
74199
74194
74189
74180
74179
74171
74165
74164
74159
74154
74150
74142
74135
74131
74128
74125
74119
74110
74108
74102
74098
74091
74089
74081
74078
74071
74070
74063
74055
74054
74049
74041
74036
74030
74025
74022
74015
74011
74007
74005
73995
73991
73985
73980
73976
73970
73970
73961
73957
73950
73947
73942
73935
73934
73928
73923
73917
73910
73906
73902
73899
73893
73887
73885
73875
73870
73867
73860
73859
73852
73845
73841
73839
73833
73826
73820
73820
73811
73810
73804
73795
73792
73786
73782
73776
73775
73768
73762
73756
73755
73746
73742
73735
73730
73727
73723
73716
73714
73706
73702
73696
73693
73687
73685
73676
73673
73669
73663
73657
73652
73650
73640
73638
73634
73626
73621
73615
73611
73608
73601
73597
73595
73590
73581
73575
73572
73566
73564
73555
73554
73549
73545
73537
73533
73527
73524
73516
73513
73505
73505
73496
73493
73489
73483
73479
73470
73467
73460
73459
73450
73448
73442
73438
73432
73430
73420
73415
73414
73405
73403
73400
73394
73389
73383
73377
73372
73368
73361
73358
73352
73346
73345
73339
73334
73327
73320
73318
73311
73305
73305
73298
73291
73289
73283
73279
73274
73265
73260
73255
73252
73250
73245
73240
73230
73230
73220
73218
73215
73210
73201
73200
73191
73185
73185
73177
73174
73165
73160
73155
73154
73148
73142
73135
73132
73126
73120
73120
73112
73107
73102
73097
73094
73085
73083
73079
73070
73069
73065
73059
73055
73049
73041
73035
73033
73030
73024
73017
73015
73008
73003
72998
72992
72989
72982
72976
72972
72970
72963
72956
72953
72946
72940
72935
72931
72930
72920
72920
72913
72909
72902
72896
72894
72889
72882
72878
72874
72868
72862
72857
72855
72846
72843
72838
72834
72825
72821
72816
72813
72810
72801
72795
72791
72787
72785
72778
72772
72765
72761
72755
72752
72746
72743
72736
72731
72726
72720
72716
72711
72710
72702
72699
72694
72688
72684
72677
72671
72670
72661
72657
72651
72646
72645
72636
72631
72630
72620
72619
72613
72608
72604
72596
72592
72589
72580
72575
72573
72569
72560
72559
72553
72547
72545
72537
72532
72527
72523
72517
72515
72505
72505
72500
72492
72488
72485
72476
72475
72468
72460
72460
72454
72446
72442
72435
72430
72426
72424
72415
72411
72406
72405
72399
72392
72388
72383
72375
72373
72365
72362
72355
72354
72346
72340
72340
72334
72326
72325
72320
72312
72310
72304
72299
72294
72289
72282
72276
72271
72265
72260
72257
72253
72249
72244
72237
72230
72228
72225
72215
72213
72208
72203
72198
72192
72187
72180
72176
72171
72165
72161
72155
72152
72148
72145
72136
72133
72129
72123
72120
72112
72110
72100
72097
72095
72086
72082
72079
72075
72068
72064
72056
72052
72050
72040
72039
72035
72025
72021
72019
72011
72008
72002
72000
71992
71989
71983
71976
71974
71967
71965
71960
71950
71948
71945
71937
71933
71926
71920
71918
71911
71907
71900
71896
71893
71890
71885
71877
71875
71868
71863
71857
71854
71850
71845
71838
71834
71826
71825
71818
71811
71806
71802
71795
71791
71789
71785
71778
71770
71765
71762
71757
71750
71748
71742
71737
71730
71728
71725
71715
71712
71706
71703
71700
71694
71690
71681
71680
71672
71666
71665
71655
71651
71650
71643
71639
71631
71629
71625
71616
71611
71605
71602
71600
71590
71586
71583
71579
71574
71568
71563
71557
71550
71547
71544
71538
71533
71530
71525
71518
71510
71510
71504
71498
71490
71490
71480
71476
71475
71469
71461
71457
71455
71449
71442
71436
71433
71426
71423
71418
71413
71405
71404
71397
71395
71385
71385
71379
71373
71365
71362
71360
71351
71349
71341
71340
71334
71330
71322
71316
71313
71305
71303
71295
71294
71289
71284
71279
71274
71268
71261
71259
71255
71249
71243
71235
71232
71230
71221
71216
71211
71208
71205
71198
71190
71186
71183
71175
71171
71165
71163
71159
71152
71146
71140
71137
71130
71126
71122
71116
71114
71107
71100
71096
71092
71090
71084
71075
71071
71065
71064
71059
71055
71050
71045
71038
71032
71029
71020
71020
71013
71007
71005
70995
70995
70989
70983
70979
70974
70965
70963
70955
70951
70948
70940
70936
70931
70929
70921
70919
70911
70910
70904
70896
70892
70888
70882
70880
70871
70865
70861
70859
70852
70846
70843
70835
70835
70830
70822
70816
70815
70806
70803
70796
70794
70785
70781
70778
70774
70766
70765
70759
70754
70747
70745
70737
70735
70725
70721
70718
70710
70708
70701
70700
70695
70688
70682
70678
70673
70665
70661
70659
70652
70650
70643
70639
70633
70629
70624
70616
70613
70605
70602
70596
70592
70589
70585
70575
70574
70566
70560
70557
70552
70545
70545
70535
70530
70527
70520
70519
70514
70505
70504
70498
70491
70487
70480
70476
70472
70466
70462
70456
70455
70449
70440
70439
70434
70430
70423
70417
70411
70409
70403
70398
70395
70388
70380
70376
70370
70369
70362
70355
70355
70350
70342
70338
70332
70328
70322
70319
70315
70308
70302
70297
70290
70287
70280
70276
70272
70266
70265
70255
70250
70245
70245
70235
70235
70229
70222
70220
70214
70209
70202
70199
70190
70190
70183
70176
70170
70170
70165
70157
70152
70146
70140
70140
70132
70125
70125
70115
70114
70108
70105
70098
70095
70087
70082
70076
70075
70065
70065
70058
70055
70047
70044
70040
70034
70025
70022
70018
70010
70009
70001
69998
69993
69989
69981
69980
69972
69967
69965
69959
69950
69950
69944
69937
69933
69929
69920
69917
69915
69905
69902
69900
69893
69887
69884
69879
69870
69865
69860
69856
69851
69850
69841
69836
69834
69825
69824
69815
69810
69805
69803
69798
69794
69788
69784
69777
69772
69768
69765
69758
69755
69747
69745
69740
69733
69730
69723
69716
69714
69709
69702
69698
69693
69686
69685
69678
69674
69668
69662
69655
69653
69645
69642
69635
69633
69630
69624
69620
69610
69608
69605
69597
69594
69586
69581
69577
69575
69569
69563
69556
69551
69549
69543
69536
69533
69530
69521
69515
69510
69510
69503
69499
69491
69486
69485
69480
69471
69467
69465
69459
69454
69450
69441
69439
69433
69426
69422
69418
69414
69409
69402
69395
69393
69388
69385
69377
69374
69370
69365
69358
69350
69350
69342
69335
69333
69330
69325
69317
69310
69307
69300
69297
69291
69286
69283
69279
69271
69269
69264
69257
69251
69246
69241
69238
69231
69228
69221
69217
69213
69206
69204
69199
69191
69189
69183
69180
69174
69165
69165
69157
69151
69147
69143
69138
69131
69128
69121
69119
69111
69109
69102
69098
69090
69089
69080
69076
69073
69068
69061
69060
69051
69046
69042
69037
69033
69028
69024
69015
69011
69010
69004
68997
68990
68989
68982
68978
68974
68968
68964
68955
68950
68947
68941
68939
68932
68930
68922
68916
68915
68907
68901
68899
68890
68885
68885
68875
68872
68868
68862
68859
68850
68846
68845
68836
68830
68825
68823
68818
68815
68806
68800
68795
68795
68790
68781
68778
68770
68769
68764
68758
68754
68746
68745
68739
68734
68725
68722
68719
68715
68705
68700
68696
68690
68689
68683
68679
68673
68665
68665
68657
68654
68647
68644
68640
68634
68626
68620
68620
68611
68610
68601
68596
68593
68585
68581
68576
68572
68567
68562
68557
68553
68550
68541
68535
68532
68528
68520
68519
68512
68505
68504
68497
68494
68489
68483
68475
68471
68467
68463
68455
68451
68446
68440
68438
68431
68430
68424
68415
68414
68407
68405
68395
68393
68387
68384
68380
68370
68370
68364
68355
68352
68349
68345
68335
68331
68330
68322
68317
68313
68309
68305
68298
68290
68290
68283
68276
68270
68270
68264
68257
68253
68247
68241
68240
68233
68229
68225
68218
68212
68210
68201
68197
68195
68189
68180
68180
68170
68167
68161
68160
68154
68150
68142
68140
68132
68126
68123
68120
68114
68105
68102
68099
68094
68090
68084
68079
68073
68066
68064
68059
68054
68045
68040
68036
68031
68027
68022
68018
68011
68007
68004
67997
67991
67987
67982
67979
67971
67967
67962
67959
67953
67948
67941
67939
67933
67926
67920
67918
67913
67906
67904
67900
67891
67887
67882
67879
67875
67866
67863
67856
67854
67845
67845
67838
67832
67828
67823
67819
67814
67806
67804
67795
67792
67788
67783
67779
67771
67767
67765
67757
67755
67746
67744
67740
67731
67728
67722
67717
67715
67706
67701
67697
67693
67690
67681
67679
67673
67666
67661
67657
67651
67648
67645
67635
67630
67630
67625
67617
67611
67607
67603
67596
67595
67586
67580
67578
67573
67567
67565
67557
67553
67549
67540
67540
67531
67525
67523
67517
67514
67507
67502
67498
67492
67486
67485
67479
67473
67466
67460
67459
67454
67445
67441
67436
67435
67426
67422
67417
67413
67409
67400
67398
67391
67385
67383
67380
67372
67369
67363
67356
67355
67350
67340
67338
67333
67327
67323
67320
67312
67309
67303
67299
67295
67286
67280
67278
67272
67269
67265
67260
67253
67245
67245
67235
67234
67226
67220
67217
67215
67207
67204
67198
67194
67188
67183
67180
67171
67169
67161
67155
67151
67147
67145
67136
67131
67127
67124
67116
67112
67109
67101
67099
67093
67090
67083
67077
67074
67069
67064
67055
67054
67049
67043
67037
67033
67029
67024
67018
67015
67008
67003
66997
66991
66988
66982
66977
66971
66967
66960
66956
66952
66946
66945
66937
66934
66929
66925
66915
66910
66906
66904
66898
66891
66888
66884
66878
66870
66866
66860
66860
66850
66847
66841
66840
66830
66829
66822
66815
66813
66806
66804
66796
66795
66787
66783
66776
66770
66769
66762
66757
66755
66746
66743
66737
66733
66726
66725
66720
66715
66709
66700
66698
66694
66686
66685
66675
66674
66670
66662
66658
66655
66650
66644
66639
66630
66629
66622
66615
66610
66609
66600
66598
66590
66590
66583
66575
66575
66566
66564
66555
66555
66546
66545
66536
66531
66528
66522
66516
66515
66509
66500
66498
66494
66488
66484
66475
66474
66470
66461
66459
66455
66449
66443
66439
66435
66426
66423
66416
66411
66407
66401
66395
66392
66386
66382
66377
66371
66369
66362
66360
66352
66349
66345
66340
66333
66329
66321
66315
66314
66306
66303
66298
66291
66285
66284
66280
66272
66270
66261
66256
66251
66249
66241
66236
66235
66229
66224
66218
66213
66206
66204
66197
66191
66190
66180
66179
66172
66169
66162
66157
66155
66148
66144
66135
66135
66126
66121
66115
66111
66108
66100
66098
66095
66085
66082
66079
66074
66066
66061
66056
66055
66046
66041
66037
66034
66029
66024
66020
66014
66010
66002
65998
65995
65990
65984
65980
65973
65970
65962
65960
65953
65948
65943
65937
65932
65928
65920
65916
65911
65905
65905
65897
65894
65887
65883
65876
65875
65868
65861
65860
65851
65850
65842
65835
65831
65828
65825
65817
65810
65807
65804
65795
65794
65786
65785
65780
65774
65770
65763
65756
65754
65748
65741
65737
65733
65730
65724
65719
65711
65707
65702
65698
65693
65688
65683
65678
65670
65665
65662
65655
65654
65648
65640
65639
65635
65629
65623
65615
65615
65607
65603
65600
65595
65588
65584
65580
65575
65570
65565
65556
65551
65547
65544
65537
65532
65530
65520
65518
65514
65510
65500
65499
65492
65487
65480
65480
65475
65465
65465
65457
65452
65447
65444
65435
65431
65428
65425
65416
65413
65406
65400
65395
65395
65387
65384
65379
65374
65365
65364
65357
65352
65347
65344
65335
65333
65326
65325
65317
65313
65309
65300
65299
65290
65285
65282
65280
65274
65268
65265
65258
65251
65245
65240
65238
65230
65229
65223
65219
65211
65207
65203
65196
65191
65189
65183
65178
65170
65166
65163
65159
65153
65145
65143
65136
65131
65129
65125
65120
65110
65106
65100
65096
65091
65089
65081
65077
65074
65070
65060
65056
65050
65049
65043
65036
65035
65026
65024
65016
65013
65006
65003
64998
64992
64988
64983
64979
64974
64965
64962
64957
64950
64947
64940
64938
64931
64925
64923
64915
64911
64908
64905
64900
64892
64886
64880
64880
64871
64865
64861
64855
64852
64850
64844
64836
64833
64829
64823
64815
64811
64805
64802
64797
64792
64785
64782
64775
64772
64769
64761
64757
64752
64750
64740
64738
64734
64730
64720
64716
64714
64709
64704
64696
64693
64690
64680
64677
64674
64666
64663
64658
64654
64645
64644
64637
64635
64627
64624
64620
64611
64605
64603
64595
64593
64590
64582
64578
64575
64567
64565
64558
64551
64548
64541
64540
64533
64528
64522
64519
64514
64510
64501
64499
64493
64488
64481
64480
64474
64465
64460
64458
64450
64447
64440
64436
64430
64426
64425
64418
64414
64410
64400
64396
64392
64389
64383
64380
64370
64366
64362
64358
64350
64349
64344
64338
64334
64329
64320
64320
64310
64307
64304
64300
64290
64286
64281
64279
64270
64265
64264
64258
64251
64246
64244
64236
64231
64226
64223
64219
64212
64207
64201
64198
64190
64189
64181
64180
64174
64166
64162
64160
64153
64150
64142
64139
64132
64129
64123
64120
64114
64105
64105
64096
64093
64087
64085
64079
64072
64065
64063
64059
64051
64047
64042
64039
64035
64027
64023
64017
64011
64008
64005
63997
63995
63989
63985
63980
63974
63968
63964
63960
63954
63948
63945
63938
63935
63930
63923
63919
63912
63905
63900
63899
63892
63885
63883
63880
63873
63867
63864
63860
63855
63849
63841
63837
63830
63826
63820
63816
63814
63808
63805
63799
63792
63788
63782
63779
63775
63769
63763
63759
63753
63745
63745
63740
63730
63730
63721
63717
63710
63706
63704
63696
63690
63686
63684
63676
63671
63665
63663
63655
63652
63646
63640
63639
63634
63627
63621
63617
63610
63606
63603
63600
63592
63589
63580
63580
63571
63567
63565
63555
63551
63550
63545
63540
63532
63527
63522
63520
63512
63505
63502
63496
63492
63485
63484
63475
63472
63466
63464
63455
63455
63450
63441
63440
63430
63430
63421
63417
63412
63408
63401
63395
63390
63386
63384
63380
63373
63365
63364
63359
63354
63347
63341
63336
63334
63330
63322
63318
63311
63308
63305
63299
63290
63289
63284
63280
63270
63269
63263
63256
63250
63250
63245
63237
63235
63227
63224
63216
63214
63209
63205
63197
63194
63190
63182
63175
63174
63167
63161
63160
63152
63150
63145
63137
63133
63128
63122
63115
63114
63105
63100
63096
63093
63090
63084
63077
63073
63069
63060
63059
63055
63046
63040
63036
63035
63026
63021
63018
63014
63007
63001
62996
62991
62985
62982
62979
62973
62966
62962
62960
62953
62946
62943
62938
62930
62928
62921
62917
62912
62910
62902
62897
62895
62889
62883
62878
62871
62867
62860
62858
62852
62849
62841
62835
62833
62830
62822
62817
62815
62810
62804
62800
62791
62786
62782
62778
62771
62770
62765
62757
62755
62749
62740
62737
62734
62727
62725
62715
62714
62706
62700
62696
62694
62690
62680
62676
62670
62665
62665
62656
62652
62649
62645
62635
62635
62627
62625
62619
62612
62605
62603
62600
62594
62588
62585
62580
62575
62570
62564
62556
62550
62546
62543
62535
62535
62527
62520
62519
62511
62507
62505
62498
62493
62486
62483
62480
62474
62470
62464
62460
62455
62446
62440
62435
62435
62429
62425
62415
62412
62408
62403
62398
62395
62389
62382
62377
62374
62368
62362
62355
62354
62347
62341
62338
62333
62330
62323
62319
62311
62308
62301
62297
62293
62288
62281
62279
62271
62266
62260
62255
62253
62250
62241
62237
62234
62226
62221
62220
62212
62208
62200
62195
62194
62188
62183
62179
62175
62165
62164
62159
62155
62147
62141
62140
62132
62128
62120
62115
62114
62106
62103
62095
62093
62085
62081
62079
62074
62065
62063
62059
62052
62046
62040
62038
62033
62025
62025
62018
62011
62008
62003
61998
61991
61986
61985
61976
61970
61965
61961
61957
61953
61950
61942
61938
61935
61929
61921
61915
61910
61907
61904
61899
61894
61890
61881
61878
61873
61868
61863
61859
61855
61848
61842
61836
61832
61830
61825
61816
61812
61805
61800
61799
61794
61787
61783
61778
61775
61769
61763
61755
61753
61748
61745
61739
61733
61728
61723
61716
61710
61706
61705
61695
61694
61690
61683
61678
61675
61665
61665
61657
61655
61647
61643
61635
61634
61628
61624
61620
61613
61605
61600
61595
61594
61589
61580
61578
61570
61567
61560
61560
61553
61549
61543
61538
61533
61529
61520
61515
61514
61507
61503
61497
61493
61485
61481
61475
61474
61470
61464
61460
61453
61448
61442
61437
61432
61428
61421
61417
61410
61409
61400
61395
61395
61387
61380
61380
61374
61365
61361
61357
61355
61346
61344
61338
61330
61325
61324
61319
61313
61307
61302
61299
61293
61288
61284
61277
61273
61270
61262
61259
61252
61246
61242
61237
61233
61228
61223
61217
61214
61208
61203
61199
61194
61189
61185
61177
61174
61169
61160
61155
61153
61150
61143
61135
61132
61127
61121
61116
61112
61108
61101
61099
61094
61088
61083
61078
61072
61066
61064
61058
61054
61047
61044
61039
61035
61026
61022
61015
61011
61010
61002
60996
60992
60989
60982
60980
60975
60967
60965
60958
60950
60947
60943
60939
60935
60926
60921
60916
60910
60907
60905
60900
60894
60890
60881
60875
60871
60865
60861
60855
60852
60847
60840
60839
60830
60825
60823
60817
60813
60807
60805
60799
60794
60785
60785
60776
60772
60768
60764
60758
60752
60747
60745
60740
60732
60726
60720
60715
60715
60709
60703
60700
60693
60688
60683
60680
60671
60665
60665
60659
60652
60646
60643
60635
60630
60629
60624
60617
60614
60605
60603
60595
60592
60587
60582
60580
60575
60569
60562
60559
60550
60546
60541
60535
60531
60526
60520
60516
60515
60505
60500
60497
60495
60490
60485
60477
60473
60468
60462
60456
60455
60450
60441
60438
60433
60426
60422
60415
60412
60408
60403
60396
60394
60387
60380
60380
60373
60367
60365
60356
60352
60346
60340
60336
60335
60328
60322
60317
60311
60307
60303
60297
60292
60285
60284
60278
60271
60270
60261
60256
60254
60248
60244
60238
60232
60225
60222
60217
60212
60208
60200
60198
60190
60187
60181
60180
60173
60167
60164
60156
60153
60150
60145
60139
60133
60130
60123
60120
60115
60106
60105
60096
60091
60088
60084
60079
60070
60069
60060
60060
60050
60049
60040
60039
60031
60028
60025
60019
60014
60008
60004
59995
59993
59990
59982
59979
59972
59968
59962
59958
59954
59947
59940
59935
59932
59927
59921
59916
59911
59906
59905
59898
59895
59889
59880
59876
59875
59865
59862
59855
59855
59849
59841
59837
59834
59830
59824
59818
59814
59805
59801
59800
59790
59789
59785
59778
59770
59768
59762
59757
59754
59748
59741
59737
59732
59728
59725
59715
59713
59707
59703
59698
59695
59690
59684
59677
59674
59670
59663
59660
59655
59649
59642
59635
59635
59627
59624
59620
59614
59606
59602
59596
59595
59588
59583
59578
59574
59568
59561
59558
59552
59545
59544
59539
59535
59529
59522
59516
59511
59506
59501
59500
59494
59485
59482
59477
59473
59465
59461
59457
59453
59447
59440
59435
59435
59427
59422
59418
59411
59410
59401
59400
59392
59389
59383
59380
59372
59370
59361
59356
59351
59347
59345
59340
59333
59329
59320
59316
59315
59309
59302
59297
59294
59289
59285
59276
59272
59265
59263
59260
59253
59249
59241
59238
59234
59230
59222
59217
59212
59210
59201
59196
59190
59190
59182
59179
59170
59166
59163
59158
59155
59147
59141
59136
59135
59127
59123
59115
59110
59108
59105
59100
59090
59086
59083
59077
59074
59070
59065
59060
59052
59049
59040
59035
59032
59029
59023
59017
59014
59008
59005
59000
58994
58989
58981
58976
58975
58970
58960
58958
58952
58948
58941
58937
58933
58926
58923
58918
58914
58907
58905
58900
58892
58887
58884
58875
58872
58870
58862
58858
58854
58847
58845
58837
58834
58825
58820
58820
58813
58806
58803
58798
58791
58790
58785
58775
58772
58770
58765
58755
58755
58748
58740
58735
58730
58726
58725
58715
58712
58705
58701
58698
58695
58688
58685
58676
58675
58669
58664
58658
58651
58650
58644
58640
58631
58630
58625
58617
58613
58606
58603
58596
58591
58587
58580
58578
58574
58565
58565
58556
58554
58546
58543
58537
58532
58529
58524
58520
58514
58509
58500
58499
58490
58488
58484
58475
58475
58468
58465
58456
58455
58445
58444
58436
58433
58429
58425
58417
58412
58405
58400
58396
58390
58386
58384
58380
58374
58367
58361
58355
58354
58345
58340
58340
58335
58325
58321
58320
58315
58307
58302
58298
58291
58286
58281
58280
58272
58267
58261
58260
58253
58248
58245
58240
58232
58228
58221
58216
58212
58207
58200
58199
58193
58190
58180
58180
58170
58167
58162
58156
58150
58145
58140
58138
58131
58129
58120
58117
58110
58108
58104
58098
58090
58086
58080
58075
58072
58068
58065
58059
58052
58046
58045
58040
58034
58028
58021
58017
58012
58009
58004
57999
57991
57988
57983
57979
57974
57965
57964
57960
57955
57948
57940
57936
57933
57929
57923
57919
57913
57908
57902
57896
57891
57890
57883
57875
57870
57865
57865
57856
57851
57848
57841
57837
57835
57830
57825
57816
57813
57805
57804
57796
57790
57788
57780
57776
57775
57768
57763
57755
57754
57750
57743
57738
57731
57725
57723
57716
57710
57707
57700
57696
57691
57687
57682
57679
57673
57666
57661
57660
57650
57645
57641
57640
57634
57627
57623
57616
57614
57610
57603
57595
57591
57587
57584
57579
57573
57568
57564
57560
57552
57548
57544
57539
57531
57530
57524
57520
57513
57505
57503
57499
57491
57487
57483
57480
57472
57469
57460
57458
57453
57448
57442
57437
57431
57426
57425
57417
57415
57409
57401
57397
57395
57388
57380
57378
57370
57369
57363
57355
57350
57349
57343
57336
57330
57330
57323
57320
57310
57308
57304
57299
57290
57288
57280
57277
57274
57270
57260
57258
57255
57245
57240
57238
57231
57230
57222
57220
57214
57205
57205
57200
57193
57187
57181
57177
57173
57168
57163
57157
57153
57147
57145
57140
57135
57126
57120
57117
57114
57109
57103
57099
57093
57090
57081
57079
57072
57069
57063
57060
57054
57048
57044
57038
57035
57025
57021
57019
57012
57005
57001
57000
56990
56987
56980
56979
56973
56965
56965
56957
56952
56947
56942
56935
56930
56928
56920
56916
56912
56906
56901
56896
56890
56887
56883
56877
56871
56870
56864
56856
56855
56850
56841
56836
56833
56828
56822
56818
56811
56806
56801
56796
56795
56789
56782
56775
56774
56765
56764
56755
56753
56750
56743
56735
56730
56728
56723
56718
56714
56710
56701
56700
56691
56686
56682
56678
56671
56666
56665
56660
56654
56649
56644
56635
56632
56628
56624
56615
56612
56606
56604
56596
56595
56589
56580
56576
56570
56565
56564
56556
56554
56550
56542
56537
56532
56528
56522
56516
56515
56507
56501
56496
56491
56486
56485
56477
56475
56465
56464
56456
56453
56449
56440
56436
56431
56425
56421
56416
56415
56405
56403
56397
56394
56390
56383
56378
56371
56368
56362
56356
56353
56345
56340
56338
56334
56326
56322
56317
56310
56306
56303
56298
56294
56289
56282
56280
56275
56267
56264
56257
56250
56249
56240
56237
56233
56227
56221
56220
56211
56209
56202
56196
56193
56187
56180
56177
56173
56170
56163
56156
56153
56149
56142
56137
56133
56130
56121
56120
56112
56108
56101
56098
56093
56090
56080
56079
56073
56068
56061
56055
56053
56048
56044
56036
56033
56025
56021
56015
56010
56005
56000
55999
55990
55990
55982
55978
55974
55966
55965
55960
55955
55946
55940
55936
55935
55927
55924
55917
55914
55909
55903
55897
55894
55885
55883
55879
55871
55868
55861
55858
55852
55845
55842
55835
55834
55827
55821
55815
55812
55807
55804
55796
55793
55788
55783
55780
55774
55765
55761
55758
55753
55749
55745
55738
55731
55729
55723
55715
55711
55708
55704
55698
55693
55686
55684
55679
55670
55670
55663
55659
55653
55650
55645
55639
55633
55629
55625
55616
55613
55609
55603
55595
55592
55586
55583
55577
55574
55569
55563
55556
55550
55549
55541
55537
55535
55530
55525
55519
55511
55506
55503
55496
55491
55486
55481
55475
55472
55465
55463
55460
55451
55446
55444
55437
55432
55427
55421
55417
55411
55407
55400
55395
55392
55389
55380
55375
55373
55369
55360
55357
55354
55350
55340
55337
55335
55327
55322
55316
55315
55307
55303
55300
55290
55289
55283
55279
55273
55266
55262
55256
55250
55248
55243
55235
55233
55226
55225
55219
55215
55207
55204
55198
55192
55185
55185
55180
55171
55169
55160
55160
55155
55146
55141
55140
55132
55130
55122
55119
55114
55110
55101
55099
55092
55085
55084
55075
55072
55068
55062
55056
55054
55045
55043
55040
55035
55030
55020
55020
55010
55007
55001
55000
54993
54987
54981
54976
54975
54968
54963
54955
54952
54949
54942
54939
54933
54927
54921
54919
54915
54905
54900
54899
54894
54889
54882
54876
54870
54868
54861
54858
54854
54849
54841
54840
54830
54828
54824
54815
54810
54809
54805
54798
54792
54786
54781
54778
54771
54770
54762
54760
54753
54745
54744
54735
54733
54727
54723
54716
54713
54707
54700
54695
54690
54688
54682
54679
54673
54668
54661
54660
54654
54649
54642
54640
54635
54627
54625
54618
54615
54609
54601
54600
54593
54590
54581
54575
54571
54565
54565
54560
54551
54548
54545
54536
54532
54526
54520
54519
54510
54508
54502
54496
54494
54489
54484
54477
54475
54465
54462
54460
54451
54446
54440
54440
54435
54429
54422
54419
54415
54409
54403
54400
54390
54387
54382
54377
54371
54368
54365
54359
54352
54345
54340
54337
54333
54327
54322
54315
54313
54308
54302
54299
54295
54285
54282
54278
54275
54267
54263
54256
54254
54246
54244
54240
54230
54226
54223
54218
54211
54208
54204
54196
54193
54190
54182
54176
54175
54166
54164
54160
54154
54149
54140
54137
54133
54127
54123
54117
54113
54110
54103
54100
54095
54086
54082
54080
54071
54070
54060
54057
54054
54048
54045
54036
54033
54026
54022
54018
54013
54007
54000
54000
53993
53990
53985
53979
53975
53969
53960
53957
53952
53950
53941
53938
53931
53928
53922
53915
53910
53907
53902
53899
53890
53889
53885
53880
53873
53868
53862
53855
53855
53848
53842
53840
53830
53828
53825
53816
53814
53805
53805
53797
53795
53786
53783
53776
53773
53766
53765
53755
53755
53750
53744
53739
53732
53729
53721
53719
53715
53709
53704
53697
53695
53685
53683
53676
53670
53670
53663
53659
53655
53648
53644
53639
53635
53630
53625
53618
53613
53608
53602
53597
53595
53588
53585
53575
53574
53566
53564
53557
53553
53546
53541
53537
53534
53530
53524
53520
53512
53510
53503
53495
53490
53485
53482
53480
53475
53469
53463
53460
53450
53447
53440
53439
53433
53430
53424
53416
53411
53410
53404
53399
53393
53385
53384
53378
53374
53369
53362
53356
53352
53350
53345
53337
53332
53325
53320
53317
53314
53309
53305
53298
53293
53289
53281
53275
53272
53268
53263
53255
53251
53250
53242
53236
53232
53229
53220
53215
53212
53205
53203
53199
53190
53187
53184
53175
53172
53167
53162
53155
53151
53150
53145
53135
53130
53128
53123
53119
53113
53106
53103
53095
53094
53089
53085
53075
53072
53067
53062
53055
53053
53045
53043
53039
53032
53025
53025
53016
53010
53008
53003
52996
52993
52990
52983
52980
52970
52966
52965
52958
52950
52945
52943
52940
52930
52927
52924
52920
52914
52907
52900
52896
52894
52888
52883
52878
52875
52866
52862
52857
52855
52847
52843
52840
52830
52828
52824
52815
52813
52809
52803
52798
52793
52785
52783
52780
52772
52765
52763
52756
52751
52746
52740
52738
52732
52729
52724
52715
52712
52710
52703
52695
52692
52689
52683
52678
52674
52668
52662
52658
52651
52646
52640
52636
52635
52625
52620
52620
52610
52606
52604
52596
52592
52588
52582
52576
52574
52569
52564
52558
52550
52547
52540
52535
52534
52528
52524
52519
52513
52506
52500
52500
52493
52486
52481
52476
52472
52466
52465
52457
52453
52447
52444
52437
52430
52430
52423
52419
52413
52407
52403
52398
52392
52388
52380
52377
52375
52369
52360
52360
52350
52350
52341
52338
52332
52326
52320
52318
52314
52307
52304
52298
52292
52289
52282
52275
52272
52265
52262
52257
52255
52248
52243
52236
52231
52226
52220
52219
52212
52208
52205
52196
52195
52189
52181
52177
52170
52165
52165
52158
52151
52149
52141
52135
52133
52130
52124
52119
52113
52110
52101
52097
52093
52088
52082
52078
52074
52066
52064
52056
52054
52046
52045
52038
52031
52028
52023
52019
52012
52007
52003
51995
51990
51990
51984
51978
51970
51969
51960
51959
51954
51949
51940
51939
51935
51930
51921
51918
51911
51905
51904
51897
51892
51886
51885
51877
51870
51865
51861
51860
51850
51848
51842
51835
51832
51827
51820
51817
51814
51810
51801
51800
51795
51788
51785
51776
51773
51767
51765
51755
51754
51747
51745
51737
51733
51728
51723
51720
51711
51710
51704
51700
51690
51685
51685
51678
51672
51665
51660
51657
51654
51646
51645
51635
51634
51628
51622
51618
51611
51606
51604
51595
51591
51589
51580
51580
51575
51565
51563
51559
51550
51548
51545
51535
51535
51525
51523
51515
51511
51507
51500
51498
51492
51486
51484
51477
51475
51466
51460
51459
51450
51445
51442
51435
51432
51425
51421
51419
51412
51408
51401
51400
51394
51389
51380
51378
51374
51367
51365
51358
51354
51347
51345
51338
51335
51326
51325
51318
51314
51306
51304
51297
51294
51287
51280
51275
51274
51268
51264
51255
51251
51248
51245
51237
51233
51225
51225
51217
51214
51210
51204
51196
51194
51186
51184
51178
51170
51166
51165
51155
51155
51150
51141
51136
51133
51129
51125
51118
51115
51105
51104
51099
51093
51086
51085
51077
51075
51070
51060
51059
51053
51048
51040
51038
51035
51030
51021
51017
51011
51008
51001
50995
50993
50985
50985
50976
50971
50965
50961
50958
50951
50948
50943
50939
50935
50927
50921
50919
50915
50907
50902
50896
50893
50888
50883
50875
50871
50868
50861
50856
50854
50850
50840
50838
50831
50829
50820
50818
50815
50806
50804
50796
50792
50789
50781
50776
50774
50770
50763
50759
50751
50748
50744
50739
50731
50725
50725
50718
50713
50705
50704
50696
50693
50689
50683
50675
50672
50666
50665
50656
50653
50650
50641
50635
50634
50627
50623
50619
50610
50606
50600
50596
50592
50587
50582
50575
50572
50570
50564
50556
50550
50548
50541
50540
50533
50525
50523
50519
50511
50508
50502
50500
50491
50490
50484
50475
50475
50467
50464
50456
50453
50446
50445
50435
50432
50428
50424
50417
50415
50408
50404
50395
50390
50386
50380
50379
50370
50365
50360
50356
50354
50349
50343
50337
50333
50328
50321
50315
50311
50309
50304
50295
50294
50287
50283
50278
50274
50269
50260
50258
50253
50247
50241
50240
50231
50230
50221
50220
50215
50208
50205
50200
50193
50188
50180
50175
50173
50169
50162
50160
50154
50147
50144
50137
50133
50129
50121
50120
50114
50109
50100
50096
50091
50085
50085
50078
50075
50068
50062
50055
50052
50046
50042
50040
50032
50029
50023
50019
50013
50009
50000
