119997
119993
119987
119980
119975
119973
119970
119960
119960
119952
119950
119941
119935
119930
119929
119921
119919
119910
119906
119903
119899
119894
119887
119881
119875
119871
119867
119862
119858
119853
119846
119841
119839
119834
119829
119821
119820
119812
119810
119804
119799
119795
119789
119780
119777
119775
119766
119764
119755
119751
119749
119740
119735
119732
119727
119720
119719
119710
119707
119704
119696
119693
119687
119685
119678
119670
119667
119661
119660
119651
119645
119642
119637
119630
119627
119624
119617
119613
119605
119602
119597
119593
119587
119581
119578
119572
119565
119563
119557
119551
119545
119540
119535
119534
119528
119522
119515
119511
119508
119500
119495
119492
119486
119480
119477
119475
119469
119461
119456
119451
119449
119441
119435
119432
119429
119425
119416
119411
119408
119400
119397
119395
119389
119381
119375
119374
119368
119363
119358
119355
119346
119344
119338
119334
119326
119323
119317
119313
119306
119305
119300
119294
119289
119281
119276
119273
119268
119263
119260
119254
119247
119242
119240
119231
119229
119225
119215
119212
119207
119202
119195
119194
119187
119184
119176
119170
119166
119163
119159
119151
119148
119140
119139
119131
119127
119122
119120
119112
119109
119105
119098
119092
119087
119084
119076
119072
119068
119061
119058
119052
119045
119041
119037
119030
119027
119022
119019
119012
119007
119002
119000
118991
118986
118985
118980
118971
118970
118965
118957
118950
118948
118944
118935
118935
118930
118924
118920
118914
118905
118904
118900
118892
118886
118884
118876
118875
118866
118860
118860
118852
118847
118843
118839
118830
118829
118821
118820
118814
118805
118804
118799
118794
118785
118785
118780
118770
118767
118765
118757
118753
118746
118744
118739
118730
118725
118724
118717
118711
118706
118705
118698
118693
118687
118683
118679
118673
118666
118661
118658
118655
118648
118641
118637
118632
118627
118623
118620
118614
118607
118600
118599
118591
118585
118585
118578
118573
118569
118563
118556
118552
118549
118544
118538
118534
118528
118521
118519
118514
118505
118503
118495
118495
118490
118485
118475
118474
118468
118461
118459
118452
118446
118440
118437
118435
118428
118424
118416
118411
118410
118402
118399
118390
118390
118380
118376
118375
118370
118364
118360
118350
118346
118343
118335
118334
118326
118321
118319
118311
118307
118305
118296
118294
118288
118283
118276
118274
118268
118265
118260
118251
118246
118244
118236
118231
118227
118221
118220
118210
118207
118202
118197
118191
118186
118180
118180
118173
118166
118165
118159
118151
118147
118142
118136
118133
118129
118121
118118
118112
118110
118105
118100
118092
118087
118085
118077
118074
118068
118060
118059
118052
118049
118043
118037
118032
118028
118021
118020
118013
118009
118002
117998
117995
117986
117982
117980
117975
117968
117963
117960
117954
117946
117944
117937
117930
117927
117923
117918
117915
117910
117905
117896
117894
117887
117882
117875
117872
117866
117862
117860
117854
117845
117845
117838
117830
117826
117820
117819
117811
117809
117804
117800
117795
117787
117781
117778
117772
117768
117761
117757
117750
117746
117743
117739
117735
117730
117723
117718
117710
117709
117703
117696
117694
117688
117680
117675
117670
117666
117664
117659
117654
117645
117645
117635
117634
117625
117624
117618
117610
117606
117604
117596
117591
117588
117580
117577
117573
117569
117565
117557
117554
117547
117545
117535
117533
117525
117521
117515
117510
117510
117502
117496
117493
117487
117485
117480
117472
117466
117465
117459
117451
117450
117445
117439
117431
117430
117422
117420
117412
117409
117405
117395
117393
117387
117384
117380
117371
117369
117365
117357
117352
117345
117345
117339
117330
117327
117325
117317
117310
117309
117302
117297
117294
117289
117284
117277
117275
117265
117264
117256
117254
117246
117242
117236
117233
117226
117222
117220
117214
117208
117200
117200
117191
117190
117184
117178
117174
117168
117163
117155
117152
117145
117145
117135
117133
117129
117123
117116
117111
117106
117100
117095
117094
117086
117082
117077
117073
117065
117064
117060
117053
117047
117041
117035
117032
117030
117020
117018
117012
117008
117005
116998
116994
116989
116982
116975
116971
116970
116963
116959
116952
116946
116944
116937
116933
116929
116920
116920
116913
116906
116905
116897
116892
116887
116885
116878
116872
116867
116861
116856
116851
116845
116844
116839
116832
116828
116822
116820
116812
116806
116802
116798
116794
116786
116784
116780
116773
116767
116765
116756
116753
116748
116742
116737
116731
116725
116721
116720
116712
116708
116703
116695
116691
116687
116681
116675
116673
116668
116660
116655
116655
116650
116642
116638
116634
116630
116621
116615
116612
116605
116602
116599
116593
116589
116584
116580
116573
116570
116563
116556
116550
116549
116545
116540
116530
116528
116523
116517
116515
116506
116504
116498
116495
116485
116482
116476
116471
116469
116465
116460
116455
116445
116442
116440
116432
116427
116425
116419
116411
116407
116405
116399
116394
116387
116383
116375
116375
116370
116361
116356
116350
116347
116344
116338
116332
116330
116325
116318
116312
116309
116300
116300
116292
116290
116283
116277
116271
116268
116262
116259
116251
116248
116241
116237
116232
116227
116221
116215
116214
116209
116202
116195
116191
116188
116180
116180
116172
116168
116164
116156
116151
116150
116144
116140
116135
116125
116123
116117
116115
116105
116104
116099
116095
116087
116083
116079
116074
116070
116064
116059
116053
116047
116043
116040
116033
116029
116025
116017
116014
116009
116003
115998
115990
115988
115980
115977
115972
115966
115964
115956
115953
115949
115943
115937
115933
115930
115925
115919
115910
115907
115905
115897
115893
115887
115885
115876
115873
115866
115862
115857
115852
115845
115841
115839
115833
115830
115823
115817
115813
115810
115800
115795
115794
115788
115784
115776
115772
115768
115762
115758
115753
115749
115740
115736
115730
115725
115721
115718
115710
115705
115705
115700
115692
115685
115684
115680
115674
115666
115665
115659
115650
115646
115645
115639
115634
115629
115624
115616
115612
115610
115602
115598
115595
115590
115584
115578
115571
115567
115562
115558
115553
115548
115543
115537
115531
115528
115520
115515
115515
115507
115505
115496
115490
115488
115483
115475
115471
115468
115460
115456
115453
115446
115441
115437
115435
115430
115422
115419
115413
115405
115403
115395
115395
115387
115382
115377
115373
115367
115362
115360
115350
115347
115343
115339
115334
115325
115321
115315
115315
115310
115305
115299
115290
115285
115283
115280
115274
115265
115261
115257
115254
115247
115245
115235
115231
115225
115224
115216
115215
115210
115202
115195
115195
115187
115185
115179
115174
115166
115163
115157
115153
115145
115141
115137
115132
115125
115121
115117
115115
115108
115101
115100
115095
115085
115084
115079
115075
115067
115060
115055
115054
115050
115044
115037
115034
115026
115024
115019
115010
115005
115002
114995
114990
114988
114982
114979
114970
114965
114965
114956
114950
114948
114945
114940
114931
114929
114923
114916
114910
114909
114901
114897
114891
114885
114881
114880
114874
114865
114863
114858
114852
114846
114844
114835
114835
114826
114824
114815
114814
114807
114803
114796
114790
114788
114785
114776
114775
114769
114764
114758
114755
114745
114741
114736
114733
114728
114722
114719
114710
114706
114703
114697
114691
114689
114682
114676
114670
114666
114665
114659
114653
114646
114643
114636
114630
114625
114621
114615
114613
114609
114600
114596
114595
114586
114585
114578
114570
114566
114564
114555
114550
114548
114544
114537
114532
114528
114521
114516
114510
114506
114500
114497
114492
114490
114485
114478
114475
114470
114463
114459
114453
114445
114444
114436
114435
114428
114425
114417
114411
114409
114402
114395
114394
114389
114383
114377
114375
114367
114362
114357
114351
114350
114343
114338
114333
114328
114321
114316
114314
114305
114300
114300
114294
114285
114280
114278
114272
114267
114260
114255
114251
114248
114245
114236
114230
114227
114223
114217
114210
114208
114201
114195
114190
114190
114185
114177
114170
114169
114164
114155
114152
114149
114140
114136
114133
114130
114125
114115
114110
114106
114103
114100
114092
114090
114082
114077
114071
114066
114063
114056
114055
114048
114041
114038
114033
114025
114023
114020
114014
114005
114002
113995
113991
113989
113985
113979
113973
113966
113964
113955
113952
113947
113942
113940
113935
113929
113922
113915
113915
113909
113903
113896
113891
113889
113880
113879
113875
113866
113860
113856
113854
113850
113845
113838
113831
113826
113821
113815
113815
113808
113804
113798
113790
113790
113781
113776
113773
113765
113764
113755
113751
113747
113741
113738
113735
113729
113725
113720
113714
113706
113704
113697
113695
113690
113681
113680
113672
113670
113662
113659
113653
113648
113644
113635
113630
113628
113623
113617
113614
113610
113602
113596
113592
113588
113582
113575
113575
113566
113561
113560
113555
113549
113540
113539
113533
113530
113523
113515
113514
113505
113500
113499
113493
113490
113485
113478
113471
113469
113461
113456
113451
113445
113444
113437
113432
113426
113422
113418
113413
113409
113401
113396
113395
113385
113384
113375
113371
113367
113365
113358
113354
113347
113341
113336
113335
113328
113320
113318
113310
113305
113301
113297
113290
113288
113280
113277
113272
113265
113265
113257
113254
113245
113241
113237
113233
113225
113220
113220
113210
113209
113201
113199
113190
113189
113183
113176
113171
113166
113162
113157
113153
113150
113140
113136
113133
113130
113121
113115
113112
113110
113101
113095
113093
113087
113081
113075
113071
113065
113065
113055
113055
113050
113041
113036
113032
113026
113023
113020
113014
113007
113004
112996
112994
112985
112983
112977
112972
112968
112964
112955
112955
112947
112944
112936
112935
112929
112922
112916
112910
112909
112900
112896
112893
112886
112880
112875
112873
112867
112864
112857
112851
112849
112840
112837
112833
112830
112825
112815
112814
112809
112800
112799
112794
112790
112780
112777
112770
112766
112762
112759
112750
112750
112741
112737
112732
112725
112725
112716
112710
112709
112701
112696
112692
112686
112685
112680
112671
112665
112660
112657
112654
112648
112641
112635
112633
112626
112621
112615
112610
112610
112602
112596
112595
112586
112580
112578
112572
112569
112564
112558
112553
112548
112545
112537
112532
112526
112525
112516
112512
112506
112504
112495
112493
112487
112484
112477
112475
112468
112460
112459
112451
112447
112445
112438
112434
112426
112424
112419
112413
112407
112404
112398
112394
112389
112381
112380
112370
112370
112364
112355
112350
112345
112345
112337
112332
112330
112320
112319
112312
112306
112300
112295
112290
112290
112284
112276
112271
112267
112262
112259
112251
112249
112244
112239
112231
112230
112223
112217
112215
112208
112200
112199
112191
112186
112180
112179
112174
112167
112163
112158
112153
112146
112140
112136
112133
112130
112124
112118
112110
112105
112100
112100
112094
112090
112084
112077
112072
112065
112064
112056
112052
112045
112042
112036
112035
112027
112022
112019
112014
112010
112005
111999
111994
111985
111983
111980
111973
111967
111965
111960
111952
111947
111943
111940
111935
111928
111921
111920
111912
111907
111902
111898
111890
111885
111885
111878
111875
111869
111860
111857
111854
111847
111844
111837
111833
111826
111822
111820
111813
111809
111805
111800
111791
111790
111780
111776
111773
111768
111764
111755
111755
111750
111744
111736
111732
111728
111723
111720
111711
111707
111702
111697
111694
111689
111680
111677
111674
111666
111665
111660
111654
111648
111642
111640
111630
111628
111624
111620
111614
111607
111602
111596
111595
111585
111580
111577
111570
111565
111560
111556
111551
111545
111542
111536
111532
111528
111522
111519
111513
111508
111500
111496
111493
111488
111482
111479
111475
111466
111460
111458
111451
111448
111444
111437
111435
111427
111424
111419
111413
111405
111403
111398
111394
111386
111383
111377
111375
111366
111365
111360
111351
111348
111343
111337
111333
111330
111325
111316
111313
111308
111300
111296
111291
111287
111282
111275
111275
111268
111261
111260
111254
111247
111241
111235
111232
111228
111225
111219
111214
111207
111205
111195
111195
111186
111184
111177
111171
111168
111162
111155
111154
111146
111140
111137
111133
111126
111122
111116
111110
111110
111101
111097
111095
111086
111081
111077
111071
111066
111061
111057
111053
111050
111044
111038
111031
111028
111020
111019
111013
111005
111005
110997
110990
110989
110985
110975
110972
110967
110960
110956
110952
110946
110942
110938
110934
110925
110924
110920
110911
110907
110905
110895
110893
110886
110881
110878
110870
110870
110864
110860
110852
110846
110840
110838
110833
110826
110822
110816
110814
110810
110805
110796
110795
110786
110784
110777
110773
110768
110764
110755
110755
110745
110740
110739
110734
110727
110723
110716
110711
110708
110704
110696
110691
110685
110683
110677
110670
110667
110663
110657
110651
110650
110640
110635
110632
110628
110625
110617
110610
110607
110602
110595
110592
110589
110581
110578
110573
110567
110560
110557
110553
110547
110540
110537
110530
110525
110523
110517
110515
110508
110502
110499
110491
110486
110481
110476
110471
110466
110462
110456
110453
110450
110440
110435
110435
110429
110425
110417
110411
110406
110403
110399
110390
110385
110382
110376
110373
110370
110364
110355
110350
110346
110345
110340
110335
110327
110325
110320
110313
110309
110301
110297
110294
110289
110285
110280
110273
110270
110262
110260
110253
110247
110245
110237
110231
110230
110225
110215
110213
110206
110202
110198
110192
110187
110184
110180
110172
110169
110160
110159
110150
110149
110141
110140
110130
110125
110120
110117
110113
110108
110100
110100
110090
110085
110084
110079
110073
110068
110063
110059
110051
110046
110041
110035
110034
110025
110024
110019
110010
110009
110005
109999
109995
109990
109984
109977
109972
109967
109961
109955
109955
109946
109941
109937
109930
109928
109920
109915
109913
109906
109900
109900
109893
109888
109885
109880
109872
109868
109862
109859
109853
109848
109842
109838
109832
109827
109820
109818
109811
109810
109804
109798
109791
109788
109781
109780
109775
109770
109760
109760
109752
109745
109744
109740
109735
109725
109724
109715
109710
109709
109701
109695
109691
109688
109680
109677
109674
109670
109665
109656
109655
109648
109643
109635
109630
109627
109620
109617
109613
109610
109603
109598
109595
109590
109582
109576
109571
109567
109561
109558
109555
109547
109542
109537
109535
109526
109520
109519
109511
109510
109500
109500
109495
109490
109485
109480
109473
109470
109465
109457
109452
109446
109444
109439
109434
109428
109424
109415
109414
109407
109404
109395
109395
109390
109382
109378
109370
109366
109361
109356
109353
109347
109341
109336
109335
109328
109320
109316
109313
109310
109301
109295
109291
109288
109283
109276
109271
109270
109265
109258
109253
109245
109245
109236
109233
109230
109223
109220
109215
109209
109204
109195
109194
109188
109185
109179
109174
109168
109164
109157
109153
109149
109140
109140
109132
109129
109121
109115
109115
109105
109105
109099
109095
109088
109083
109078
109073
109069
109060
109055
109054
109048
109040
109040
109030
109030
109025
109018
109012
109008
109003
108998
108995
108988
108984
108979
108974
108970
108961
108958
108953
108948
108942
108939
108935
108927
108923
108915
108912
108906
108904
108895
108891
108887
108881
108879
108871
108867
108864
108856
108850
108848
108840
108836
108834
108825
108825
108815
108811
108806
108803
108799
108791
108788
108785
108779
108774
108767
108764
108755
108752
108747
108741
108740
108731
108727
108722
108717
108710
108707
108704
108697
108691
108689
108680
108680
108673
108667
108660
108660
108650
108649
108643
108639
108631
108626
108624
108615
108612
108610
108604
108595
108590
108589
108584
108579
108570
108565
108563
108555
108553
108549
108540
108536
108531
108528
108523
108520
108512
108510
108504
108498
108494
108489
108481
108477
108472
108470
108463
108456
108450
108446
108445
108437
108434
108426
108422
108417
108414
108405
108405
108400
108393
108387
108385
108378
108375
108369
108362
108355
108350
108350
108342
108340
108334
108328
108324
108319
108313
108309
108301
108299
108292
108286
108282
108279
108275
108269
108263
108256
108252
108248
108240
108238
108230
108225
108224
108220
108210
108207
108200
108199
108190
108188
108183
108177
108172
108168
108164
108155
108150
108147
108140
108139
108133
108129
108120
108118
108113
108110
108100
108095
108090
108086
108084
108077
108071
108069
108062
108058
108051
108047
108043
108038
108032
108028
108025
108015
108015
108008
108003
107997
107995
107988
107981
107975
107974
107968
107961
107960
107951
107945
107940
107939
107931
107925
107922
107918
107912
107910
107905
107899
107890
107889
107884
107878
107874
107866
107864
107857
107851
107848
107845
107839
107832
107826
107822
107818
107810
107805
107805
107799
107794
107788
107785
107779
107771
107766
107764
107760
107750
107748
107743
107739
107733
107725
107725
107719
107715
107708
107705
107696
107693
107690
107681
107675
107671
107668
107663
107660
107652
107646
107643
107640
107630
107626
107625
107619
107614
107607
107604
107600
107593
107585
107581
107578
107574
107568
107562
107556
107553
107546
107541
107537
107533
107528
107524
107519
107515
107509
107503
107499
107492
107490
107480
107476
107472
107468
107462
107457
107451
107448
107444
107436
107433
107426
107421
107415
107414
107407
107400
107399
107390
107385
107382
107375
107370
107370
107360
107358
107352
107346
107343
107337
107330
107327
107320
107318
107311
107306
107300
107300
107293
107286
107285
107276
107272
107269
107260
107256
107254
107247
107245
107238
107235
107228
107224
107218
107212
107210
107201
107198
107194
107188
107182
107179
107174
107166
107160
107158
107150
107146
107144
107135
107130
107127
107124
107120
107111
107105
107100
107095
107093
107089
107083
107075
107072
107067
107064
107055
107051
107049
107044
107036
107034
107027
107024
107019
107013
107009
107000
106997
106994
106989
106980
106975
106975
106968
106962
106958
106950
106950
106940
106936
106933
106926
106924
106917
106911
106909
106903
106896
106894
106885
106882
106880
106872
106870
106863
106860
106855
106846
106844
106835
106833
106830
106821
106817
106814
106805
106804
106799
106794
106786
106780
106779
106774
106770
106765
106755
106753
106749
106742
106737
106732
106725
106723
106720
106710
106706
106704
106698
106690
106689
106681
106676
106671
106667
106661
106657
106653
106645
106642
106638
106635
106625
106623
106615
106612
106608
106605
106600
106593
106590
106582
106580
106573
106569
106562
106557
106552
106549
106540
106537
106532
106527
106520
106515
106514
106507
106500
106498
106491
106488
106482
106479
106472
106468
106463
106460
106454
106445
106443
106437
106432
106429
106422
106420
106415
106410
106401
106400
106393
106389
106382
106375
106372
106367
106360
106359
106351
106349
106342
106338
106334
106330
106322
106317
106313
106305
106302
106298
106290
106288
106282
106276
106272
106270
106261
106260
106255
106249
106245
106236
106230
106228
106225
106217
106211
106209
106204
106195
106195
106187
106185
106176
106172
106168
106162
106157
106152
106147
106143
106139
106134
106130
106124
106120
106114
106105
106104
106095
106095
106090
106080
106077
106070
106068
106064
106059
106055
106045
106041
106035
106032
106025
106023
106020
106014
106007
106004
105995
105990
105985
105984
105980
105971
105969
105961
105959
105955
105948
105941
105936
105932
105926
105924
105920
105913
105906
105904
105900
105895
105885
105881
105875
105874
105870
105862
105856
105852
105850
105841
105835
105834
105828
105821
105818
105813
105808
105803
105795
105794
105789
105780
105779
105772
105768
105765
105758
105752
105746
105744
105736
105730
105725
105723
105716
105713
105709
105703
105695
105694
105690
105681
105679
105671
105668
105664
105658
105654
105649
105641
105640
105631
105625
105622
105616
105611
105608
105601
105597
105592
105590
105584
105580
105571
105569
105563
105559
105555
105546
105543
105538
105534
105528
105522
105519
105510
105505
105505
105496
105494
105485
105481
105480
105475
105467
105461
105460
105453
105446
105445
105439
105433
105428
105424
105416
105415
105405
105402
105397
105393
105385
105381
105378
105373
105367
105362
105358
105350
105349
105345
105337
105330
105325
105325
105317
105311
105310
105301
105296
105290
105289
105285
105278
105273
105270
105261
105258
105255
105249
105245
105238
105231
105226
105222
105217
105214
105209
105205
105200
105193
105190
105183
105178
105172
105166
105163
105158
105151
105145
105140
105138
105135
105129
105122
105115
105110
105109
105102
105100
105094
105086
105085
105077
105074
105067
105064
105059
105051
105045
105042
105039
105033
105028
105022
105018
105010
105008
105001
104995
104995
104990
104985
104975
104974
104966
104960
104959
104954
104950
104944
104937
104935
104927
104923
104920
104910
104908
104903
104899
104895
104890
104883
104880
104873
104865
104861
104856
104855
104850
104844
104838
104830
104827
104821
104815
104810
104805
104800
104796
104791
104785
104782
104777
104774
104766
104765
104757
104752
104750
104740
104738
104732
104727
104722
104717
104714
104708
104704
104696
104693
104686
104681
104675
104670
104668
104662
104660
104655
104650
104645
104635
104631
104629
104625
104620
104612
104610
104600
104597
104593
104585
104581
104580
104570
104565
104560
104557
104553
104547
104545
104540
104533
104529
104521
104520
104515
104510
104502
104497
104495
104488
104483
104477
104474
104470
104464
104460
104453
104449
104441
104436
104434
104427
104421
104415
104412
104409
104402
104400
104393
104388
104383
104375
104375
104366
104364
104358
104351
104347
104344
104339
104330
104329
104323
104316
104313
104310
104300
104297
104294
104287
104280
104280
104272
104267
104265
104257
104253
104245
104242
104237
104231
104228
104221
104215
104214
104208
104204
104198
104190
104186
104183
104180
104175
104170
104161
104155
104150
104146
104141
104136
104132
104126
104125
104120
104110
104108
104102
104099
104094
104090
104084
104075
104074
104068
104064
104057
104052
104050
104040
104039
104033
104026
104025
104016
104015
104008
104004
103998
103991
103987
103980
103976
103975
103969
103961
103960
103950
103946
103940
103938
103933
103929
103924
103915
103914
103907
103900
103897
103892
103885
103884
103876
103872
103868
103860
103856
103852
103849
103840
103840
103834
103830
103824
103818
103812
103805
103801
103800
103795
103789
103785
103776
103774
103768
103765
103757
103755
103747
103743
103735
103733
103726
103725
103719
103713
103707
103703
103695
103694
103687
103684
103675
103672
103670
103660
103656
103652
103648
103644
103638
103632
103628
103621
103615
103611
103609
103603
103595
103593
103589
103585
103575
103573
103566
103562
103560
103552
103547
103544
103540
103534
103527
103520
103516
103510
103506
103505
103495
103490
103490
103485
103479
103474
103469
103464
103455
103451
103445
103444
103440
103434
103429
103422
103415
103411
103406
103405
103398
103394
103389
103384
103378
103370
103369
103362
103357
103351
103349
103340
103335
103331
103326
103324
103315
103314
103309
103305
103300
103290
103288
103283
103275
103275
103267
103264
103257
103254
103248
103242
103238
103235
103227
103220
103220
103212
103209
103200
103195
103194
103188
103184
103176
103175
103168
103165
103157
103155
103147
103141
103136
103130
103127
103125
103115
103110
103108
103102
103098
103091
103085
103084
103079
103071
103067
103060
103055
103053
103047
103040
103036
103031
103027
103021
103020
103015
103007
103005
102996
102992
102985
102981
102976
102975
102970
102961
102956
102953
102945
102944
102940
102931
102927
102923
102919
102913
102906
102903
102896
102893
102889
102883
102877
102873
102867
102863
102857
102855
102845
102841
102837
102835
102825
102822
102818
102813
102806
102804
102796
102791
102785
102785
102779
102771
102769
102762
102759
102753
102747
102744
102738
102730
102729
102720
102715
102715
102707
102704
102698
102692
102689
102683
102675
102675
102667
102663
102656
102650
102647
102645
102638
102635
102629
102620
102620
102612
102606
102602
102598
102592
102587
102584
102576
102574
102570
102560
102558
102552
102547
102542
102535
102532
102527
102525
102515
102515
102510
102500
102497
102493
102487
102482
102477
102471
102467
102461
102459
102450
102446
102441
102435
102430
102426
102424
102419
102415
102405
102401
102396
102391
102388
102382
102375
102373
102369
102365
102356
102354
102350
102341
102337
102334
102328
102323
102320
102315
102310
102303
102297
102290
102287
102283
102276
102272
102270
102265
102256
102253
102245
102241
102240
102232
102226
102224
102218
102210
102205
102200
102197
102195
102185
102180
102176
102174
102168
102160
102155
102153
102145
102145
102138
102133
102126
102120
102120
102112
102109
102102
102095
102092
102089
102083
102077
102074
102070
102060
102056
102055
102049
102044
102039
102035
102027
102020
102015
102012
102007
102000
101998
101994
101985
101983
101976
101970
101966
101960
101959
101953
101945
101943
101937
101932
101928
101922
101915
101915
101908
101900
101899
101895
101887
101882
101877
101875
101869
101860
101856
101850
101850
101841
101840
101830
101829
101822
101820
101815
101806
101805
101800
101791
101785
101782
101780
101774
101770
101760
101755
101751
101745
101743
101739
101732
101725
101725
101716
101710
101708
101702
101699
101694
101690
101685
101675
101673
101670
101664
101656
101655
101645
101640
101639
101632
101629
101623
101617
101615
101606
101603
101600
101590
101589
101583
101578
101572
101570
101561
101560
101554
101545
101544
101538
101531
101526
101521
101516
101511
101507
101505
101499
101495
101489
101482
101475
101470
101469
101462
101460
101454
101447
101442
101435
101432
101429
101424
101415
101410
101405
101402
101399
101394
101388
101382
101376
101370
101366
101364
101359
101350
101350
101342
101339
101331
101328
101322
101318
101314
101306
101302
101295
101294
101286
101283
101280
101273
101268
101261
101257
101253
101245
101241
101239
101230
101225
101224
101219
101210
101207
101204
101199
101192
101187
101183
101175
101175
101165
101163
101155
101152
101149
101145
101138
101130
101130
101123
101116
101111
101106
101102
101097
101090
101088
101084
101076
101070
101069
101060
101058
101054
101050
101045
101036
101030
101026
101020
101017
101014
101006
101002
100997
100994
100987
100982
100977
100975
100965
100960
100955
100952
100948
100943
100939
100934
100925
100925
100917
100912
100905
100905
100900
100895
100886
100883
100879
100872
100870
100865
100855
100852
100850
100844
100837
100834
100829
100820
100816
100812
100807
100805
100800
100793
100786
100780
100778
100771
100765
100764
100756
100752
100746
100740
100739
100733
100726
100720
100716
100713
100707
100702
100695
100691
100687
100681
100678
100670
100669
100663
100658
100651
100650
100644
100636
100632
100630
100621
100619
100613
100609
100603
100598
100591
100587
100584
100576
100574
100565
100560
100556
100550
100548
100540
100536
100532
100526
100522
100519
100511
100506
100503
100499
100495
100486
100481
100477
100472
100469
100465
100455
100455
100450
100445
100439
100430
100426
100421
100417
100411
100410
100405
100397
100392
100387
100380
100378
100374
100370
100362
100358
100351
100347
100344
100336
100335
100329
100320
100316
100313
100308
100302
100299
100295
100287
100283
100277
100271
100270
100261
100257
100255
100246
100240
100236
100235
100228
100223
100216
100212
100205
100201
100195
100195
100185
100180
100180
100173
100170
100163
100159
100153
100149
100143
100140
100133
100127
100125
100118
100113
100107
100101
100096
100092
100089
100080
100076
100073
100067
100065
100060
100051
100050
100041
100035
100033
100030
100025
100020
100015
100007
100005
99995
99990
99985
99985
99979
99970
99970
99961
99956
99950
99947
99944
99936
99933
99925
99924
99917
99915
99910
99902
99898
99892
99890
99884
99877
99874
99867
99861
99858
99851
99846
99843
99835
99830
99826
99820
99815
99810
99808
99800
99798
99795
99787
99785
99777
99772
99768
99764
99755
99755
99746
99745
99740
99732
99728
99724
99719
99713
99706
99700
99699
99691
99686
99681
99679
99673
99670
99662
99660
99652
99648
99644
99638
99632
99629
99622
99620
99611
99608
99600
99598
99592
99588
99580
99578
99575
99567
99561
99558
99554
99547
99542
99539
99531
99530
99524
99515
99511
99509
99504
99497
99492
99486
99484
99478
99473
99468
99461
99457
99451
99449
99443
99439
99431
99425
99423
99417
99412
99410
99400
99400
99394
99388
99385
99379
99374
99367
99360
99360
99352
99346
99342
99335
99333
99328
99323
99319
99315
99307
99303
99297
99291
99286
99281
99279
99274
99267
99265
99259
99255
99245
99244
99240
99231
99229
99222
99219
99210
99209
99201
99196
99195
99188
99180
99176
99172
99166
99162
99155
99152
99149
99144
99136
99133
99129
99123
99120
99110
99109
99103
99100
99091
99089
99082
99079
99071
99068
99060
99057
99055
99047
99042
99040
99035
99029
99022
99016
99013
99010
99000
98998
98990
98987
98984
98979
98972
98966
98964
98958
98955
98946
98942
98938
98935
98926
98923
98916
98911
98908
98904
98896
98891
98887
98881
98876
98871
98867
98863
98857
98853
98845
98841
98836
98830
98829
98820
98819
98814
98808
98803
98797
98794
98790
98783
98778
98773
98767
98761
98757
98753
98747
98745
98737
98730
98727
98720
98720
98713
98709
98704
98695
98695
98689
98684
98677
98672
98669
98665
98656
98650
98648
98640
98637
98634
98626
98624
98616
98611
98609
98603
98600
98593
98587
98585
98578
98575
98570
98562
98555
98555
98545
98545
98540
98535
98525
98521
98517
98514
98508
98502
98500
98491
98485
98483
98478
98473
98466
98464
98460
98450
98446
98443
98435
98431
98429
98425
98420
98413
98410
98403
98396
98394
98390
98380
98377
98371
98370
98360
98357
98351
98346
98342
98336
98335
98327
98325
98319
98314
98305
98304
98297
98293
98286
98283
98278
98275
98269
98264
98258
98250
98249
98241
98239
98234
98228
98220
98219
98214
98208
98202
98200
98194
98186
98180
98178
98175
98168
98165
98157
98153
98149
98143
98140
98132
98126
98120
98119
98115
98106
98101
98095
98093
98090
98082
98078
98073
98070
98065
98056
98052
98048
98041
98036
98030
98028
98024
98019
98014
98010
98003
98000
97992
97987
97984
97975
97973
97965
97962
97958
97951
97946
97945
97940
97934
97928
97923
97915
97912
97907
97903
97900
97890
97887
97881
97880
97875
97866
97861
97859
97850
97846
97844
97836
97834
97825
97820
97818
97813
97805
97800
97797
97793
97787
97783
97775
97775
97768
97762
97758
97754
97750
97744
97740
97734
97727
97725
97716
97713
97707
97701
97697
97694
97689
97682
97680
97673
97665
97665
97656
97653
97650
97643
97638
97630
97630
97620
97619
97611
97605
97601
97600
97591
97589
97582
97576
97575
97568
97565
97556
97550
97545
97540
97538
97535
97527
97523
97518
97513
97510
97505
97495
97491
97487
97480
97475
97471
97466
97463
97456
97454
97448
97443
97437
97430
97425
97425
97419
97412
97409
97404
97399
97394
97388
97380
97379
97370
97366
97364
97358
97353
97349
97341
97337
97330
97329
97325
97317
97314
97305
97300
97300
97292
97290
97285
97276
97273
97267
97260
97260
97251
97249
97243
97238
97235
97226
97222
97218
97210
97206
97200
97197
97195
97187
97185
97178
97171
97168
97161
97158
97150
97149
97143
97140
97133
97125
97122
97116
97111
97105
97105
97100
97095
97090
97082
97076
97071
97067
97065
97060
97052
97046
97041
97037
97031
97026
97021
97020
97015
97009
97004
96995
96991
96986
96983
96976
96974
96970
96963
96956
96952
96946
96945
96937
96932
96928
96925
96919
96914
96905
96905
96898
96891
96888
96882
96877
96874
96867
96865
96856
96851
96846
96840
96840
96830
96825
96822
96820
96811
96807
96801
96798
96794
96789
96782
96778
96771
96768
96764
96756
96755
96747
96745
96738
96734
96728
96720
96720
96711
96709
96701
96699
96693
96688
96684
96676
96674
96667
96660
96659
96654
96647
96643
96635
96631
96629
96624
96615
96613
96607
96604
96596
96591
96585
96582
96576
96574
96570
96564
96558
96553
96546
96543
96537
96535
96529
96520
96520
96514
96505
96504
96497
96493
96489
96484
96476
96475
96466
96463
96455
96454
96446
96442
96437
96432
96430
96423
96417
96411
96409
96401
96395
96395
96388
96385
96380
96370
96370
96361
96360
96354
96347
96344
96336
96331
96329
96324
96316
96315
96306
96302
96297
96291
96289
96281
96276
96275
96267
96263
96260
96253
96248
96240
96237
96233
96230
96220
96216
96213
96208
96205
96200
96193
96189
96184
96178
96172
96166
96162
96155
96154
96147
96143
96135
96133
96128
96121
96115
96113
96110
96105
96098
96091
96085
96082
96075
96071
96066
96063
96055
96050
96048
96043
96039
96031
96025
96020
96018
96014
96008
96005
96000
95995
95987
95981
95975
95970
95970
95960
95956
95951
95946
95941
95938
95934
95925
95924
95915
95913
95910
95903
95895
95891
95886
95880
95879
95871
95867
95861
95857
95855
95845
95844
95839
95832
95826
95822
95817
95813
95808
95803
95796
95791
95788
95781
95776
95773
95767
95760
95759
95752
95746
95742
95740
95735
95730
95721
95720
95713
95707
95705
95699
95690
95686
95683
95679
95672
95667
95663
95658
95654
95646
95643
95639
95634
95629
95623
95618
95613
95607
95605
95596
95592
95588
95580
95578
95571
95570
95565
95555
95550
95549
95544
95539
95530
95529
95524
95515
95511
95507
95502
95500
95492
95487
95485
95475
95473
95470
95460
95455
95454
95449
95441
95437
95432
95428
95420
95419
95413
95406
95404
95396
95391
95385
95385
95377
95371
95365
95360
95355
95350
95348
95343
95339
95330
95329
95321
95316
95315
95305
95302
95300
95294
95289
95281
95280
95271
95267
95260
95259
95255
95250
95244
95236
95233
95230
95220
95218
95215
95205
95204
95196
95190
95187
95184
95178
95173
95165
95162
95156
95150
95150
95141
95137
95132
95126
95125
95119
95112
95110
95105
95098
95093
95090
95085
95080
95071
95068
95063
95055
95052
95049
95042
95039
95035
95028
95021
95017
95015
95010
95004
94995
94995
94990
94984
94978
94972
94969
94960
94957
94950
94947
94943
94940
94930
94927
94923
94920
94912
94909
94905
94897
94894
94890
94881
94880
94872
94868
94862
94860
94850
94845
94843
94838
94831
94828
94820
94819
94810
94805
94800
94799
94794
94788
94781
94775
94770
94765
94760
94757
94750
94749
94742
94735
94734
94730
94724
94716
94712
94706
94704
94696
94693
94685
94682
94675
94671
94665
94660
94659
94650
94648
94641
94638
94635
94625
94620
94618
94610
94606
94600
94600
94594
94589
94585
94576
94574
94567
94561
94555
94552
94545
94543
94539
94530
94527
94524
94516
94511
94510
94502
94497
94494
94489
94482
94478
94475
94467
94463
94455
94450
94450
94444
94438
94431
94430
94425
94417
94413
94405
94400
94395
94390
94385
94381
94377
94370
94366
94363
94358
94351
94350
94342
94339
94335
94326
94322
94320
94310
94308
94305
94296
94291
94286
94281
94277
94273
94269
94264
94258
94253
94249
94240
94238
94235
94225
94225
94219
94212
94208
94202
94198
94194
94188
94181
94180
94171
94170
94165
94155
94152
94145
94143
94135
94132
94127
94124
94120
94113
94107
94105
94096
94095
94085
94080
94078
94072
94065
94065
94056
94051
94048
94040
94039
94034
94029
94024
94018
94014
94009
94001
93997
93990
93990
93982
93980
93975
93966
93960
93959
93950
93949
93942
93940
93930
93928
93922
93919
93915
93910
93905
93899
93891
93889
93882
93877
93871
93868
93862
93858
93854
93847
93845
93840
93831
93825
93825
93820
93812
93807
93802
93795
93793
93785
93780
93777
93773
93769
93763
93757
93751
93748
93745
93736
93732
93727
93725
93715
93713
93709
93703
93700
93691
93685
93681
93679
93672
93670
93660
93659
93654
93649
93643
93636
93630
93625
93620
93620
93614
93608
93600
93599
93591
93588
93583
93578
93572
93567
93560
93559
93552
93549
93540
93539
93534
93529
93523
93517
93514
93510
93502
93496
93491
93489
93481
93476
93471
93466
93461
93455
93452
93449
93442
93436
93435
93429
93422
93419
93412
93406
93401
93396
93394
93387
93383
93380
93374
93366
93364
93358
93354
93347
93340
93337
93332
93328
93323
93320
93315
93306
93304
93297
93290
93285
93281
93275
93272
93268
93260
93256
93255
93245
93240
93236
93231
93230
93224
93219
93211
93210
93205
93197
93190
93185
93184
93180
93170
93170
93160
93158
93154
93146
93141
93140
93134
93125
93123
93115
93114
93106
93105
93095
93095
93085
93080
93080
93073
93067
93060
93058
93051
93050
93044
93038
93030
93029
93021
93018
93012
93007
93004
93000
92993
92985
92981
92975
92975
92969
92964
92956
92950
92945
92941
92939
92932
92925
92923
92916
92911
92908
92900
92900
92895
92886
92882
92879
92870
92865
92863
92859
92854
92847
92841
92840
92830
92830
92823
92816
92812
92806
92801
92797
92794
92786
92781
92777
92772
92769
92764
92760
92754
92747
92744
92739
92730
92725
92721
92719
92713
92709
92705
92700
92693
92688
92681
92678
92670
92670
92660
92656
92653
92648
92643
92639
92634
92626
92623
92618
92611
92607
92603
92597
92595
92586
92581
92580
92572
92569
92565
92557
92552
92545
92544
92538
92532
92525
92525
92515
92510
92508
92503
92499
92490
92487
92482
92475
92470
92465
92464
92455
92451
92446
92442
92437
92431
92430
92424
92420
92414
92407
92403
92395
92394
92390
92385
92379
92372
92367
92362
92355
92350
92347
92345
92335
92330
92329
92322
92317
92313
92308
92304
92296
92294
92286
92285
92276
92271
92267
92261
92258
92252
92248
92244
92238
92235
92227
92224
92216
92212
92206
92204
92198
92192
92188
92180
92175
92171
92170
92163
92159
92150
92149
92142
92137
92134
92126
92124
92118
92115
92110
92105
92098
92094
92085
92080
92077
92074
92070
92065
92058
92053
92045
92045
92035
92034
92027
92020
92019
92011
92005
92001
91996
91993
91988
91981
91979
91975
91966
91961
91958
91952
91950
91941
91935
91935
91928
91920
91918
91910
91910
91904
91898
91891
91888
91885
91876
91875
91869
91864
91856
91851
91846
91842
91837
91832
91829
91824
91816
91815
91809
91804
91797
91793
91790
91780
91778
91774
91769
91762
91756
91754
91747
91742
91737
91732
91730
91723
91720
91712
91706
91701
91699
91693
91687
91681
91676
91673
91669
91660
91658
91654
91645
91645
91636
91634
91630
91622
91616
91611
91607
91601
91595
91591
91585
91582
91579
91574
91569
91561
91556
91552
91547
91540
91537
91530
91525
91520
91520
91514
91505
91505
91499
91493
91489
91482
91476
91472
91466
91460
91455
91453
91447
91442
91439
91430
91429
91420
91416
91413
91408
91404
91395
91391
91390
91384
91379
91372
91365
91363
91355
91355
91346
91341
91335
91331
91327
91321
91318
91315
91308
91303
91297
91294
91285
91284
91275
91271
91265
91260
91260
91253
91250
91240
91237
91232
91230
91221
91218
91212
91208
91205
91197
91190
91187
91184
91177
91172
91167
91163
91158
91152
91145
91140
91135
91131
91125
91121
91120
91111
91106
91105
91098
91093
91087
91083
91075
91071
91065
91060
91059
91052
91050
91044
91035
91034
91029
91024
91016
91010
91010
91000
90999
90995
90988
90983
90980
90973
90967
90965
90960
90953
90946
90944
90936
90934
90928
90923
90917
90913
90910
90901
90899
90894
90890
90882
90875
90870
90870
90861
90858
90854
90847
90840
90836
90835
90826
90824
90820
90810
90808
90804
90797
90792
90789
90780
90778
90772
90765
90760
90760
90750
90745
90742
90738
90730
90725
90724
90719
90710
90709
90703
90699
90693
90689
90683
90679
90675
90665
90660
90658
90655
90648
90642
90639
90630
90625
90625
90619
90614
90609
90601
90596
90595
90586
90581
90578
90571
90569
90560
90557
90550
90546
90540
90535
90535
90530
90525
90518
90513
90506
90502
90497
90491
90488
90483
90477
90471
90467
90465
90457
90451
90446
90441
90435
90430
90428
90425
90418
90414
90407
90401
90399
90390
90389
90383
90377
90371
90370
90364
90355
90354
90348
90340
90336
90335
90327
90321
90320
90313
90308
90302
90298
90290
90290
90285
90276
90272
90267
90264
90259
90253
90249
90241
90239
90234
90230
90220
90220
90215
90206
90200
90197
90194
90188
90181
90175
90173
90167
90165
90160
90155
90146
90143
90136
90132
90128
90124
90120
90112
90108
90105
90100
90093
90087
90085
90077
90070
90068
90063
90056
90053
90045
90045
90035
90030
90030
90020
90019
90013
90009
90003
89996
89992
89988
89982
89976
89971
89969
89965
89955
89954
89948
89943
89935
89931
89927
89921
89917
89915
89908
89900
89899
89895
89885
89880
89877
89873
89869
89865
89860
89852
89847
89842
89837
89832
89830
89820
89815
89812
89810
89804
89799
89790
89788
89781
89778
89772
89765
89762
89755
89754
89745
89741
89739
89733
89726
89720
89716
89714
89706
89705
89696
89694
89688
89683
89675
89671
89665
89664
89660
89655
89650
89645
89640
89631
89630
89623
89618
89611
89605
89605
89595
89593
89585
89581
89577
89575
89567
89563
89560
89555
89545
89542
89537
89535
89526
89524
89515
89512
89507
89500
89497
89493
89486
89483
89476
89474
89465
89462
89455
89451
89448
89442
89435
89435
89426
89421
89415
89415
89406
89404
89395
89391
89390
89384
89380
89373
89367
89364
89357
89354
89346
89340
89340
89333
89327
89324
89315
89311
89307
89302
89300
89292
89289
89283
89275
89274
89267
89265
89259
89254
89246
89245
89238
89233
89230
89222
89219
89214
89210
89201
89197
89192
89185
89181
89179
89172
89165
89164
89159
89150
89145
89145
89135
89132
89128
89125
89120
89114
89107
89100
89099
89094
89089
89085
89079
89072
89068
89065
89058
89051
89050
89041
89037
89035
89026
89023
89018
89011
89009
89002
88996
88994
88987
88981
88980
88974
88969
88960
88955
88950
88945
88942
88937
88934
88926
88921
88918
88910
88909
88904
88899
88890
88890
88883
88875
88874
88865
88861
88856
88853
88850
88841
88840
88832
88830
88820
88818
88810
88809
88805
88800
88794
88785
88781
88775
88772
88768
88762
88759
88750
88748
88743
88739
88735
88728
88721
88717
88714
88709
88703
88695
88694
88685
88685
88679
88672
88668
88663
88657
88654
88650
88640
88636
88633
88630
88622
88617
88615
88608
88604
88600
88593
88587
88584
88576
88573
88566
88562
88555
88552
88548
88542
88536
88533
88527
88522
88519
88514
88507
88502
88498
88495
88489
88485
88480
88475
88465
88465
88458
88453
88446
88442
88436
88430
88430
88424
88415
88412
88410
88405
88396
88395
88390
88385
88378
88375
88365
88360
88359
88352
88348
88345
88336
88332
88327
88324
88320
88315
88307
88302
88297
88294
88290
88281
88280
88272
88269
88262
88257
88254
88245
88241
88240
88234
88228
88222
88216
88214
88209
88204
88197
88192
88188
88182
88178
88174
88170
88161
88160
88153
88149
88143
88137
88131
88130
88123
88119
88112
88105
88104
88099
88090
88087
88083
88077
88070
88065
88063
88057
88053
88050
88044
88037
88031
88027
88020
88017
88015
88009
88003
88000
87992
87989
87980
87976
87974
87968
87961
87960
87950
87950
87945
87939
87934
87927
87925
87915
87910
87907
87903
87899
87891
87886
87880
87879
87874
87865
87865
87856
87851
87846
87843
87838
87832
87828
87820
87816
87810
87808
87802
87800
87794
87788
87785
87775
87770
87768
87764
87756
87751
87750
87745
87737
87734
87727
87725
87719
87713
87708
87705
87695
87694
87688
87680
87678
87672
87666
87665
87660
87655
87650
87645
87639
87632
87628
87623
87618
87610
87607
87603
87599
87592
87588
87580
87579
87574
87568
87560
87559
87550
87547
87540
87539
87531
87529
87520
87519
87514
87506
87505
87496
87490
87488
87485
87480
87473
87465
87463
87459
87455
87445
87441
87438
87431
87427
87421
87418
87413
87407
87404
87397
87391
87387
87383
87375
87373
87367
87365
87355
87352
87347
87340
87340
87334
87328
87320
87318
87313
87310
87303
87299
87295
87288
87285
87280
87273
87270
87260
87259
87250
87249
87240
87239
87230
87226
87221
87218
87212
87209
87202
87196
87194
87189
87185
87175
87174
87170
87163
87156
87150
87146
87145
87137
87134
87125
87123
87119
87110
87110
87101
87098
87091
87085
87083
87077
87072
87068
87062
87059
87051
87045
87042
87035
87032
87026
87025
87020
87014
87007
87005
86996
86994
86988
86983
86975
86973
86968
86960
86956
86953
86950
86941
86937
86935
86927
86925
86917
86912
86910
86904
86896
86894
86890
86884
86880
86871
86868
86865
86855
86855
86845
86841
86837
86835
86827
86822
86815
86814
86808
86804
86798
86793
86790
86782
86777
86771
86768
86760
86755
86750
86748
86743
86738
86734
86727
86722
86717
86710
86706
86702
86696
86691
86687
86681
86680
86671
86670
86660
86656
86652
86646
86645
86637
86635
86626
86625
86618
86611
86610
86601
86597
86590
86588
86581
86579
86572
86569
86560
86558
86553
86547
86540
86538
86531
86525
86521
86520
86514
86506
86501
86499
86494
86487
86481
86477
86474
86467
86463
86457
86455
86447
86443
86435
86431
86426
86425
86418
86413
86406
86404
86397
86394
86390
86380
86380
86372
86369
86365
86360
86350
86347
86340
86336
86334
86326
86325
86319
86312
86308
86304
86296
86292
86286
86285
86276
86274
86270
86260
86255
86255
86248
86244
86236
86233
86229
86223
86218
86214
86207
86205
86198
86191
86190
86180
86176
86173
86170
86162
86159
86155
86150
86144
86136
86134
86126
86125
86116
86110
86108
86102
86097
86095
86088
86082
86076
86071
86070
86064
86059
86052
86049
86041
86036
86035
86026
86020
86020
86011
86008
86004
86000
85990
85988
85980
85979
85971
85967
85961
85956
85954
85948
85945
85935
85935
85926
85920
85920
85913
85909
85902
85899
85894
85888
85885
85880
85870
85867
85865
85859
85850
85849
85845
85839
85832
85826
85823
85820
85815
85810
85801
85797
85792
85789
85781
85779
85774
85769
85764
85760
85754
85748
85745
85737
85734
85729
85724
85720
85715
85708
85700
85696
85691
85687
85680
85679
85672
85670
85662
85657
85653
85646
85645
85636
85633
85629
85621
85616
85612
85606
85600
85599
85595
85589
85585
85577
85571
85569
85563
85555
85553
85547
85545
85540
85530
85529
85521
85516
85511
85508
85505
85496
85495
85489
85481
85475
85471
85470
85462
85458
85455
85447
85445
85437
85431
85429
85421
85420
85414
85408
85404
85396
85393
85388
85382
85379
85374
85366
85361
85358
85350
85348
85340
85339
85331
85327
85320
85316
85315
85308
85302
85296
85292
85288
85280
85277
85270
85267
85264
85259
85250
85250
85240
85235
85234
85229
85222
85220
85214
85208
85204
85197
85190
85188
85182
85178
85171
85169
85162
85156
85150
85149
85141
85137
85135
85125
85123
85118
85111
85106
85101
85095
85091
85089
85082
85077
85070
85066
85062
85059
85054
85046
85041
85038
85033
85027
85024
85017
85015
85006
85002
84995
84990
84990
84982
84978
84972
84969
84961
84960
84951
84948
84941
84935
84933
84929
84924
84915
84915
84909
84905
84899
84894
84887
84885
84876
84871
84865
84862
84855
84850
84849
84844
84835
84830
84828
84821
84817
84811
84810
84805
84799
84794
84787
84785
84779
84771
84766
84760
84759
84754
84748
84742
84737
84734
84729
84721
84718
84713
84707
84704
84698
84694
84685
84685
84678
84674
84666
84665
84659
84654
84650
84644
84637
84632
84628
84620
84617
84610
84606
84601
84598
84590
84589
84582
84579
84571
84568
84563
84556
84551
84547
84542
84539
84533
84527
84523
84519
84513
84505
84503
84500
84494
84489
84480
84479
84470
84468
84461
84455
84453
84448
84440
84439
84432
84428
84420
84416
84415
84406
84405
84397
84390
84389
84381
84377
84372
84367
84363
84357
84352
84350
84341
84336
84335
84326
84322
84316
84314
84308
84304
84299
84292
84286
84285
84276
84274
84266
84265
84256
84251
84249
84241
84240
84231
84228
84222
84217
84215
84206
84204
84196
84193
84187
84183
84180
84172
84167
84161
84157
84152
84147
84140
84135
84132
84126
84120
84115
84113
84106
84101
84095
84093
84090
84081
84076
84071
84069
84062
84060
84050
84050
84045
84036
84030
84027
84023
84015
84015
84010
84004
84000
83991
83989
83981
83978
83975
83969
83965
83956
83951
83949
83944
83940
83930
83925
83925
83917
83910
83908
83905
83896
83891
83889
83884
83875
83874
83870
83865
83855
83851
83845
83844
83837
83830
83826
83824
83819
83811
83810
83804
83799
83792
83786
83781
83775
83771
83766
83762
83757
83751
83747
83740
83737
83731
83728
83720
83719
83713
83710
83705
83698
83694
83688
83685
83677
83673
83669
83661
83657
83653
83648
83645
83637
83630
83625
83625
83619
83613
83605
83601
83596
83592
83585
83580
83578
83575
83567
83563
83558
83550
83550
83544
83535
83531
83527
83522
83520
83515
83507
83500
83499
83493
83489
83481
83478
83470
83468
83461
83458
83452
83445
83442
83437
83432
83425
83425
83419
83410
83406
83402
83400
83391
83390
83385
83380
83373
83368
83362
83355
83353
83346
83340
83339
83335
83328
83322
83318
83312
83307
83304
83295
83294
83287
83281
83278
83270
83265
83265
83260
83250
83249
83240
83235
83233
83228
83225
83219
83213
83208
83200
83198
83192
83190
83183
83179
83175
83166
83161
83155
83152
83149
83142
83138
83135
83127
83124
83120
83113
83108
83100
83098
83095
83090
83084
83080
83073
83069
83061
83060
83053
83045
83042
83036
83030
83026
83022
83017
83010
83006
83005
82998
82993
82987
82985
82979
82970
82970
82963
82956
82954
82949
82941
82939
82935
82927
82921
82916
82912
82907
82905
82900
82893
82885
82884
82878
82873
82868
82864
82858
82853
82850
82843
82839
82832
82828
82821
82815
82813
82809
82801
82796
82792
82788
82784
82779
82773
82769
82760
82757
82751
82749
82741
82736
82732
82726
82723
82715
82712
82706
82705
82696
82692
82688
82683
82679
82673
82670
82665
82658
82652
82649
82643
82640
82634
82630
82623
82615
82612
82605
82600
82596
82591
82589
82584
82577
82575
82570
82562
82560
82551
82547
82545
82540
82532
82528
82523
82516
82511
82510
82500
82497
82494
82485
82484
82475
82474
82470
82463
82457
82450
82445
82441
82440
82430
82430
82425
82418
82410
82407
82401
82395
82393
82385
82380
82377
82370
82368
82364
82355
82355
82348
82343
82338
82333
82329
82323
82315
82312
82305
82305
82295
82293
82286
82283
82279
82272
82266
82264
82260
82254
82247
82242
82238
82233
82229
82223
82218
82212
82209
82204
82198
82190
82186
82185
82175
82175
82167
82162
82157
82151
82149
82141
82135
82132
82127
82124
82118
82111
82107
82100
82098
82091
82085
82084
82078
82073
82067
82062
82056
82055
82045
82045
82040
82030
82030
82025
82015
82010
82006
82005
82000
81994
81990
81981
81975
81973
81965
81960
81957
81953
81947
81941
81937
81932
81925
81925
81916
81915
81907
81905
81898
81895
81888
81880
81876
81871
81865
81862
81858
81851
81850
81843
81839
81835
81825
81821
81818
81815
81805
81801
81798
81794
81787
81781
81777
81771
81767
81761
81756
81751
81750
81742
81735
81733
81729
81725
81715
81715
81710
81701
81695
81690
81688
81680
81676
81675
81666
81661
81658
81651
81645
81645
81635
81635
81627
81625
81616
81613
81609
81604
81599
81595
81586
81582
81578
81570
81567
81562
81555
81553
81545
81541
81539
81532
81525
81521
81519
81513
81507
81503
81498
81494
81488
81480
81479
81470
81469
81463
81456
81453
81446
81442
81439
81433
81429
81420
81416
81415
81409
81402
81397
81391
81387
81382
81376
81375
81368
81364
81360
81351
81348
81343
81339
81331
81329
81320
81320
81312
81309
81304
81297
81291
81290
81285
81277
81270
81267
81263
81258
81255
81249
81242
81240
81235
81229
81221
81216
81214
81207
81204
81197
81194
81186
81184
81180
81173
81165
81165
81155
81150
81150
81142
81138
81134
81125
81120
81120
81111
81105
81103
81097
81093
81085
81080
81080
81072
81070
81064
81059
81051
81045
81042
81036
81031
81025
81023
81016
81010
81009
81001
80997
80991
80989
80980
80976
80971
80970
80965
80959
80954
80949
80944
80938
80930
80925
80920
80917
80914
80909
80900
80897
80891
80886
80884
80879
80871
80869
80860
80856
80851
80846
80845
80836
80832
80830
80825
80816
80812
80808
80802
80798
80792
80786
80782
80775
80774
80769
80764
80757
80750
80748
80743
80737
80732
80730
80720
80716
80714
80708
80702
80695
80690
80689
80683
80680
80672
80668
80661
80660
80651
80645
80645
80638
80631
80629
80625
80620
80613
80610
80604
80596
80595
80586
80580
80576
80575
80565
80565
80556
80553
80546
80543
80535
80533
80525
80525
80518
80515
80507
80504
80497
80494
80486
80483
80476
80470
80465
80464
80457
80450
80446
80441
80435
80430
80430
80425
80415
80415
80410
80401
80397
80390
80388
80382
80375
80372
80368
80362
80358
80354
80345
80343
80336
80335
80328
80321
80316
80313
80310
80301
80298
80292
80285
80280
80279
80273
80267
80262
80259
80254
80245
80242
80235
80232
80226
80220
80219
80210
80209
80202
80200
80195
80185
80183
80175
80171
80165
80165
80155
80153
80145
80142
80138
80130
80126
80124
80119
80112
80108
80104
80100
80091
80086
80085
80079
80071
80066
80060
80056
80052
80050
80044
80040
80032
80027
80025
80020
80013
80007
80000
79995
79990
79989
79981
79975
79973
79968
79962
79955
79953
79948
79943
79940
79932
79930
79923
79917
79914
79907
79900
79898
79893
79889
79884
79875
79870
79866
79863
79855
79852
79848
79840
79835
79830
79825
79824
79815
79811
79806
79804
79798
79794
79786
79785
79776
79770
79767
79765
79760
79754
79749
79741
79740
79735
79730
79724
79718
79710
79707
79703
79695
79695
79689
79682
79678
79674
79666
79660
79660
79655
79645
79640
79639
79630
79626
79620
79620
79614
79610
79600
79595
79593
79586
79581
79578
79571
79567
79565
79556
79553
79547
79542
79538
79534
79530
79520
79515
79514
79510
79501
79500
79493
79490
79485
79477
79474
79466
79461
79457
79452
79447
79445
79438
79434
79427
79422
79420
79411
79410
79400
79400
79390
79390
79381
79376
79375
79369
79363
79358
79353
79346
79341
79335
79331
79328
79325
79317
79313
79305
79300
79296
79290
79286
79282
79276
79270
79270
79261
79256
79250
79247
79242
79240
79235
79230
79222
79220
79214
79210
79201
79195
79192
79188
79180
79176
79175
79170
79164
79159
79151
79145
79140
79138
79135
79128
79121
79116
79113
79110
79102
79096
79095
79088
79081
79080
79070
79067
79061
79055
79051
79049
79044
79036
79032
79027
79020
79020
79013
79006
79002
78997
78995
78990
78980
78977
78972
78966
78963
78955
78953
78946
78945
78937
78933
78928
78921
78917
78915
78905
78902
78899
78892
78887
78884
78876
78875
78870
78865
78856
78853
78850
78841
78840
78833
78827
78825
78816
78813
78805
78804
78798
78791
78787
78781
78775
78772
78767
78764
78758
78751
78745
78741
78737
78731
78726
78723
78716
78714
78707
78705
78695
78693
78690
78685
78679
78673
78666
78663
78660
78651
78649
78645
78638
78635
78627
78624
78615
78615
78606
78604
78597
78593
78587
78580
78577
78574
78568
78560
78555
78555
78545
78542
78539
78531
78529
78521
78515
78511
78505
78502
78498
78493
78490
78482
78475
78470
78470
78461
78457
78453
78449
78445
78439
78435
78427
78422
78420
78414
78405
78403
78396
78391
78390
78385
78379
78372
78368
78361
78357
78350
78346
78341
78335
78334
78329
78323
78319
78312
78306
78303
78300
78290
78287
78281
78277
78272
78269
78264
78257
78252
78249
78242
78236
78234
78228
78220
78220
78214
78205
78201
78195
78191
78188
78181
78178
78171
78167
78162
78158
78155
78145
78144
78137
78132
78126
78123
78119
78111
78108
78105
78097
78092
78089
78085
78078
78074
78067
78063
78055
78053
78050
78045
78040
78032
78027
78021
78017
78011
78007
78003
77996
77995
77987
77985
77980
77973
77968
77960
77957
77954
77946
77941
77938
77935
77929
77923
77916
77911
77910
77902
77896
77891
77885
77885
77879
77871
77865
77863
77856
77852
77847
77840
77839
77835
77828
77822
77817
77811
77810
77801
77796
77793
77787
77784
77777
77771
77766
77764
77757
77752
77749
77743
77740
77734
77728
77724
77715
77714
77707
77701
77696
77695
77685
77683
77675
77671
77668
77662
77655
77655
77645
77645
77639
77631
77628
77621
77618
77615
77607
77603
77597
77591
77590
77582
77577
77575
77565
77565
77559
77555
77545
77542
77538
77530
77527
77525
77518
77514
77509
77500
77500
77494
77488
77483
77477
77470
77466
77461
77457
77453
77450
77441
77440
77431
77426
77425
77419
77410
77410
77403
77398
77395
77387
77383
77378
77374
77365
77364
77358
77350
77346
77340
77335
77334
77330
77321
77319
77310
77306
77305
77300
77295
77285
77285
77280
77270
77266
77262
77257
77254
77245
77245
77236
77232
77226
77224
77215
77215
77207
77201
77197
77193
77188
77180
77179
77172
77169
77165
77157
77151
77146
77145
77135
77131
77130
77120
77117
77113
77106
77101
77097
77095
77090
77083
77077
77073
77070
77063
77055
77052
77047
77044
77039
77033
77027
77025
77020
77013
77010
77003
76999
76992
76985
76985
76976
76973
76968
76963
76959
76954
76948
76942
76937
76932
76930
76921
76917
76910
76905
76905
76897
76891
76889
76883
76876
76875
76866
76861
76857
76851
76849
76842
76840
76833
76826
76823
76815
76810
76808
76804
76795
76793
76789
76783
76776
76771
76770
76765
76760
76753
76745
76742
76739
76731
76726
76722
76718
76713
76707
76701
76698
76690
76685
76680
76680
76671
76667
76663
76659
76652
76647
76645
76635
76635
76630
76624
76619
76614
76607
76603
76595
76590
76590
76584
76578
76570
76567
76564
76559
76554
76548
76540
76540
76531
76529
76525
76518
76514
76509
76501
76498
76491
76489
76483
76475
76473
76467
76461
76460
76452
76449
76440
76437
76434
76425
76422
76416
76413
76405
76401
76399
76394
76390
76382
76378
76372
76367
76361
76358
76352
76350
76342
76335
76334
76325
76320
76315
76310
76305
76301
76299
76292
76286
76282
76278
76270
76267
76262
76259
76255
76248
76241
76239
76235
76228
76224
76217
76210
76206
76203
76198
76192
76189
76184
76179
76172
76168
76165
76158
76152
76146
76142
76135
76133
76128
76125
76117
76110
76106
76101
76100
76092
76090
76081
76076
76074
76068
76061
76059
76054
76048
76042
76035
76033
76028
76024
76016
76011
76010
76005
75997
75994
75988
75980
75975
75971
75970
75961
75958
75955
75950
75945
75937
75935
75928
75921
75916
75912
75908
75904
75900
75891
75885
75885
75876
75870
75865
75861
75856
75855
75850
75840
75836
75830
75825
75822
75819
75814
75807
75800
75796
75791
75785
75782
75780
75770
75770
75763
75760
75750
75747
75743
75737
75732
75729
75724
75715
75715
75708
75702
75698
75690
75689
75685
75677
75673
75667
75665
75658
75655
75645
75643
75635
75633
75627
75622
75620
75614
75608
75603
75597
75591
75589
75583
75580
75571
75567
75560
75560
75554
75547
75544
75540
75535
75529
75520
75517
75513
75507
75503
75500
75490
75489
75485
75477
75474
75468
75462
75455
75452
75450
75443
75437
75432
75425
75422
75418
75410
75405
75404
75395
75391
75390
75384
75379
75375
75370
75363
75360
75354
75349
75343
75337
75334
75328
75321
75316
75315
75309
75303
75300
75290
75285
75280
75277
75274
75268
75262
75257
75253
75245
75244
75235
75230
75229
75225
75218
75214
75207
75201
75196
75194
75188
75182
75178
75173
75166
75161
75159
75153
75147
75143
75135
75135
75128
75125
75118
75112
75107
75100
75095
75094
75085
75083
75078
75070
75066
75064
75059
75051
75048
75044
75037
75031
75025
75022
75017
75015
75010
75005
74998
74992
74986
74984
74976
74975
74966
74962
74959
74951
74949
74942
74937
74932
74928
74920
74918
74914
74909
74900
74895
74892
74887
74883
74876
74874
74870
74864
74859
74855
74846
74843
74837
74835
74829
74820
74820
74812
74809
74803
74800
74795
74786
74782
74779
74773
74765
74763
74755
74752
74748
74741
74739
74732
74725
74723
74715
74711
74706
74703
74695
74693
74685
74683
74680
74675
74668
74660
74657
74653
74649
74640
74636
74635
74630
74621
74617
74610
74608
74602
74600
74595
74587
74585
74576
74572
74568
74565
74557
74551
74548
74540
74539
74534
74527
74525
74520
74515
74510
74502
74499
74490
74490
74485
74480
74474
74467
74461
74457
74450
74449
74440
74440
74434
74425
74424
74419
74414
74409
74403
74398
74391
74389
74381
74377
74370
74365
74361
74355
74350
74349
74344
74335
74331
74327
74320
74319
74313
74309
74301
74295
74290
74287
74284
74277
74270
74266
74260
74256
74253
74250
74242
74236
74231
74227
74221
74220
74215
74206
74203
74195
74192
74189
74184
74180
74171
74165
74160
74159
74154
74149
74144
74139
74133
74127
74123
74118
74114
74110
74103
74100
74093
74086
74085
74080
74071
74067
74062
74060
74053
74050
74042
74036
74031
74027
74023
74016
74012
74006
74001
73997
73992
73985
73982
73976
73970
73965
73963
73956
73950
73950
73944
73940
73930
73928
73920
73920
73912
73908
73905
73896
73892
73888
73880
73878
73870
73868
73862
73860
73855
73847
73841
73837
73830
73825
73822
73817
73810
73808
73804
73796
73791
73789
73780
73779
73774
73769
73761
73757
73754
73748
73740
73736
73733
73729
73720
73716
73713
73710
73704
73695
73694
73685
73681
73680
73670
73669
73664
73657
73651
73650
73641
73635
73632
73627
73624
73615
73614
73607
73604
73596
73593
73587
73583
73575
73572
73569
73560
73558
73555
73548
73540
73537
73531
73527
73525
73519
73512
73510
73504
73498
73494
73486
73480
73478
73473
73466
73465
73457
73451
73448
73442
73435
73434
73429
73423
73419
73411
73407
73404
73397
73392
73386
73383
73375
73374
73367
73364
73358
73355
73348
73345
73335
73330
73329
73322
73318
73312
73306
73305
73295
73291
73285
73285
73279
73271
73267
73261
73256
73253
73250
73241
73239
73231
73225
73224
73219
73214
73210
73201
73199
73194
73186
73182
73180
73170
73168
73163
73158
73153
73149
73140
73137
73134
73125
73120
73120
73114
73110
73103
73096
73094
73085
73085
73080
73070
73066
73060
73058
73051
73049
73042
73037
73035
73029
73023
73018
73011
73007
73002
72995
72991
72989
72981
72980
72970
72965
72960
72956
72955
72948
72944
72935
72930
72927
72920
72915
72911
72910
72900
72896
72895
72890
72881
72879
72870
72865
72865
72858
72854
72846
72841
72839
72834
72826
72825
72815
72813
72806
72804
72796
72794
72785
72780
72776
72773
72765
72762
72759
72751
72745
72741
72738
72735
72730
72721
72718
72713
72708
72703
72696
72695
72685
72682
72678
72675
72667
72661
72659
72655
72646
72640
72635
72635
72629
72623
72620
72613
72608
72604
72596
72592
72587
72585
72577
72573
72569
72563
72559
72553
72548
72542
72538
72532
72527
72520
72516
72510
72507
72504
72498
72492
72490
72482
72480
72473
72466
72462
72456
72453
72449
72445
72435
72434
72429
72424
72418
72414
72410
72403
72396
72394
72386
72384
72376
72372
72367
72361
72359
72352
72350
72343
72340
72332
72327
72321
72320
72311
72306
72305
72296
72294
72290
72285
72278
72271
72270
72264
72259
72253
72249
72242
72237
72231
72228
72223
72217
72211
72209
72203
72196
72195
72186
72181
72180
72170
72166
72164
72158
72153
72145
72145
72135
72132
72126
72123
72118
72110
72105
72105
72099
72093
72089
72083
72076
72074
72068
72060
72059
72052
72046
72042
72039
72033
72027
72024
72015
72014
72007
72004
72000
71995
71988
71982
71976
71972
71967
71964
71955
71951
71949
71943
71939
71934
71928
71924
71915
71914
71906
71900
71898
71892
71888
71883
71877
71870
71869
71860
71860
71851
71848
71841
71838
71832
71829
71824
71820
71810
71809
71804
71795
71791
71790
71783
71776
71774
71768
71764
71758
71755
71750
71741
71737
71730
71725
71725
71717
71715
71706
71701
71696
71695
71685
71682
71677
71675
71667
71660
71659
71654
71648
71643
71635
71630
71625
71625
71617
71614
71605
71603
71597
71594
71590
71585
71575
71574
71567
71562
71555
71554
71545
71541
71540
71531
71527
71525
71519
71514
71510
71503
71495
71493
71488
71480
71475
71472
71469
71465
71455
71453
71449
71442
71437
71431
71426
71423
71415
71411
71407
71405
71396
71391
71389
71385
71378
71372
71365
71363
71358
71352
71345
71344
71339
71330
71330
71324
71320
71315
71307
71304
71295
71292
71289
71280
71275
71272
71266
71260
71259
71251
71249
71242
71235
71233
71229
71223
71218
71210
71207
71205
71196
71194
71185
71185
71180
71173
71168
71165
71160
71153
71146
71145
71140
71130
71125
71120
71120
71111
71110
71103
71100
71092
71088
71080
71077
71073
71067
71060
71057
71052
71049
71042
71037
71032
71027
71024
71020
71014
71009
71005
71000
70990
70986
70984
70980
70970
70965
70965
70955
70952
70947
70944
70938
70932
70929
70920
70920
70913
70905
70900
70899
70892
70888
70880
70876
70872
70868
70865
70858
70850
70846
70844
70835
70831
70828
70823
70820
70811
70805
70803
70797
70790
70790
70785
70776
70770
70769
70761
70757
70752
70745
70741
70739
70734
70725
70722
70719
70715
70709
70702
70700
70691
70686
70683
70679
70670
70667
70664
70658
70655
70647
70640
70638
70634
70626
70625
70615
70612
70609
70600
70596
70593
70590
70580
70580
70570
70565
70560
70559
70551
70549
70545
70538
70530
70529
70522
70517
70510
70508
70500
70496
70493
70489
70481
70478
70471
70465
70465
70456
70450
70447
70441
70437
70435
70425
70425
70415
70413
70406
70401
70399
70390
70388
70382
70377
70370
70367
70363
70358
70350
70347
70344
70338
70335
70330
70323
70320
70312
70309
70305
70298
70293
70286
70283
70280
70272
70266
70261
70257
70253
70250
70243
70236
70233
70229
70222
70216
70210
70208
70204
70198
70194
70188
70182
70175
70174
70170
70162
70160
70152
70147
70140
70135
70133
70129
70123
70115
70113
70110
70100
70097
70095
70088
70080
70077
70071
70069
70062
70055
70054
70050
70045
70036
70032
70025
70024
70018
70012
70009
70002
69999
69994
69986
69981
69978
69975
69965
69965
69957
69951
69947
69942
69936
69932
69925
69925
69917
69910
69907
69902
69896
69890
69886
69883
69875
69872
69868
69865
69856
69854
69845
69840
69836
69832
69828
69824
69815
69815
69806
69803
69800
69794
69789
69785
69777
69773
69769
69764
69758
69754
69748
69744
69735
69734
69730
69721
69720
69714
69707
69705
69697
69695
69688
69682
69675
69670
69669
69663
69655
69652
69645
69644
69638
69630
69627
69620
69619
69611
69607
69602
69598
69595
69585
69580
69577
69570
69569
69565
69555
69553
69548
69543
69536
69531
69529
69521
69519
69511
69505
69502
69500
69493
69489
69481
69475
69473
69467
69460
69456
69452
69445
69443
69438
69434
69425
69425
69419
69411
69408
69405
69400
69390
69385
69381
69378
69373
69368
69365
69359
69352
69346
69342
69337
69332
69329
69322
69315
69315
69310
69305
69297
69294
69285
69283
69279
69270
69267
69262
69258
69251
69248
69241
69239
69233
69226
69221
69219
69213
69209
69201
69198
69193
69188
69184
69176
69171
69169
69163
69155
69154
69147
69144
69135
69132
69126
69123
69119
69112
69110
69104
69098
69091
69086
69085
69079
69071
69069
69064
69059
69050
69045
69041
69039
69035
69027
69024
69018
69012
69008
69004
68998
68994
68985
68982
68980
68975
68970
68960
68955
68950
68950
68940
68935
68931
68929
68920
68918
68911
68909
68904
68899
68895
68890
68884
68878
68872
68867
68864
68860
68852
68847
68843
68835
68832
68827
68822
68815
68812
68808
68802
68800
68794
68785
68781
68777
68774
68765
68760
68755
68754
68745
68740
68739
68730
68729
68721
68720
68710
68707
68702
68699
68692
68687
68682
68676
68671
68667
68664
68657
68651
68650
68643
68640
68632
68628
68623
68619
68615
68605
68603
68600
68594
68585
68583
68575
68572
68568
68561
68558
68554
68550
68545
68539
68531
68527
68520
68515
68515
68508
68503
68500
68490
68488
68483
68478
68473
68465
68462
68459
68451
68446
68445
68437
68430
68425
68422
68419
68413
68409
68400
68397
68390
68390
68380
68380
68375
68368
68364
68359
68354
68350
68342
68339
68334
68328
68324
68320
68313
68307
68301
68297
68293
68286
68280
68277
68274
68268
68262
68260
68252
68245
68245
68240
68232
68230
68223
68217
68213
68205
68204
68195
68191
68185
68182
68178
68174
68167
68160
68157
68155
68148
68140
68135
68135
68125
68123
68117
68115
68110
68100
68097
68090
68088
68080
68078
68072
68069
68064
68059
68054
68050
68041
68036
68035
68025
68022
68016
68012
68010
68001
67999
67993
67985
67981
67978
67972
67966
67964
67955
67953
67945
67943
67938
67930
67928
67925
67917
67912
67909
67905
67897
67893
67885
67881
67876
67871
67868
67865
67857
67855
67846
67843
67835
67832
67825
67824
67817
67814
67808
67801
67800
67792
67789
67782
67777
67771
67765
67763
67759
67755
67747
67743
67738
67733
67725
67721
67720
67715
67707
67704
67697
67695
67687
67680
67678
67672
67668
67665
67656
67652
67647
67643
67640
67631
67627
67622
67616
67613
67605
67601
67598
67590
67589
67584
67576
67573
67569
67563
67558
67551
67545
67545
67537
67533
67527
67524
67519
67511
67507
67500
67498
67492
67490
67480
67476
67472
67465
67463
67455
67451
67449
67441
67439
67431
67425
67425
67419
67413
67408
67403
67399
67395
67385
67380
67375
67372
67370
67362
67358
67355
67350
67341
67337
67333
67328
67325
67320
67314
67308
67302
67296
67295
67287
67283
67280
67275
67265
67262
67259
67251
67245
67242
67239
67231
67230
67222
67220
67213
67208
67201
67197
67194
67190
67180
67175
67173
67168
67161
67157
67150
67145
67140
67138
67133
67126
67125
67117
67112
67108
67104
67095
67095
67090
67084
67078
67074
67065
67061
67059
67055
67046
67045
67037
67032
67030
67023
67015
67012
67005
67001
66995
66991
66986
66985
66980
66972
66970
66963
66959
66950
66950
66944
66937
66933
66929
66920
66915
66910
66910
66901
66900
66890
66889
66884
66880
66874
66869
66864
66860
66854
66849
66840
66840
66834
66830
66822
66815
66811
66806
66802
66799
66795
66790
66785
66775
66773
66767
66765
66758
66750
66747
66743
66735
66732
66730
66724
66719
66711
66707
66702
66697
66692
66689
66681
66676
66672
66670
66662
66655
66654
66646
66644
66636
66631
66629
66620
66617
66611
66610
66604
66598
66594
66589
66581
66575
66570
66569
66560
66555
66555
66547
66545
66537
66535
66526
66522
66516
66513
66510
66505
66496
66494
66485
66483
66477
66471
66468
66460
66455
66450
66450
66443
66438
66431
66426
66421
66419
66411
66405
66402
66397
66391
66385
66383
66379
66375
66370
66361
66357
66351
66349
66340
66339
66333
66325
66320
66320
66312
66306
66300
66296
66295
66288
66283
66276
66272
66268
66260
66257
66250
66249
66245
66239
66232
66229
66220
66216
66213
66205
66201
66195
66191
66186
66180
66179
66174
66169
66164
66158
66154
66150
66141
66138
66134
66130
66122
66117
66110
66109
66101
66098
66092
66086
66080
66076
66074
66065
66062
66058
66051
66049
66041
66035
66034
66028
66025
66018
66011
66009
66003
65999
65991
65990
65985
65978
65974
65967
65963
65955
65950
65945
65940
65937
65930
65927
65925
65920
65911
65907
65904
65898
65892
65888
65882
65877
65872
65866
65864
65860
65852
65846
65840
65839
65830
65830
65823
65817
65812
65810
65805
65797
65792
65790
65781
65776
65770
65766
65760
65759
65751
65745
65743
65736
65730
65726
65721
65715
65713
65710
65705
65698
65694
65686
65684
65680
65672
65666
65663
65656
65654
65648
65642
65636
65633
65625
65624
65619
65615
65609
65601
65595
65594
65586
65580
65578
65571
65570
65563
65559
65550
65545
65545
65540
65533
65529
65525
65520
65511
65510
65501
65497
65493
65490
65480
65478
65475
65468
65464
65457
65451
65446
65442
65439
65430
65425
65423
65420
65412
65405
65404
65395
65394
65389
65385
65380
65375
65366
65361
65357
65354
65348
65343
65336
65333
65325
65323
65317
65310
65307
65301
65295
65291
65285
65282
65280
65271
65266
65262
65255
65250
65245
65243
65237
65232
65226
65220
65216
65211
65209
65202
65197
65191
65187
65185
65177
65170
65165
65162
65160
65153
65147
65140
65137
65134
65127
65120
65120
65114
65109
65103
65096
65094
65085
65085
65079
65071
65066
65062
65056
65054
65046
65040
65035
65035
65025
65021
65017
65011
65010
65000
64997
64993
64987
64981
64975
64972
64968
64963
64959
64951
64948
64940
64935
64930
64927
64923
64915
64914
64909
64905
64900
64893
64887
64881
64879
64870
64868
64861
64860
64850
64845
64844
64837
64830
64829
64822
64818
64815
64805
64800
64799
64791
64786
64785
64776
64772
64766
64761
64758
64753
64750
64745
64735
64733
64728
64721
64715
64712
64708
64700
64695
64690
64686
64682
64680
64674
64668
64661
64656
64652
64647
64641
64636
64630
64627
64623
64619
64615
64610
64600
64596
64593
64590
64585
64576
64570
64566
64564
64559
64555
64548
64543
64535
64530
64525
64525
64517
64510
64510
64505
64498
64492
64485
64481
64479
64471
64470
64461
64455
64452
64448
64441
64438
64430
64427
64423
64417
64414
64408
64403
64397
64394
64385
64381
64376
64371
64368
64360
64358
64350
64349
64344
64340
64332
64327
64323
64318
64311
64308
64300
64299
64292
64287
64281
64275
64272
64265
64262
64256
64251
64250
64242
64236
64230
64229
64225
64220
64214
64209
64203
64200
64195
64187
64180
64180
64170
64170
64165
64157
64153
64146
64141
64140
64132
64128
64120
64120
64115
64107
64103
64097
64092
64088
64080
64078
64074
64066
64065
64059
64050
64046
64045
64039
64034
64028
64020
64019
64013
64007
64002
63998
63992
63986
63985
63978
63972
63968
63961
63955
63955
63945
63943
63935
63935
63928
63923
63916
63910
63907
63905
63900
63894
63887
63881
63879
63871
63865
63861
63859
63853
63849
63843
63835
63834
63830
63824
63818
63814
63806
63804
63797
63790
63787
63782
63779
63773
63770
63762
63756
63751
63749
63740
63735
63733
63729
63722
63718
63714
63706
63702
63700
63691
63689
63683
63680
63673
63668
63664
63657
63654
63646
63640
63637
63635
63626
63620
63615
63612
63608
63605
63596
63594
63586
63581
63579
63571
63566
63560
63555
63553
63549
63544
63537
63534
63530
63521
63519
63512
63506
63504
63498
63495
63490
63484
63476
63472
63469
63464
63459
63450
63449
63442
63440
63432
63427
63421
63417
63414
63409
63403
63396
63394
63389
63383
63376
63372
63365
63364
63360
63355
63346
63340
63336
63335
63329
63324
63320
63311
63305
63305
63298
63293
63288
63280
63280
63272
63268
63263
63258
63252
63250
63240
63239
63232
63230
63224
63219
63211
63207
63200
63199
63192
63185
63184
63175
63171
63168
63161
63158
63152
63145
63144
63135
63135
63130
63121
63116
63112
63110
63101
63100
63092
63086
63083
63077
63074
63065
63065
63058
63055
63047
63042
63037
63033
63029
63021
63018
63015
63005
63003
62998
62993
62987
62983
62977
62970
62968
62965
62956
62952
62947
62942
62938
62935
62927
62923
62918
62915
62910
62901
62897
62895
62887
62885
62878
62874
62869
62864
62859
62853
62848
62840
62837
62832
62825
62824
62820
62812
62806
62802
62798
62795
62785
62780
62775
62775
62766
62761
62755
62750
62747
62745
62736
62735
62725
62722
62719
62710
62707
62701
62696
62693
62690
62680
62676
62671
62670
62661
62655
62651
62650
62641
62637
62635
62626
62620
62619
62615
62606
62602
62598
62592
62588
62584
62578
62573
62565
62562
62556
62554
62549
62541
62540
62534
62525
62523
62516
62511
62506
62501
62495
62491
62489
62483
62480
62470
62465
62460
62458
62453
62450
62443
62439
62431
62427
62425
62418
62414
62405
62403
62400
62390
62388
62384
62380
62370
62367
62365
62357
62353
62345
62343
62337
62330
62328
62323
62315
62312
62308
62300
62300
62294
62287
62283
62279
62272
62269
62261
62256
62251
62245
62242
62238
62235
62227
62220
62220
62215
62207
62202
62196
62194
62186
62181
62176
62172
62169
62164
62159
62153
62147
62145
62137
62134
62129
62125
62120
62113
62106
62100
62098
62094
62090
62085
62078
62075
62070
62064
62058
62052
62046
62040
62038
62035
62027
62022
62020
62012
62005
62005
61995
61994
61988
61982
61980
61975
61967
61961
61955
61951
61949
61943
61938
61930
61926
61924
61918
61914
61910
61905
61899
61891
61887
61885
61879
61875
61867
61865
61857
61852
61847
61841
61839
61834
61826
61822
61816
61813
61805
61804
61799
61794
61786
61784
61777
61774
61769
61760
61759
61753
61749
61744
61739
61730
61727
61721
61717
61712
61708
61704
61700
61690
61686
61684
61680
61675
61665
61662
61660
61654
61649
61642
61635
61633
61627
61623
61619
61611
61605
61605
61595
61592
61588
61585
61575
61572
61569
61560
61558
61551
61550
61544
61538
61535
61527
61521
61519
61512
61509
61503
61498
61492
61485
61484
61477
61471
61470
61463
61455
61454
61449
61441
61438
61434
61427
61421
61417
61411
61410
61402
61395
61393
61388
61381
61375
61372
61368
61361
61356
61350
61349
61342
61337
61334
61329
61321
61316
61314
61306
61304
61299
61293
61290
61285
61276
61273
61266
61264
61260
61252
61245
61243
61239
61235
61227
61220
61216
61213
61209
61205
61196
61191
61190
61181
61175
61173
61165
61163
61155
61153
61147
61140
61139
61131
61126
61122
61115
61114
61105
61104
61099
61094
61086
61083
61078
61072
61068
61060
61059
61053
61047
61041
61040
61031
61028
61021
61020
61012
61008
61002
61000
60990
60987
60981
60980
60975
60970
60961
60959
60950
60947
60942
60935
60932
60926
60922
60917
60910
60905
60905
60897
60894
60890
60881
60877
60871
60865
60860
60857
60853
60848
60843
60836
60831
60826
60822
60816
60815
60808
60802
60796
60794
60785
60784
60775
60774
60766
60763
60755
60752
60749
60740
60736
60732
60729
60721
60715
60714
60708
60703
60695
60695
60690
60683
60679
60670
60665
60664
60656
60652
60645
60644
60636
60635
60630
60621
60617
60610
60606
60605
60595
60592
60589
60583
60579
60574
60570
60561
60556
60552
60547
60540
60535
60532
60529
60524
60519
60515
60506
60503
60497
60491
60485
60484
60480
60475
60466
60464
60460
60455
60447
60440
60436
60434
60429
60421
60419
60414
60408
60400
60397
60391
60386
60385
60379
60371
60366
60360
60357
60351
60349
60345
60335
60331
60329
60322
60316
60314
60308
60301
60295
60294
60285
60283
60277
60275
60267
60261
60259
60254
60250
60243
60239
60232
60230
60224
60217
60212
60210
60205
60199
60193
60187
60181
60180
60173
60166
60165
60159
60151
60145
60142
60139
60131
60125
60125
60118
60110
60108
60100
60097
60094
60088
60083
60078
60074
60065
60064
60058
60055
60050
60040
60036
60035
60030
60022
60017
60015
60006
60000
