139998
139991
139987
139982
139978
139975
139967
139960
139957
139950
139949
139941
139935
139935
139929
139922
139920
139911
139905
139901
139895
139891
139885
139880
139877
139873
139870
139864
139858
139851
139845
139840
139840
139835
139830
139823
139818
139810
139807
139801
139797
139792
139789
139783
139777
139773
139766
139760
139760
139750
139749
139743
139740
139731
139730
139721
139719
139712
139705
139701
139696
139692
139690
139683
139679
139673
139666
139662
139659
139653
139645
139640
139640
139631
139629
139625
139616
139611
139608
139603
139595
139593
139588
139585
139575
139570
139566
139562
139557
139555
139546
139545
139538
139534
139525
139520
139515
139513
139508
139505
139496
139493
139489
139483
139480
139470
139465
139462
139455
139453
139449
139443
139435
139432
139430
139420
139416
139410
139406
139402
139396
139391
139387
139382
139375
139370
139368
139364
139360
139352
139348
139341
139340
139334
139329
139325
139318
139310
139309
139304
139295
139291
139289
139285
139277
139272
139267
139264
139256
139254
139245
139241
139235
139235
139225
139220
139220
139215
139206
139204
139198
139192
139186
139185
139180
139170
139165
139164
139157
139150
139149
139140
139136
139134
139127
139125
139115
139111
139110
139102
139100
139093
139086
139081
139077
139070
139069
139063
139056
139052
139047
139040
139035
139030
139027
139022
139018
139013
139006
139005
138998
138991
138990
138982
138975
138973
138969
138963
138960
138952
138947
138941
138936
138931
138930
138920
138916
138913
138910
138903
138895
138894
138888
138882
138879
138874
138869
138864
138858
138854
138846
138845
138839
138833
138825
138820
138819
138814
138809
138801
138796
138795
138790
138784
138779
138775
138766
138760
138758
138755
138748
138744
138737
138730
138726
138721
138716
138715
138708
138700
138698
138694
138686
138682
138677
138674
138666
138661
138658
138653
138645
138645
138639
138631
138625
138622
138620
138615
138605
138603
138596
138593
138586
138581
138578
138571
138570
138561
138560
138553
138549
138540
138538
138531
138529
138521
138516
138515
138505
138502
138497
138492
138485
138481
138477
138471
138465
138464
138455
138450
138448
138445
138440
138431
138430
138425
138417
138414
138409
138403
138398
138395
138390
138381
138379
138371
138365
138364
138359
138354
138345
138342
138335
138331
138327
138321
138317
138314
138305
138304
138300
138294
138290
138281
138276
138271
138267
138260
138260
138252
138249
138245
138240
138234
138230
138221
138220
138213
138205
138201
138200
138191
138186
138180
138180
138174
138167
138160
138156
138153
138145
138141
138137
138135
138129
138123
138117
138114
138110
138102
138100
138093
138088
138083
138075
138072
138067
138063
138055
138055
138050
138040
138038
138031
138027
138021
138017
138012
138008
138001
137998
137994
137987
137983
137975
137975
137968
137960
137958
137951
137947
137943
137938
137930
137925
137921
137915
137914
137910
137900
137895
137891
137886
137881
137875
137874
137867
137860
137857
137854
137850
137841
137837
137832
137826
137821
137818
137812
137810
137805
137798
137792
137785
137784
137777
137772
137768
137765
137755
137754
137746
137740
137735
137730
137726
137720
137720
137711
137709
137700
137699
137691
137688
137682
137679
137674
137665
137661
137656
137652
137645
137643
137636
137635
137630
137621
137616
137610
137607
137601
137597
137592
137588
137581
137578
137572
137568
137565
137560
137551
137550
137543
137537
137535
137526
137520
137520
137514
137505
137503
137497
137494
137490
137483
137478
137470
137467
137460
137458
137454
137447
137440
137439
137432
137428
137425
137418
137413
137410
137405
137396
137394
137386
137380
137377
137375
137370
137365
137357
137351
137350
137341
137338
137333
137330
137323
137316
137315
137306
137302
137295
137290
137288
137280
137276
137272
137266
137261
137255
137255
137250
137245
137238
137232
137226
137224
137217
137215
137209
137204
137200
137194
137185
137183
137178
137172
137167
137160
137155
137152
137148
137143
137138
137131
137130
137122
137118
137113
137109
137105
137097
137095
137088
137080
137077
137075
137070
137065
137060
137053
137050
137044
137035
137030
137028
137024
137018
137012
137010
137003
136999
136990
136987
136980
136980
136971
136967
136963
136957
136955
136945
136940
136937
136932
136925
136923
136920
136910
136908
136901
136898
136891
136888
136883
136879
136871
136867
136863
136858
136855
136850
136844
136838
136830
136825
136823
136817
136811
136807
136802
136798
136794
136788
136781
136775
136770
136770
136762
136759
136753
136746
136745
136739
136735
136730
136720
136715
136710
136707
136700
136696
136695
136685
136681
136680
136673
136670
136663
136659
136654
136649
136644
136640
136634
136628
136621
136616
136615
136608
136603
136599
136592
136590
136585
136575
136571
136569
136562
136558
136552
136546
136540
136537
136535
136528
136521
136517
136511
136506
136501
136495
136490
136485
136484
136480
136470
136469
136462
136456
136451
136445
136442
136439
136432
136427
136425
136418
136413
136408
136402
136396
136392
136390
136383
136375
136372
136369
136364
136360
136352
136349
136342
136339
136332
136330
136320
136320
136310
136308
136303
136300
136290
136287
136280
136277
136273
136266
136265
136260
136250
136245
136241
136236
136231
136230
136220
136219
136213
136210
136201
136200
136193
136187
136180
136179
136172
136167
136163
136155
136153
136150
136143
136139
136132
136129
136125
136120
136112
136107
136105
136098
136093
136086
136083
136077
136070
136068
136060
136058
136051
136049
136041
136036
136031
136027
136025
136019
136012
136009
136003
135999
135991
135989
135985
135976
135975
135966
135963
135956
135953
135948
135942
135939
135931
135929
135920
135919
135914
135906
135905
135897
135890
135885
135883
135878
135875
135866
135864
135857
135852
135848
135843
135839
135830
135825
135822
135820
135812
135807
135805
135795
135793
135785
135781
135780
135772
135766
135763
135759
135750
135750
135745
135738
135731
135726
135723
135720
135713
135709
135705
135697
135693
135689
135680
135680
135671
135669
135661
135656
135651
135648
135640
135638
135630
135627
135621
135620
135612
135608
135605
135599
135594
135585
135584
135578
135575
135565
135560
135556
135552
135546
135541
135536
135535
135528
135520
135520
135511
135506
135501
135499
135491
135485
135481
135478
135471
135465
135464
135456
135452
135449
135445
135437
135431
135425
135425
135420
135412
135405
135404
135396
135395
135387
135381
135380
135370
135370
135362
135355
135350
135347
135345
135337
135332
135327
135324
135316
135310
135310
135303
135297
135291
135287
135283
135276
135270
135268
135262
135255
135251
135246
135242
135239
135234
135227
135220
135220
135213
135210
135200
135195
135193
135188
135183
135179
135173
135170
135162
135155
135154
135145
135144
135137
135133
135127
135122
135118
135110
135107
135101
135100
135094
135086
135082
135077
135073
135070
135065
135056
135053
135046
135044
135036
135031
135030
135024
135018
135012
135009
135004
134997
134995
134987
134983
134980
134972
134966
134962
134958
134950
134948
134944
134937
134934
134928
134922
134915
134911
134905
134905
134898
134892
134886
134880
134876
134873
134869
134865
134856
134852
134846
134843
134838
134835
134826
134822
134816
134810
134807
134803
134796
134794
134789
134783
134776
134771
134765
134764
134756
134752
134746
134740
134735
134731
134725
134721
134719
134714
134707
134704
134698
134695
134685
134685
134677
134674
134667
134663
134660
134653
134645
134643
134640
134632
134627
134624
134617
134614
134610
134601
134597
134592
134586
134583
134575
134571
134565
134562
134560
134550
134548
134543
134536
134533
134527
134522
134519
134515
134509
134501
134500
134490
134486
134483
134480
134471
134465
134461
134460
134455
134446
134440
134436
134432
134425
134424
134416
134413
134405
134402
134395
134393
134387
134381
134377
134371
134366
134361
134357
134350
134347
134345
134340
134330
134325
134321
134320
134314
134307
134301
134297
134291
134285
134282
134277
134270
134268
134262
134257
134252
134245
134243
134238
134231
134225
134222
134215
134213
134208
134203
134200
134195
134187
134182
134177
134175
134166
134161
134157
134152
134150
134144
134135
134133
134126
134120
134119
134115
134105
134105
134099
134095
134085
134080
134077
134073
134067
134065
134059
134052
134047
134042
134040
134035
134030
134023
134017
134011
134005
134005
133995
133993
133989
133983
133976
133970
133966
133962
133956
133950
133950
133942
133936
133933
133930
133921
133920
133911
133908
133902
133895
133890
133889
133880
133875
133871
133866
133860
133858
133852
133847
133840
133840
133830
133829
133824
133818
133815
133807
133803
133797
133793
133789
133782
133777
133772
133765
133764
133755
133750
133747
133743
133738
133732
133730
133721
133715
133715
133705
133700
133696
133692
133690
133685
133675
133675
133665
133664
133659
133654
133648
133641
133637
133632
133626
133622
133615
133610
133609
133602
133597
133590
133589
133580
133577
133574
133568
133560
133558
133554
133548
133542
133535
133534
133530
133525
133518
133514
133507
133505
133496
133493
133485
133484
133477
133475
133469
133461
133459
133452
133448
133441
133436
133433
133428
133420
133415
133412
133407
133405
133400
133395
133386
133382
133375
133370
133369
133363
133358
133351
133347
133345
133338
133332
133326
133324
133318
133314
133306
133305
133297
133291
133286
133285
133277
133270
133267
133264
133255
133253
133247
133241
133238
133231
133227
133221
133216
133211
133207
133202
133200
133195
133186
133180
133178
133172
133169
133163
133156
133155
133146
133143
133139
133132
133129
133121
133116
133115
133107
133104
133096
133093
133087
133082
133076
133071
133067
133061
133060
133051
133045
133040
133035
133031
133025
133025
133015
133013
133007
133005
132996
132994
132985
132984
132978
132974
132970
132960
132957
132952
132949
132942
132937
132931
132930
132920
132920
132911
132906
132903
132899
132893
132888
132882
132875
132870
132865
132864
132856
132852
132848
132842
132835
132833
132830
132820
132818
132814
132808
132803
132795
132795
132788
132784
132778
132773
132766
132761
132758
132754
132750
132743
132737
132730
132727
132724
132717
132713
132707
132704
132699
132692
132690
132684
132676
132671
132670
132660
132655
132652
132648
132642
132635
132635
132627
132623
132615
132614
132605
132605
132598
132595
132587
132580
132576
132575
132570
132562
132560
132551
132546
132540
132538
132531
132525
132522
132517
132510
132510
132501
132499
132490
132489
132481
132478
132475
132470
132460
132460
132453
132449
132440
132437
132433
132425
132421
132416
132413
132409
132401
132400
132391
132390
132380
132380
132375
132369
132361
132358
132355
132346
132342
132338
132332
132330
132325
132318
132311
132309
132302
132295
132290
132287
132281
132279
132275
132265
132265
132260
132255
132248
132244
132235
132235
132229
132222
132220
132211
132210
132205
132199
132190
132190
132181
132176
132170
132165
132164
132158
132151
132147
132143
132139
132131
132129
132120
132115
132111
132107
132105
132099
132090
132085
132081
132076
132071
132069
132062
132057
132050
132048
132043
132035
132033
132026
132025
132020
132011
132010
132003
131996
131993
131989
131982
131976
131974
131970
131963
131960
131952
131950
131942
131936
131934
131927
131920
131915
131914
131906
131901
131898
131895
131890
131882
131878
131874
131865
131863
131860
131850
131850
131842
131835
131835
131827
131820
131815
131812
131805
131803
131796
131791
131789
131781
131779
131771
131768
131765
131760
131750
131745
131743
131735
131734
131727
131725
131716
131712
131708
131705
131697
131691
131687
131685
131675
131670
131669
131661
131659
131651
131647
131643
131638
131632
131629
131625
131615
131610
131607
131602
131600
131595
131588
131581
131579
131572
131570
131565
131555
131550
131547
131541
131537
131532
131530
131522
131517
131514
131506
131501
131497
131492
131487
131480
131476
131473
131469
131461
131459
131451
131445
131440
131435
131434
131425
131422
131419
131414
131407
131402
131400
131393
131386
131381
131378
131373
131365
131362
131359
131355
131349
131340
131340
131335
131328
131321
131317
131310
131309
131303
131298
131290
131290
131280
131276
131272
131265
131260
131260
131255
131247
131241
131240
131231
131230
131221
131220
131214
131205
131205
131196
131191
131185
131185
131175
131172
131167
131165
131155
131153
131148
131140
131139
131132
131129
131122
131116
131111
131105
131104
131100
131095
131089
131081
131077
131070
131065
131065
131059
131051
131047
131044
131035
131030
131030
131021
131019
131010
131010
131001
130998
130990
130988
130984
130977
130973
130970
130960
130957
130955
130945
130943
130936
130931
130926
130924
130917
130915
130909
130904
130895
130891
130888
130883
130879
130875
130867
130864
130857
130851
130846
130843
130839
130834
130827
130823
130820
130811
130808
130802
130796
130792
130785
130785
130775
130774
130768
130764
130758
130750
130747
130740
130739
130732
130730
130722
130715
130714
130706
130705
130700
130690
130685
130682
130677
130671
130665
130662
130655
130652
130648
130640
130636
130631
130630
130623
130616
130613
130609
130600
130595
130591
130586
130584
130579
130574
130570
130565
130560
130554
130550
130544
130538
130531
130528
130520
130516
130511
130510
130500
130497
130491
130485
130482
130475
130472
130467
130460
130456
130450
130445
130444
130436
130433
130430
130425
130416
130414
130406
130404
130396
130392
130387
130385
130376
130370
130368
130360
130358
130355
130346
130343
130337
130333
130325
130325
130315
130315
130308
130300
130298
130295
130290
130285
130279
130271
130267
130265
130257
130252
130247
130241
130236
130234
130230
130222
130220
130211
130210
130202
130195
130193
130187
130182
130178
130175
130169
130162
130155
130151
130145
130143
130135
130133
130129
130121
130116
130112
130108
130104
130095
130091
130085
130085
130079
130072
130070
130064
130060
130055
130046
130041
130037
130030
130026
130022
130015
130011
130007
130004
129998
129991
129985
129981
129980
129970
129968
129960
129957
129951
129948
129940
129940
129932
129928
129922
129920
129915
129909
129901
129898
129895
129889
129880
129875
129875
129865
129865
129855
129852
129847
129845
129839
129835
129825
129825
129819
129815
129810
129804
129795
129794
129788
129782
129776
129770
129770
129765
129759
129755
129749
129741
129737
129733
129729
129724
129717
129714
129708
129705
129697
129692
129690
129683
129675
129671
129667
129661
129657
129654
129649
129643
129635
129635
129625
129625
129619
129614
129607
129601
129596
129592
129586
129584
129578
129570
129569
129564
129557
129550
129549
129545
129539
129531
129525
129521
129515
129514
129508
129505
129498
129490
129489
129483
129478
129470
129468
129465
129457
129452
129448
129443
129436
129434
129428
129425
129415
129412
129410
129405
129397
129391
129387
129385
129376
129371
129370
129363
129360
129355
129348
129341
129339
129332
129327
129322
129320
129315
129305
129302
129298
129295
129287
129283
129280
129272
129267
129260
129255
129253
129249
129242
129236
129235
129225
129223
129216
129212
129208
129200
129200
129192
129186
129181
129175
129174
129170
129160
129158
129153
129146
129144
129137
129134
129127
129124
129120
129115
129109
129104
129095
129092
129086
129081
129079
129073
129068
129060
129056
129053
129047
129045
129040
129031
129029
129023
129019
129015
129007
129004
128998
128992
128989
128983
128980
128970
128969
128965
128955
128952
128948
128940
128936
128935
128930
128920
128917
128915
128908
128902
128900
128894
128888
128883
128877
128870
128866
128860
128859
128854
128847
128840
128840
128834
128830
128823
128819
128810
128808
128800
128796
128790
128785
128781
128777
128771
128766
128765
128755
128755
128746
128742
128738
128732
128728
128723
128719
128713
128706
128703
128696
128691
128685
128680
128677
128675
128665
128662
128657
128655
128648
128643
128640
128632
128628
128621
128618
128611
128605
128605
128598
128594
128588
128583
128576
128570
128570
128564
128557
128550
128549
128544
128539
128532
128530
128522
128520
128510
128506
128504
128498
128490
128488
128480
128477
128473
128468
128461
128458
128452
128447
128442
128437
128433
128429
128422
128419
128415
128410
128405
128400
128395
128389
128384
128379
128370
128366
128360
128355
128353
128350
128344
128336
128335
128325
128324
128318
128311
128308
128303
128297
128293
128290
128282
128275
128271
128268
128263
128255
128252
128245
128244
128237
128232
128228
128225
128215
128213
128208
128203
128200
128194
128188
128183
128179
128174
128169
128165
128155
128154
128150
128140
128136
128130
128130
128122
128119
128110
128108
128101
128096
128090
128088
128084
128077
128073
128070
128064
128059
128050
128047
128042
128040
128034
128029
128024
128018
128014
128009
128003
128000
127994
127987
127985
127978
127974
127970
127960
127959
127950
127945
127940
127935
127932
127927
127920
127920
127912
127910
127905
127898
127893
127885
127884
127880
127874
127870
127863
127860
127852
127845
127844
127835
127832
127830
127822
127817
127812
127810
127804
127798
127792
127787
127781
127776
127773
127766
127761
127760
127751
127747
127744
127735
127735
127726
127725
127720
127710
127708
127702
127696
127694
127689
127681
127680
127670
127667
127665
127660
127651
127647
127640
127635
127631
127625
127622
127617
127613
127610
127605
127600
127593
127585
127581
127576
127570
127569
127561
127558
127552
127546
127540
127538
127534
127527
127520
127520
127512
127505
127505
127498
127491
127490
127481
127480
127474
127466
127462
127456
127455
127447
127440
127438
127435
127425
127420
127420
127412
127410
127402
127400
127390
127390
127385
127378
127373
127365
127362
127358
127351
127345
127343
127340
127331
127326
127324
127316
127312
127306
127302
127298
127293
127285
127283
127277
127270
127266
127265
127259
127254
127246
127242
127238
127235
127230
127220
127219
127213
127205
127204
127198
127193
127186
127183
127175
127170
127170
127165
127159
127155
127147
127143
127136
127134
127129
127125
127117
127110
127109
127101
127095
127092
127089
127085
127076
127073
127067
127064
127056
127052
127047
127044
127038
127034
127027
127025
127016
127012
127005
127002
126997
126990
126988
126982
126980
126975
126966
126963
126955
126954
126947
126944
126938
126930
126925
126921
126917
126913
126906
126900
126896
126891
126888
126881
126880
126874
126865
126860
126860
126855
126846
126842
126840
126831
126825
126820
126815
126815
126810
126801
126797
126794
126790
126783
126775
126774
126767
126761
126759
126750
126746
126741
126739
126732
126730
126721
126718
126713
126708
126701
126698
126690
126690
126681
126679
126673
126669
126662
126656
126651
126648
126640
126640
126635
126626
126622
126620
126615
126608
126605
126599
126593
126589
126583
126579
126572
126567
126563
126557
126554
126546
126544
126538
126533
126525
126522
126515
126513
126509
126505
126496
126495
126485
126485
126475
126470
126468
126461
126456
126452
126445
126440
126436
126430
126425
126421
126415
126411
126409
126404
126399
126395
126387
126380
126379
126375
126367
126365
126355
126351
126350
126342
126340
126335
126328
126324
126319
126313
126306
126300
126298
126290
126287
126283
126276
126275
126269
126263
126258
126255
126249
126242
126235
126231
126228
126220
126218
126212
126207
126205
126195
126193
126187
126183
126176
126174
126166
126161
126160
126152
126150
126144
126137
126130
126129
126125
126118
126114
126105
126105
126096
126092
126086
126084
126080
126071
126068
126065
126057
126050
126047
126041
126035
126030
126029
126023
126018
126013
126009
126001
125995
125994
125987
125983
125980
125974
125966
125964
125956
125953
125946
125945
125937
125933
125929
125923
125920
125913
125908
125903
125899
125890
125886
125880
125876
125870
125868
125862
125858
125854
125848
125844
125836
125831
125825
125820
125819
125815
125806
125805
125797
125794
125785
125783
125778
125774
125769
125764
125757
125755
125747
125743
125736
125733
125727
125724
125720
125712
125705
125700
125696
125695
125688
125681
125680
125672
125670
125664
125658
125652
125646
125645
125635
125632
125626
125621
125617
125612
125605
125605
125596
125590
125585
125582
125578
125570
125565
125565
125559
125552
125550
125543
125539
125534
125527
125521
125520
125512
125509
125500
125499
125494
125489
125481
125476
125474
125468
125462
125459
125452
125445
125441
125438
125435
125429
125425
125417
125415
125409
125404
125397
125392
125388
125384
125376
125373
125367
125361
125358
125355
125346
125343
125335
125334
125325
125323
125316
125313
125306
125305
125299
125293
125286
125285
125279
125272
125266
125263
125255
125255
125245
125244
125235
125230
125229
125224
125218
125214
125208
125203
125196
125192
125185
125180
125175
125173
125166
125161
125156
125150
125147
125144
125138
125133
125126
125123
125116
125112
125105
125104
125098
125090
125085
125085
125080
125072
125067
125062
125060
125055
125049
125040
125035
125030
125025
125023
125015
125011
125010
125001
124998
124993
124987
124980
124976
124970
124967
124962
124960
124953
124950
124941
124935
124933
124929
124920
124920
124912
124907
124905
124898
124890
124885
124881
124876
124874
124866
124861
124860
124852
124847
124841
124836
124834
124827
124823
124820
124813
124807
124805
124796
124792
124788
124781
124776
124774
124769
124764
124755
124751
124747
124740
124739
124731
124729
124723
124719
124714
124709
124704
124695
124694
124686
124682
124675
124673
124667
124663
124655
124654
124645
124642
124640
124631
124629
124623
124620
124610
124610
124600
124597
124592
124588
124582
124577
124573
124569
124562
124559
124551
124545
124544
124539
124531
124529
124521
124519
124513
124507
124503
124497
124492
124487
124485
124478
124473
124465
124460
124459
124451
124450
124440
124436
124435
124426
124424
124418
124413
124409
124402
124398
124393
124390
124380
124376
124372
124366
124364
124355
124352
124348
124343
124336
124335
124329
124320
124315
124310
124308
124304
124297
124290
124290
124281
124280
124273
124268
124265
124256
124250
124248
124240
124236
124234
124226
124225
124220
124215
124206
124203
124196
124195
124189
124184
124175
124174
124169
124163
124155
124151
124145
124144
124138
124131
124127
124120
124120
124112
124109
124102
124097
124093
124086
124080
124078
124074
124069
124061
124060
124054
124049
124043
124040
124034
124026
124025
124019
124011
124005
124004
124000
123992
123985
123980
123980
123973
123969
123961
123955
123954
123947
123941
123939
123935
123926
123923
123916
123913
123906
123900
123900
123895
123890
123885
123879
123871
123870
123865
123860
123854
123846
123843
123836
123832
123826
123823
123820
123811
123806
123804
123800
123791
123789
123783
123776
123771
123768
123761
123757
123750
123746
123740
123740
123735
123725
123723
123717
123713
123709
123700
123699
123695
123688
123683
123680
123673
123667
123665
123656
123651
123645
123644
123636
123632
123627
123623
123616
123613
123610
123603
123595
123592
123588
123581
123580
123572
123570
123561
123556
123555
123548
123544
123536
123532
123529
123524
123515
123513
123507
123505
123500
123490
123488
123481
123476
123470
123469
123464
123456
123453
123450
123442
123437
123433
123425
123423
123420
123411
123407
123404
123395
123390
123389
123381
123379
123374
123367
123365
123360
123355
123347
123345
123335
123333
123326
123323
123318
123315
123307
123300
123296
123291
123288
123282
123278
123274
123267
123263
123260
123255
123247
123240
123238
123233
123230
123223
123217
123212
123205
123201
123196
123190
123190
123183
123176
123173
123166
123165
123160
123151
123147
123144
123137
123133
123126
123124
123115
123114
123108
123103
123097
123092
123088
123081
123076
123072
123065
123065
123057
123052
123046
123040
123035
123035
123026
123022
123015
123010
123006
123003
122997
122995
122989
122983
122976
122974
122966
122961
122958
122951
122946
122941
122937
122931
122925
122923
122917
122912
122905
122902
122898
122890
122889
122880
122878
122873
122865
122864
122860
122853
122845
122845
122838
122832
122830
122824
122815
122815
122806
122803
122797
122792
122788
122783
122776
122775
122766
122764
122757
122750
122746
122743
122738
122730
122727
122725
122716
122712
122709
122700
122695
122690
122686
122685
122678
122672
122669
122664
122658
122651
122648
122641
122640
122633
122630
122620
122620
122612
122608
122601
122597
122590
122587
122585
122579
122575
122567
122560
122559
122554
122549
122542
122539
122530
122529
122521
122520
122511
122509
122502
122500
122493
122489
122483
122476
122472
122468
122464
122457
122452
122448
122440
122439
122431
122427
122424
122419
122413
122406
122402
122399
122390
122385
122384
122377
122372
122365
122362
122360
122353
122347
122342
122335
122331
122326
122321
122319
122310
122309
122305
122298
122292
122287
122284
122276
122273
122268
122265
122258
122252
122250
122241
122239
122231
122228
122223
122216
122212
122205
122203
122199
122194
122190
122181
122180
122171
122170
122164
122156
122151
122146
122144
122138
122134
122129
122121
122120
122111
122105
122100
122095
122092
122090
122082
122080
122072
122066
122065
122056
122051
122048
122045
122037
122032
122026
122024
122020
122011
122008
122005
122000
121990
121989
121985
121979
121972
121965
121964
121957
121951
121947
121944
121940
121935
121925
121921
121920
121912
121906
121901
121896
121890
121887
121882
121876
121872
121868
121864
121858
121850
121849
121844
121835
121833
121830
121820
121817
121810
121807
121804
121800
121790
121787
121782
121777
121772
121769
121763
121755
121755
121746
121740
121739
121733
121730
121723
121718
121711
121707
121705
121699
121695
121685
121685
121678
121675
121668
121661
121658
121650
121647
121642
121640
121635
121627
121622
121616
121615
121605
121601
121600
121590
121585
121582
121578
121570
121568
121563
121556
121551
121550
121542
121537
121533
121528
121524
121517
121513
121509
121501
121495
121495
121489
121480
121476
121474
121470
121462
121459
121451
121449
121441
121440
121431
121425
121422
121418
121415
121409
121402
121398
121391
121386
121385
121378
121373
121369
121365
121355
121350
121346
121340
121337
121334
121328
121324
121316
121315
121308
121300
121297
121291
121288
121280
121276
121271
121269
121262
121259
121250
121249
121242
121235
121234
121229
121223
121219
121215
121206
121202
121199
121191
121185
121181
121180
121171
121165
121162
121158
121153
121149
121144
121137
121134
121130
121123
121117
121110
121107
121101
121098
121090
121089
121084
121080
121073
121070
121061
121055
121055
121046
121042
121036
121032
121029
121023
121016
121011
121006
121004
120999
120994
120986
120985
120977
120975
120966
120962
120957
120954
120949
120941
120936
120933
120930
120924
120916
120913
120910
120902
120899
120890
120885
120885
120878
120874
120865
120863
120857
120854
120847
120845
120836
120830
120828
120821
120819
120814
120805
120803
120797
120795
120787
120782
120778
120774
120769
120762
120758
120750
120749
120743
120738
120735
120728
120724
120718
120712
120705
120705
120695
120695
120688
120685
120680
120674
120670
120664
120655
120650
120647
120642
120639
120633
120630
120620
120620
120614
120607
120604
120598
120592
120586
120581
120578
120571
120568
120561
120557
120552
120550
120545
120539
120534
120530
120520
120518
120512
120509
120501
120498
120491
120490
120485
120475
120475
120468
120463
120457
120452
120446
120440
120438
120431
120430
120424
120419
120412
120409
120404
120399
120393
120385
120380
120377
120375
120368
120361
120356
120355
120346
120343
120339
120335
120327
120324
120315
120315
120307
120305
120296
120294
120288
120281
120280
120275
120268
120262
120260
120254
120247
120243
120236
120231
120229
120222
120220
120214
120207
120200
120196
120194
120186
120184
120179
120171
120166
120163
120158
120152
120150
120144
120137
120132
120129
120122
120117
120115
120105
120105
120095
120093
120088
120085
120080
120072
120067
120063
120056
120053
120045
120043
120040
120031
120027
120020
120018
120011
120006
120001
119996
119995
119987
119981
119980
119973
119968
119965
119957
119955
119947
119944
119937
119931
119929
119922
119917
119910
119910
119904
119895
119891
119886
119884
119875
119873
119866
119863
119857
119851
119847
119843
119839
119835
119829
119822
119818
119814
119805
119800
119795
119791
119786
119785
119780
119770
119765
119761
119758
119750
119749
119741
119737
119733
119729
119724
119719
119714
119705
119705
119697
119695
119690
119685
119675
119671
119667
119661
119660
119655
119645
119644
119635
119634
119629
119623
119619
119611
119606
119601
119598
119591
119587
119581
119578
119573
119569
119563
119560
119552
119546
119541
119540
119531
119525
119521
119517
119515
119510
119504
119495
119494
119489
119480
119476
119471
119468
119463
119459
119455
119450
119443
119439
119433
119425
119421
119417
119411
119407
119403
119395
119392
119388
119383
119377
119372
119366
119364
119356
119350
119345
119345
119336
119332
119329
119325
119317
119312
119310
119305
119300
119295
119289
119283
119278
119270
119269
119262
119258
119254
119246
119242
119238
119235
119225
119221
119218
119215
119206
119202
119196
119191
119189
119181
119177
119172
119169
119161
119158
119150
119150
119142
119140
119133
119129
119124
119117
119113
119105
119104
119095
119090
119085
119082
119077
119073
119067
119062
119057
119053
119049
119044
119035
119030
119026
119023
119019
119014
119009
119001
118995
118993
118990
118985
118975
118970
118965
118962
118955
118953
118948
118943
118936
118934
118925
118921
118920
118911
118906
118900
118895
118895
118890
118881
118879
118874
118867
118863
118860
118850
118847
118845
118835
118835
118829
118823
118819
118810
118805
118803
118795
118792
118787
118785
118775
118771
118766
118762
118755
118750
118746
118744
118740
118733
118730
118723
118720
118714
118710
118702
118696
118691
118686
118685
118680
118672
118670
118661
118656
118652
118645
118645
118640
118632
118630
118625
118617
118614
118606
118604
118599
118594
118585
118580
118575
118570
118565
118560
118555
118555
118545
118545
118540
118534
118527
118525
118517
118510
118506
118501
118495
118491
118487
118480
118477
118473
118468
118464
118456
118453
118449
118442
118438
118430
118427
118425
118416
118410
118410
118402
118399
118393
118386
118382
118376
118370
118366
118360
118356
118352
118347
118341
118338
118331
118327
118325
118315
118313
118306
118304
118299
118295
118288
118280
118280
118275
118265
118264
118255
118253
118250
118242
118236
118235
118230
118225
118218
118212
118208
118202
118200
118191
118190
118184
118176
118174
118170
118163
118156
118150
118146
118142
118139
118134
118128
118125
118117
118112
118107
118102
118096
118095
118086
118080
118075
118073
118067
118060
118055
118051
118049
118040
118039
118032
118029
118020
118016
118015
118010
118005
117999
117991
117990
117983
117977
117970
117970
117960
117958
117953
117950
117941
117937
117932
117925
117921
117919
117915
117909
117904
117896
117890
117886
117884
117877
117874
117865
117863
117859
117855
117850
117842
117836
117833
117827
117822
117818
117811
117808
117801
117797
117791
117790
117782
117779
117775
117770
117760
117758
117751
117748
117744
117736
117732
117725
117725
117720
117713
117705
117703
117697
117691
117690
117680
117676
117675
117668
117665
117655
117652
117648
117644
117637
117635
117628
117621
117616
117610
117610
117602
117599
117594
117586
117581
117576
117574
117570
117565
117556
117551
117550
117545
117535
117532
117529
117524
117518
117514
117510
117501
117497
117494
117486
117485
117477
117470
117468
117460
117456
117454
117449
117442
117439
117432
117425
117425
117419
117412
117410
117401
117398
117392
117390
117384
117380
117374
117370
117363
117355
117351
117345
117342
117336
117331
117325
117321
117315
117312
117308
117302
117300
117293
117290
117282
117275
117273
117267
117260
117255
117252
117245
117243
117238
117232
117225
117220
117216
117212
117207
117205
117199
117195
117190
117181
117180
117173
117167
117165
117155
117150
117146
117140
117136
117132
117127
117122
117116
117110
117109
117101
117095
117095
117088
117082
117075
117071
117065
117060
117056
117052
117045
117041
117040
117035
117027
117022
117019
117015
117005
117000
116999
116992
116985
116983
116980
116972
116968
116963
116958
116951
116948
116940
116940
116931
116925
116921
116918
116910
116909
116903
116899
116890
116887
116885
116875
116873
116866
116865
116857
116850
116848
116842
116838
116832
116826
116822
116815
116812
116806
116801
116796
116792
116789
116782
116780
116772
116767
116764
116757
116750
116749
116740
116736
116730
116729
116725
116716
116710
116710
116704
116695
116691
116687
116683
116680
116671
116666
116663
116657
116655
116646
116640
116635
116632
116629
116624
116616
116613
116609
116604
116600
116593
116590
116584
116576
116575
116566
116562
116559
116555
116550
116545
116536
116530
116526
116522
116520
116510
116508
116502
116497
116493
116487
116484
116477
116474
116468
116465
116455
116453
116445
116440
116437
116435
116430
116425
116419
116410
116408
116401
116397
116392
116385
116383
116379
116371
116368
116363
116357
116352
116350
116340
116336
116332
116325
116320
116317
116310
116309
116301
116300
116293
116289
116283
116275
116272
116265
116261
116258
116250
116245
116240
116235
116235
116230
116223
116220
116215
116206
116201
116200
116195
116189
116182
116179
116172
116166
116162
116156
116151
116146
116144
116136
116135
116125
116125
116120
116113
116105
116100
116100
116093
116085
116084
116079
116074
116067
116061
116056
116053
116047
116040
116037
116034
116029
116025
116016
116014
116005
116001
115998
115991
115985
115982
115978
115974
115969
115963
115955
115951
115948
115945
115940
115931
115930
115925
115915
115913
115909
115904
115900
115891
115886
115882
115879
115872
115870
115865
115855
115855
115849
115840
115840
115832
115830
115821
115817
115815
115809
115801
115795
115790
115790
115782
115775
115773
115768
115762
115759
115752
115749
115743
115738
115732
115726
115722
115718
115714
115708
115701
115697
115694
115689
115684
115677
115670
115665
115663
115660
115653
115645
115642
115640
115635
115630
115623
115617
115610
115608
115601
115596
115592
115589
115581
115575
115571
115567
115560
115556
115552
115547
115542
115540
115530
115525
115524
115515
115512
115506
115504
115497
115492
115487
115482
115477
115471
115467
115461
115460
115454
115448
115441
115438
115430
115430
115423
115415
115412
115407
115402
115399
115390
115385
115381
115379
115370
115366
115362
115359
115353
115345
115342
115337
115335
115325
115324
115317
115314
115305
115305
115299
115294
115287
115284
115278
115270
115265
115265
115258
115255
115248
115245
115235
115235
115229
115221
115215
115211
115209
115205
115200
115193
115185
115181
115176
115175
115166
115160
115159
115151
115145
115144
115135
115134
115126
115120
115120
115112
115105
115105
115096
115090
115087
115083
115075
115075
115065
115064
115057
115054
115046
115044
115036
115034
115025
115022
115019
115012
115007
115005
114997
114990
114987
114980
114976
114974
114968
114960
114958
114951
114949
114942
114937
114933
114930
114923
114917
114913
114906
114900
114898
114892
114890
114882
114876
114873
114866
114860
114857
114853
114848
114844
114840
114832
114828
114823
114817
114815
114809
114804
114799
114791
114785
114782
114775
114775
114770
114762
114755
114754
114750
114743
114736
114730
114729
114725
114715
114714
114708
114700
114700
114694
114686
114684
114680
114670
114667
114660
114658
114655
114648
114641
114637
114633
114628
114621
114618
114614
114609
114601
114596
114590
114588
114584
114580
114573
114566
114564
114560
114550
114547
114540
114536
114532
114530
114520
114519
114513
114507
114503
114495
114494
114488
114483
114478
114472
114468
114465
114460
114452
114446
114440
114435
114433
114428
114420
114415
114415
114410
114405
114400
114390
114385
114381
114377
114371
114367
114361
114355
114352
114348
114344
114338
114331
114327
114321
114315
114310
114305
114302
114300
114291
114288
114281
114277
114273
114267
114262
114256
114253
114249
114245
114235
114234
114225
114220
114217
114213
114207
114202
114198
114194
114185
114183
114180
114170
114166
114160
114156
114150
114148
114142
114139
114133
114130
114124
114116
114112
114110
114100
114095
114092
114086
114080
114080
114075
114069
114061
114058
114052
114046
114044
114038
114032
114027
114020
114016
114015
114009
114001
113996
113990
113986
113983
113977
113971
113970
113961
113958
113954
113947
113943
113935
113934
113928
113923
113915
113910
113905
113904
113896
113895
113889
113881
113877
113875
113869
113862
113856
113855
113848
113844
113835
113832
113829
113823
113817
113813
113808
113801
113800
113790
113788
113780
113777
113771
113770
113764
113759
113752
113748
113742
113736
113730
113730
113721
113717
113710
113710
113700
113697
113693
113685
113685
113676
113671
113667
113662
113658
113651
113645
113644
113638
113631
113625
113623
113615
113612
113610
113605
113596
113593
113589
113580
113580
113571
113569
113560
113560
113555
113545
113543
113535
113533
113529
113520
113516
113511
113507
113503
113497
113491
113489
113484
113476
113473
113469
113461
113455
113455
113449
113444
113437
113431
113426
113424
113415
113410
113408
113404
113397
113390
113388
113381
113377
113370
113366
113365
113358
113350
113348
113345
113339
113335
113330
113325
113318
113311
113310
113303
113295
113290
113286
113280
113279
113271
113268
113263
113255
113251
113246
113243
113238
113233
113230
113224
113217
113211
113210
113203
113195
113194
113189
113185
113176
113173
113165
113160
113159
113150
113149
113145
113138
113133
113129
113121
113116
113113
113108
113103
113095
113090
113086
113081
113075
113070
113065
113064
113059
113053
113048
113045
113040
113035
113025
113025
113016
113010
113005
113004
112998
112995
112987
112980
112977
112972
112968
112960
112958
112953
112948
112941
112938
112933
112927
112925
112918
112913
112909
112903
112897
112890
112890
112881
112875
112874
112866
112864
112857
112850
112849
112842
112840
112831
112827
112822
112816
112813
112808
112801
112797
112794
112789
112782
112779
112771
112767
112761
112760
112751
112750
112743
112735
112733
112725
112720
112715
112711
112707
112701
112699
112693
112686
112681
112676
112675
112665
112661
112660
112651
112648
112645
112635
112632
112628
112622
112619
112612
112608
112600
112596
112594
112588
112584
112577
112571
112566
112562
112559
112552
112549
112540
112540
112535
112530
112520
112519
112511
112505
112500
112498
112492
112486
112480
112476
112471
112469
112465
112459
112451
112449
112441
112437
112434
112428
112420
112420
112410
112409
112400
112398
112392
112390
112381
112379
112375
112369
112361
112356
112350
112345
112344
112339
112331
112327
112321
112316
112312
112308
112301
112296
112293
112287
112283
112276
112275
112265
112263
112257
112253
112247
112244
112238
112234
112229
112224
112219
112213
112208
112200
112198
112190
112185
112180
112177
112174
112168
112161
112156
112155
112145
112141
112138
112132
112126
112123
112115
112112
112105
112103
112099
112095
112090
112082
112078
112075
112065
112064
112058
112054
112050
112043
112039
112031
112029
112023
112020
112013
112010
112004
111995
111995
111985
111982
111976
111971
111968
111964
111955
111950
111945
111940
111937
111930
111926
111923
111917
111913
111910
111900
111900
111893
111889
111881
111880
111874
111868
111864
111857
111854
111847
111843
111839
111831
111827
111822
111819
111813
111805
111800
111797
111794
111789
111783
111779
111770
111769
111760
111760
111750
111750
111745
111737
111735
111729
111721
111716
111715
111707
111705
111700
111691
111688
111685
111680
111671
111670
111664
111655
111653
111647
111645
111637
111632
111627
111622
111617
111613
111608
111602
111596
111593
111585
111580
111575
111572
111567
111563
111557
111553
111546
111542
111540
111535
111527
111520
111517
111511
111508
111500
111495
111493
111488
111480
111480
111473
111465
111465
111459
111454
111447
111442
111440
111435
111428
111422
111420
111412
111409
111400
111398
111392
111390
111384
111376
111373
111369
111365
111356
111354
111345
111340
111335
111335
111328
111324
111319
111311
111305
111303
111295
111294
111286
111283
111280
111272
111269
111264
111256
111252
111245
111245
111239
111230
111230
111225
111215
111213
111206
111202
111199
111192
111186
111183
111177
111172
111165
111164
111156
111150
111147
111140
111136
111131
111125
111121
111116
111114
111109
111102
111098
111093
111086
111081
111080
111071
111066
111061
111060
111052
111049
111042
111040
111034
111029
111020
111017
111012
111005
111001
110999
110991
110987
110984
110978
110974
110966
110962
110955
110953
110950
110945
110940
110935
110930
110925
110920
110913
110909
110901
110898
110894
110889
110885
110876
110872
110866
110860
110856
110855
110846
110841
110839
110834
110827
110821
110816
110813
110805
110800
110797
110793
110786
110780
110777
110773
110767
110760
110757
110755
110747
110745
110735
110731
110730
110721
110718
110714
110708
110702
110700
110695
110687
110682
110680
110673
110665
110662
110659
110654
110650
110643
110637
110633
110628
110622
110616
110615
110607
110601
110600
110592
110589
110584
110580
110572
110568
110565
110558
110553
110550
110543
110537
110530
110528
110521
110519
110513
110505
110501
110499
110491
110487
110484
110479
110475
110470
110460
110458
110451
110449
110443
110436
110432
110425
110424
110415
110410
110406
110404
110395
110393
110388
110383
110379
110373
110367
110360
110360
110353
110346
110340
110336
110332
110325
110325
110318
110313
110310
110305
110298
110292
110286
110285
110275
110271
110268
110263
110256
110255
110249
110241
110238
110233
110226
110225
110216
110212
110205
110204
110196
110190
110187
110181
110178
110171
110170
110163
110156
110152
110149
110140
110136
110135
110126
110121
110119
110111
110107
110100
110100
110091
110090
110084
110077
110071
110067
110062
110057
110052
110047
110044
110039
110034
110030
110022
110017
110010
110009
110003
109998
109992
109987
109980
109980
109973
109969
109962
109955
109955
109950
109942
109940
109931
109928
109924
109918
109913
109905
109902
109895
109892
109886
109883
109876
109871
109869
109865
109855
109853
109849
109844
109837
109834
109828
109822
109815
109811
109805
109804
109797
109795
109786
109783
109776
109773
109770
109761
109759
109750
109745
109740
109739
109732
109726
109724
109716
109713
109708
109705
109695
109694
109686
109681
109680
109673
109666
109661
109656
109654
109648
109640
109638
109635
109625
109621
109617
109611
109606
109603
109599
109590
109590
109583
109575
109570
109565
109560
109557
109554
109547
109540
109538
109531
109526
109522
109520
109513
109505
109500
109500
109493
109488
109482
109479
109472
109468
109465
109459
109451
109449
109444
109435
109435
109426
109424
109416
109414
109407
109400
109396
109395
109387
109383
109379
109371
109367
109365
109358
109352
109346
109343
109340
109333
109329
109321
109320
109312
109310
109304
109298
109294
109290
109285
109276
109273
109266
109260
109257
109250
109250
109243
109236
109231
109228
109223
109219
109211
109205
109204
109197
109192
109185
109183
109179
109172
109168
109165
109158
109150
109148
109144
109138
109132
109128
109125
109117
109113
109108
109105
109097
109093
109088
109083
109080
109075
109070
109060
109059
109053
109046
109043
109038
109033
109027
109020
109019
109015
109009
109005
108999
108990
108989
108982
108978
108970
108968
108961
108956
108950
108947
108941
108935
108931
108928
108921
108917
108912
108907
108901
108896
108893
108887
108882
108880
108871
108865
108861
108856
108850
108845
108844
108838
108834
108827
108821
108815
108812
108806
108801
108797
108794
108789
108782
108776
108775
108767
108763
108760
108755
108750
108740
108738
108732
108727
108725
108720
108715
108710
108702
108696
108694
108685
108685
108675
108672
108668
108661
108660
108654
108649
108643
108638
108632
108626
108620
108620
108612
108608
108605
108596
108590
108590
108584
108577
108575
108570
108565
108556
108555
108546
108543
108537
108530
108526
108525
108519
108511
108507
108505
108496
108493
108490
108485
108479
108471
108467
108461
108455
108453
108448
108443
108437
108430
108426
108424
108417
108410
108405
108401
108395
108392
108386
108380
108376
108372
108367
108362
108356
108352
108345
108342
108336
108332
108329
108325
108320
108310
108310
108302
108297
108290
108285
108281
108280
108274
108265
108262
108260
108254
108249
108244
108237
108233
108230
108225
108216
108214
108205
108200
108196
108192
108185
108180
108177
108170
108166
108162
108159
108152
108150
108142
108137
108133
108127
108120
108119
108115
108107
108103
108097
108095
108085
108080
108075
108075
108068
108064
108058
108051
108050
108043
108037
108034
108028
108023
108019
108014
108006
108001
108000
107994
107988
107982
107977
107970
107965
107961
107956
107950
107947
107943
107940
107934
107927
107923
107919
107913
107908
107901
107897
107895
107889
107882
107880
107874
107868
107864
107855
107853
107849
107844
107837
107833
107826
107821
107818
107813
107809
107805
107800
107794
107785
107781
107776
107773
107767
107764
107758
107752
107748
107740
107736
107730
107725
107722
107718
107715
107710
107704
107698
107692
107690
107682
107676
107671
107667
107665
107658
107652
107645
107643
107635
107630
107629
107624
107617
107615
107605
107604
107596
107593
107587
107585
107576
107573
107570
107560
107558
107551
107549
107544
107538
107531
107528
107520
107516
107514
107505
107505
107498
107492
107486
107482
107479
107475
107468
107462
107455
107454
107446
107441
107436
107433
107427
107425
107418
107410
107407
107402
107398
107391
107385
107384
107377
107371
107366
107363
107355
107351
107349
107341
107335
107335
107328
107321
107319
107314
107310
107304
107300
107293
107287
107280
107275
107273
107270
107265
107255
107251
107246
107241
107237
107230
107226
107224
107219
107213
107209
107203
107198
107194
107189
107180
107178
107174
107170
107162
107157
107153
107148
107144
107136
107133
107128
107120
107118
107110
107109
107100
107095
107094
107088
107083
107076
107073
107069
107061
107055
107052
107045
107045
107040
107034
107027
107022
107016
107015
107009
107004
106996
106990
106989
106983
106980
106970
106966
106961
106956
106955
106946
106945
106937
106932
106927
106921
106916
106911
106906
106905
106897
106893
106889
106882
106879
106871
106865
106863
106857
106855
106848
106841
106839
106833
106825
106822
106818
106810
106805
106802
106800
106791
106787
106783
106780
106775
106767
106761
106755
106754
106745
106741
106737
106734
106729
106725
106716
106714
106708
106701
106699
106695
106686
106683
106677
106673
106669
106660
106656
106652
106647
106645
106637
106632
106626
106623
106619
106612
106610
106603
106596
106593
106588
106583
106576
106574
106565
106560
106560
106552
106550
106545
106538
106530
106527
106521
106518
106512
106505
106502
106498
106494
106489
106483
106479
106470
106466
106464
106455
106452
106445
106444
106436
106431
106430
106421
106417
106414
106409
106402
106397
106393
106388
106381
106380
106372
106367
106364
106356
106355
106346
106343
106337
106335
106328
106322
106317
106311
106306
106305
106299
106294
106287
106282
106276
106273
106270
106264
106257
106255
106249
106242
106239
106234
106230
106220
106216
106210
106207
106200
106199
106194
106190
106183
106176
106171
106165
106164
106155
106153
106146
106142
106140
106134
106125
106123
106115
106111
106107
106100
106099
106090
106086
106084
106075
106070
106068
106063
106056
106051
106047
106040
106035
106030
106030
106022
106018
106012
106008
106001
106000
105994
105987
105984
105976
105974
105969
105963
105956
105954
105947
105942
105940
105930
105927
105924
105917
105915
105908
105902
105895
105891
105885
105882
105878
105875
105865
105861
105858
105854
105846
105845
105837
105831
105830
105825
105820
105812
105809
105802
105795
105790
105786
105782
105776
105771
105767
105764
105756
105755
105749
105743
105740
105731
105727
105721
105718
105711
105705
105702
105698
105693
105690
105685
105679
105675
105665
105661
105659
105655
105645
105641
105638
105631
105625
105625
105616
105612
105608
105601
105598
105590
105586
105584
105577
105575
105565
105565
105558
105551
105550
105545
105536
105531
105527
105520
105518
105510
105505
105501
105497
105490
105489
105481
105477
105475
105468
105460
105460
105451
105447
105441
105440
105433
105425
105422
105417
105415
105410
105403
105399
105391
105387
105384
105375
105375
105366
105362
105356
105354
105345
105341
105338
105330
105329
105325
105317
105310
105305
105302
105296
105295
105290
105283
105280
105271
105269
105261
105259
105253
105246
105240
105238
105230
105229
105220
105218
105213
105207
105200
105196
105191
105187
105185
105177
105170
105165
105162
105156
105155
105146
105141
105140
105135
105129
105124
105118
105111
105107
105102
105098
105090
105086
105080
105077
105072
105065
105061
105059
105053
105050
105042
105036
105035
105030
105021
105016
105013
105005
105001
104997
104994
104987
104981
104979
104973
104970
104961
104960
104950
104949
104942
104938
104935
104927
104923
104917
104915
104907
104902
104895
104894
104885
104881
104878
104874
104868
104862
104859
104850
104850
104842
104840
104833
104825
104822
104820
104811
104807
104802
104799
104794
104788
104781
104780
104772
104769
104764
104758
104753
104746
104743
104735
104735
104728
104723
104720
104711
104705
104704
104698
104695
104685
104684
104680
104675
104669
104660
104657
104655
104646
104643
104636
104635
104630
104622
104615
104614
104609
104601
104600
104591
104590
104580
104578
104570
104566
104564
104560
104553
104546
104541
104539
104533
104525
104523
104519
104514
104507
104500
104499
104492
104488
104484
104476
104470
104466
104461
104459
104454
104447
104443
104439
104433
104426
104420
104417
104413
104410
104404
104395
104393
104388
104381
104379
104373
104366
104364
104360
104351
104346
104341
104337
104330
104328
104321
104320
104311
104305
104302
104299
104294
104290
104283
104276
104275
104270
104264
104260
104254
104248
104245
104235
104232
104226
104221
104215
104215
104207
104204
104197
104195
104186
104182
104180
104174
104166
104165
104155
104153
104147
104145
104135
104134
104128
104123
104115
104115
104109
104100
104098
104093
104086
104085
104078
104075
104067
104060
104060
104052
104050
104044
104040
104031
104026
104020
104015
104011
104005
104003
103996
103995
103987
103985
103977
103973
103966
103963
103958
103955
103946
103944
103939
103935
103927
103921
103916
103913
103907
103901
103897
103894
103889
103882
103876
103870
103866
103864
103857
103850
103846
103841
103838
103830
103826
103823
103818
103814
103805
103803
103798
103795
103788
103784
103775
103770
103770
103762
103757
103751
103748
103744
103738
103730
103726
103720
103719
103715
103708
103704
103698
103690
103685
103685
103679
103674
103665
103664
103655
103650
103649
103640
103638
103634
103625
103623
103618
103612
103609
103604
103600
103595
103589
103585
103578
103572
103566
103562
103557
103554
103547
103542
103536
103530
103528
103525
103518
103512
103505
103500
103499
103492
103489
103484
103480
103470
103469
103463
103458
103451
103447
103445
103437
103433
103425
103423
103417
103412
103407
103403
103397
103395
103385
103384
103377
103375
103366
103362
103355
103352
103345
103341
103339
103331
103330
103322
103320
103315
103309
103301
103295
103290
103288
103281
103278
103274
103265
103263
103255
103255
103250
103243
103240
103233
103230
103224
103218
103214
103209
103202
103198
103193
103189
103181
103180
103173
103167
103161
103155
103153
103150
103142
103138
103131
103126
103125
103117
103113
103110
103103
103099
103092
103090
103081
103076
103072
103068
103065
103057
103053
103048
103041
103036
103034
103028
103020
103017
103010
103006
103002
102997
102995
102989
102983
102980
102972
102970
102965
102956
102950
102947
102943
102936
102930
102926
102924
102915
102914
102907
102904
102896
102890
102885
102883
102880
102871
102867
102860
102856
102853
102848
102842
102838
102831
102825
102820
102817
102815
102807
102803
102800
102795
102785
102782
102779
102771
102770
102761
102757
102754
102750
102740
102740
102731
102729
102722
102715
102714
102710
102701
102696
102692
102690
102684
102677
102670
102669
102662
102657
102655
102646
102643
102636
102630
102630
102622
102619
102614
102609
102604
102600
102591
102589
102585
102576
102574
102565
102560
102559
102554
102549
102540
102538
102534
102529
102521
102517
102513
102509
102502
102496
102492
102486
102481
102479
102474
102468
102461
102455
102453
102450
102443
102439
102432
102426
102422
102418
102412
102408
102403
102396
102395
102388
102381
102380
102375
102365
102365
102355
102354
102349
102345
102340
102332
102325
102324
102320
102312
102308
102300
102297
102291
102289
102285
102278
102275
102268
102261
102256
102252
102250
102242
102237
102235
102228
102224
102216
102212
102209
102202
102198
102190
102189
102180
102176
102170
102169
102164
102157
102151
102149
102143
102140
102131
102127
102120
102119
102115
102105
102103
102098
102090
102087
102083
102078
102074
102070
102063
102058
102053
102050
102040
102039
102032
102029
102020
102016
102015
102008
102001
101996
101990
101986
101980
101980
101973
101967
101962
101956
101952
101950
101941
101936
101931
101930
101925
101916
101912
101905
101904
101895
101895
101889
101881
101876
101870
101868
101863
101859
101854
101847
101844
101839
101834
101830
101825
101820
101815
101807
101805
101797
101794
101785
101784
101777
101773
101766
101762
101758
101752
101748
101744
101738
101732
101727
101721
101719
101714
101710
101702
101699
101693
101689
101680
101675
101673
101665
101660
101659
101651
101648
101640
101639
101633
101627
101621
101617
101615
101607
101601
101600
101590
101588
101585
101577
101574
101567
101560
101556
101553
101549
101544
101538
101532
101525
101520
101516
101511
101506
101500
101495
101492
101489
101482
101475
101473
101466
101461
101458
101452
101450
101445
101437
101430
101429
101420
101418
101414
101406
101401
101397
101390
101386
101382
101379
101375
101369
101362
101355
101353
101346
101342
101340
101330
101326
101322
101315
101311
101308
101300
101300
101295
101288
101282
101275
101270
101268
101263
101256
101253
101246
101240
101239
101231
101227
101220
101220
101210
101205
101202
101196
101195
101190
101183
101177
101171
101165
101164
101157
101155
101150
101142
101135
101131
101128
101125
101119
101115
101108
101103
101099
101095
101090
101084
101075
101070
101066
101062
101059
101050
101046
101040
101038
101034
101028
101024
101018
101013
101008
101002
100995
100993
100985
100983
100976
100975
100970
100961
100960
100954
100950
100942
100939
100933
100925
100921
100918
100913
100907
100901
100900
100895
100886
100882
100875
100871
100866
100861
100859
100851
100847
100840
100837
100831
100828
100821
100816
100814
100806
100803
100798
100793
100789
100782
100775
100774
100770
100764
100755
100752
100745
100745
100738
100730
100728
100724
100715
100714
100709
100703
100696
100695
100689
100680
100678
100674
100667
100665
100656
100654
100650
100645
100637
100630
100628
100621
100618
100611
100607
100603
100597
100590
100588
100583
100579
100570
100568
100561
100557
100555
100548
100540
100539
100535
100526
100524
100519
100510
100507
100502
100499
100494
100489
100483
100480
100470
100470
100464
100455
100453
100450
100442
100439
100435
100428
100425
100416
100415
100409
100400
100397
100390
100390
100382
100379
100374
100368
100365
100355
100353
100350
100344
100337
100330
100327
100324
100320
100314
100306
100300
100297
100291
100288
100284
100278
100270
100269
100265
100260
100252
100245
100243
100240
100235
100229
100220
100219
100214
100205
100203
100198
100190
100185
100181
100176
100173
100165
100160
100160
100155
100148
100143
100135
100130
100126
100124
100120
100113
100109
100103
100099
100094
100085
100082
100076
100070
100069
100064
100057
100053
100047
100044
100036
100034
100030
100023
100015
100011
100009
100000
99995
99994
99990
99985
99980
99972
99966
99965
99960
99950
99946
99943
99935
99934
99930
99920
99917
99915
99907
99904
99898
99891
99887
99884
99875
99873
99868
99865
99859
99852
99849
99845
99836
99833
99830
99820
99815
99812
99809
99804
99796
99794
99785
99783
99776
99775
99768
99765
99756
99750
99745
99742
99737
99732
99725
99720
99718
99711
99706
99705
99698
99692
99685
99684
99677
99673
99669
99663
99660
99650
99647
99642
99640
99630
99628
99625
99616
99615
99610
99601
99598
99591
99585
99580
99580
99572
99568
99564
99558
99551
99548
99543
99538
99530
99525
99523
99518
99511
99506
99500
99498
99491
99486
99484
99480
99470
99468
99465
99456
99455
99450
99445
99438
99433
99426
99420
99418
99413
99407
99404
99395
99390
99390
99380
99378
99375
99366
99360
99358
99355
99349
99341
99337
99332
99328
99324
99319
99314
99309
99300
99298
99291
99287
99283
99276
99275
99268
99260
99256
99254
99246
99241
99240
99235
99230
99224
99218
99214
99205
99200
99200
99190
99186
99184
99175
99171
99168
99164
99157
99153
99147
99140
99136
99135
99127
99125
99119
99110
99107
99103
99098
99094
99087
99085
99079
99073
99070
99061
99060
99051
99045
99041
99040
99035
99027
99023
99018
99015
99008
99001
98995
98992
98985
98980
98979
98975
98969
98964
98958
98952
98949
98940
98939
98930
98928
98921
98918
98915
98909
98902
98898
98894
98886
98883
98875
98871
98869
98865
98860
98855
98845
98841
98840
98834
98828
98820
98819
98812
98806
98800
98800
98792
98789
98784
98779
98772
98770
98764
98759
98754
98750
98744
98738
98730
98729
98721
98719
98713
98707
98704
98697
98690
98690
98680
98679
98670
98668
98664
98659
98653
98645
98641
98635
98630
98625
98625
98615
98610
98607
98605
98599
98593
98587
98585
98575
98571
98567
98565
98558
98550
98550
98544
98537
98530
98530
98523
98519
98514
98510
98504
98499
98492
98489
98482
98480
98474
98465
98462
98459
98454
98450
98441
98435
98435
98427
98424
98418
98413
98405
98403
98399
98391
98385
98385
98380
98372
98366
98364
98355
98351
98346
98344
98336
98330
98326
98325
98317
98314
98310
98304
98298
98293
98286
98285
98278
98275
98266
98260
98257
98250
98248
98245
98239
98234
98227
98220
98219
98214
98207
98204
98200
98194
98186
98185
98176
98175
98166
98163
98159
98152
98148
98142
98137
98134
98128
98120
98118
98113
98105
98105
98098
98090
98086
98082
98080
98072
98066
98065
98059
98051
98045
98041
98035
98034
98028
98023
98015
98010
98010
98000
97995
97990
97990
97985
97980
97971
97967
97960
97956
97952
97950
97943
97939
97934
97930
97922
97919
97914
97909
97902
97898
97891
97885
97885
97879
97873
97866
97861
97860
97854
97849
97844
97839
97833
97829
97824
97819
97812
97807
97804
97795
97790
97787
97784
97779
97775
97766
97764
97756
97753
97745
97745
97740
97734
97727
97724
97718
97710
97708
97701
97696
97693
97686
97683
97678
97671
97670
97665
97659
97655
97645
97641
97640
97632
97626
97621
97620
97612
97607
97600
97598
97592
97585
97584
97576
97572
97569
97561
97556
97551
97550
97541
97535
97530
97525
97521
97520
97515
97507
97503
97495
97495
97490
97484
97478
97473
97467
97464
97457
97450
97446
97442
97436
97430
97426
97424
97419
97413
97409
97400
97397
97394
97386
97384
97377
97375
97366
97360
97360
97350
97346
97344
97337
97332
97327
97320
97315
97314
97305
97305
97299
97293
97285
97282
97279
97271
97267
97262
97260
97255
97248
97245
97239
97232
97226
97223
97216
97214
97205
97205
97200
97191
97187
97184
97180
97171
97165
97163
97159
97155
97147
97143
97138
97130
97126
97122
97116
97114
97109
97103
97098
97094
97090
97080
97078
97071
97065
97060
97056
97050
97050
97040
97037
97033
97026
97024
97020
97015
97009
97000
96999
96993
96985
96980
96976
96973
96967
96965
96956
96952
96945
96942
96935
96934
96928
96922
96916
96912
96907
96901
96895
96890
96890
96882
96876
96874
96866
96860
96855
96855
96847
96840
96836
96835
96830
96824
96815
96813
96806
96805
96795
96793
96787
96783
96778
96775
96770
96765
96755
96751
96748
96740
96737
96732
96726
96721
96717
96712
96706
96701
96697
96691
96685
96680
96677
96674
96668
96662
96655
96650
96648
96645
96640
96630
96626
96625
96619
96610
96608
96603
96599
96590
96589
96582
96575
96575
96568
96565
96555
96552
96547
96540
96540
96534
96530
96525
96520
96514
96506
96504
96500
96495
96489
96482
96480
96472
96467
96463
96460
96454
96449
96442
96439
96430
96428
96425
96418
96410
96409
96401
96399
96390
96389
96383
96377
96372
96366
96360
96358
96351
96345
96344
96339
96335
96329
96324
96320
96313
96309
96304
96296
96291
96290
96284
96280
96271
96268
96264
96258
96252
96245
96241
96235
96232
96229
96222
96218
96212
96208
96201
96197
96190
96190
96184
96179
96172
96168
96163
96160
96151
96148
96144
96136
96133
96129
96122
96120
96110
96108
96101
96097
96093
96090
96081
96080
96075
96066
96061
96060
96052
96045
96044
96035
96034
96025
96021
96016
96010
96010
96004
95997
95995
95986
95984
95976
95973
95968
95960
95956
95950
95945
95942
95936
95933
95925
95921
95920
95913
95906
95903
95896
95892
95888
95882
95879
95875
95868
95862
95855
95850
95850
95843
95837
95833
95828
95820
95818
95811
95809
95803
95798
95794
95789
95782
95775
95771
95770
95765
95757
95750
95746
95745
95739
95733
95730
95720
95715
95714
95705
95704
95695
95693
95688
95682
95675
95671
95669
95661
95657
95653
95650
95644
95636
95634
95626
95625
95616
95612
95605
95604
95595
95592
95585
95581
95576
95570
95567
95562
95560
95555
95547
95542
95537
95532
95530
95525
95519
95514
95509
95503
95499
95494
95488
95480
95478
95474
95465
95460
95455
95453
95450
95443
95437
95433
95430
95420
95418
95410
95409
95400
95398
95394
95386
95382
95380
95375
95369
95365
95357
95351
95345
95344
95339
95335
95327
95325
95316
95312
95308
95300
95299
95291
95287
95281
95277
95275
95269
95265
95257
95253
95246
95245
95239
95232
95229
95225
95217
95211
95208
95203
95196
95194
95185
95182
95176
95170
95165
95160
95158
95155
95150
95142
95136
95134
95129
95121
95118
95115
95107
95103
95095
95091
95085
95085
95076
95075
95068
95064
95058
95055
95046
95041
95037
95034
95026
95025
95015
95011
95008
95005
94997
94992
94990
94984
94976
94970
94966
94965
94958
94954
94945
94941
94938
94931
94928
94921
94916
94914
94910
94901
94900
94892
94888
94882
94875
94872
94867
94861
94860
94852
94849
94845
94839
94831
94827
94824
94816
94815
94807
94800
94796
94793
94790
94785
94777
94770
94767
94760
94755
94750
94745
94743
94740
94735
94725
94720
94716
94714
94707
94702
94697
94693
94690
94680
94678
94670
94668
94662
94656
94650
94645
94645
94636
94631
94627
94620
94616
94615
94609
94604
94596
94593
94587
94580
94577
94570
94568
94563
94556
94554
94545
94545
94540
94530
94530
94524
94517
94510
94505
94501
94495
94492
94490
94482
94479
94472
94469
94465
94458
94450
94449
94444
94437
94434
94430
94425
94420
94411
94407
94402
94400
94394
94387
94384
94376
94375
94368
94361
94358
94354
94348
94343
94337
94335
94326
94321
94319
94310
94309
94300
94295
94292
94287
94281
94279
94273
94270
94262
94256
94250
94246
94245
94236
94233
94227
94223
94218
94212
94206
94205
94195
94190
94190
94183
94176
94173
94168
94161
94157
94152
94148
94144
94139
94134
94129
94122
94119
94113
94107
94105
94095
94095
94088
94082
94077
94071
94068
94064
94056
94053
94046
94045
94036
94035
94029
94024
94015
94015
94005
94003
94000
93994
93989
93985
93976
93971
93969
93965
93955
93954
93947
93944
93935
93932
93927
93925
93919
93911
93907
93903
93900
93891
93885
93880
93877
93870
93866
93864
93858
93850
93847
93842
93838
93834
93825
93823
93818
93810
93805
93805
93800
93794
93789
93781
93778
93773
93765
93761
93756
93752
93750
93745
93739
93732
93728
93723
93719
93711
93707
93702
93695
93695
93687
93682
93679
93674
93665
93664
93660
93653
93646
93643
93638
93631
93625
93620
93618
93613
93610
93602
93598
93594
93589
93583
93578
93573
93565
93565
93555
93555
93547
93542
93538
93534
93526
93524
93518
93511
93505
93504
93500
93493
93488
93482
93479
93471
93469
93462
93460
93450
93449
93445
93440
93433
93429
93423
93415
93413
93406
93403
93396
93393
93386
93383
93376
93371
93365
93360
93360
93353
93350
93341
93340
93331
93326
93324
93318
93315
93310
93302
93300
93293
93285
93282
93276
93275
93270
93262
93255
93251
93248
93245
93236
93233
93228
93220
93219
93213
93206
93202
93198
93192
93185
93185
93178
93171
93166
93163
93160
93155
93145
93145
93140
93131
93127
93124
93118
93111
93107
93100
93098
93094
93085
93080
93078
93072
93069
93065
93060
93050
93049
93045
93038
93031
93026
93021
93019
93012
93006
93002
92997
92993
92987
92985
92975
92974
92968
92960
92959
92950
92949
92943
92935
92930
92928
92924
92919
92913
92910
92902
92900
92893
92889
92884
92878
92870
92865
92865
92856
92853
92845
92842
92839
92832
92830
92821
92815
92810
92805
92800
92800
92792
92787
92785
92779
92771
92768
92763
92760
92750
92749
92744
92736
92734
92730
92720
92716
92712
92706
92703
92697
92694
92688
92682
92676
92672
92667
92664
92659
92650
92649
92642
92636
92634
92629
92622
92617
92615
92607
92604
92596
92591
92588
92582
92577
92573
92568
92563
92555
92555
92545
92541
92535
92533
92527
92521
92520
92512
92507
92504
92498
92491
92488
92481
92479
92470
92465
92465
92460
92455
92448
92442
92438
92431
92425
92424
92417
92415
92410
92401
92398
92390
92387
92382
92379
92374
92370
92364
92355
92350
92345
92340
92336
92332
92325
92324
92315
92315
92308
92300
92296
92291
92287
92280
92276
92271
92267
92261
92257
92251
92248
92244
92239
92230
92227
92225
92220
92214
92205
92200
92196
92193
92190
92181
92175
92170
92166
92164
92157
92152
92149
92145
92140
92135
92126
92125
92119
92110
92108
92100
92098
92090
92087
92082
92078
92074
92066
92065
92056
92052
92048
92040
92035
92034
92025
92021
92018
92012
92005
92005
92000
91992
91987
91984
91975
91973
91966
91960
91956
91952
91949
91940
91939
91935
91928
91921
91919
91913
91907
91904
91900
91890
91890
91881
91878
91874
91865
91862
91855
91854
91850
91843
91838
91830
91830
91821
91819
91810
91810
91801
91798
91792
91787
91782
91779
91770
91769
91764
91759
91751
91746
91741
91740
91730
91727
91724
91717
91715
91705
91701
91698
91692
91690
91683
91678
91671
91667
91661
91659
91655
91649
91640
91635
91630
91628
91622
91615
91615
91610
91600
91597
91592
91589
91583
91578
91575
91568
91560
91559
91550
91546
91542
91539
91532
91527
91523
91516
91513
91505
91504
91499
91491
91488
91482
91478
91471
91465
91461
91455
91451
91447
91445
91438
91435
91426
91421
91416
91412
91405
91402
91397
91394
91387
91384
91375
91374
91369
91361
91358
91355
91345
91344
91336
91331
91326
91323
91316
91311
91308
91302
91299
91290
91288
91283
91280
91270
91269
91262
91257
91251
91250
91241
91235
91235
91228
91224
91217
91212
91209
91201
91199
91191
91186
91180
91180
91173
91167
91161
91155
91152
91148
91142
91138
91133
91128
91122
91117
91114
91107
91102
91097
91092
91088
91084
91078
91074
91068
91064
91058
91052
91049
91043
91038
91034
91028
91022
91016
91014
91007
91002
90997
90994
90987
90983
90975
90970
90970
90962
90955
90953
90949
90943
90935
90930
90926
90924
90920
90913
90906
90901
90900
90890
90886
90883
90875
90872
90870
90865
90855
90851
90848
90842
90837
90835
90826
90825
90819
90813
90810
90803
90796
90790
90785
90780
90777
90775
90768
90763
90756
90752
90745
90745
90735
90732
90728
90720
90719
90711
90705
90704
90696
90690
90685
90684
90679
90672
90666
90665
90657
90650
90647
90642
90637
90634
90627
90620
90616
90615
90605
90601
90596
90592
90585
90580
90575
90572
90569
90563
90556
90550
90545
90541
90535
90532
90529
90520
90520
90510
90506
90504
90496
90493
90487
90485
90478
90471
90469
90464
90455
90450
90445
90441
90438
90432
90426
90420
90419
90410
90406
90402
90395
90395
90386
90384
90380
90371
90365
90362
90357
90355
90350
90340
90338
90335
90325
90322
90320
90315
90307
90303
90295
90290
90287
90282
90280
90275
90268
90261
90255
90253
90250
90244
90240
90230
90225
90222
90217
90213
90205
90204
90200
90195
90185
90183
90180
90174
90169
90165
90156
90150
90147
90143
90135
90133
90128
90125
90119
90113
90107
90102
90100
90093
90089
90085
90080
90072
90065
90063
90060
90050
90047
90040
90038
90034
90028
90021
90016
90011
90010
90002
89999
89995
89987
89985
89978
89971
89967
89962
89957
89955
89948
89945
89939
89935
89926
89924
89917
89915
89906
89901
89896
89890
89889
89883
89880
89874
89870
89864
89856
89855
89848
89843
89838
89834
89827
89822
89819
89812
89809
89802
89798
89791
89785
89783
89776
89771
89766
89764
89757
89751
89746
89740
89740
89735
89729
89725
89717
89714
89706
89702
89695
89693
89685
89680
89679
89671
89670
89661
89656
89651
89645
89645
89636
89632
89630
89623
89620
89615
89607
89603
89595
89592
89585
89584
89578
89574
89566
89562
89557
89552
89549
89540
89540
89530
89529
89522
89518
89515
89506
89500
89498
89494
89490
89480
89475
89470
89466
89464
89459
89454
89450
89443
89437
89432
89429
89423
89416
89412
89410
89402
89395
89395
89387
89381
89377
89373
89368
89360
89359
89353
89346
89340
89335
89330
89329
89323
89315
89313
89309
89302
89300
89293
89290
89284
89280
89275
89267
89264
89256
89251
89247
89245
89240
89232
89229
89223
89217
89214
89209
89200
89196
89192
89189
89184
89175
89170
89169
89161
89156
89152
89150
89143
89136
89130
89127
89121
89116
89110
89106
89101
89096
89095
89085
89081
89080
89073
89070
89065
89058
89055
89050
89040
89038
89034
89028
89022
89015
89015
89007
89002
88997
88993
88987
88981
88978
88971
88966
88961
88955
88951
88948
88940
88935
88931
88928
88924
88918
88914
88905
88902
88900
88891
88885
88881
88875
88872
88867
88863
88858
88850
88850
88844
88836
88832
88830
88820
88818
88810
88809
88803
88798
88792
88786
88781
88778
88770
88769
88761
88759
88752
88747
88744
88736
88730
88729
88720
88716
88710
88707
88702
88697
88693
88686
88680
88677
88675
88667
88662
88656
88652
88648
88640
88640
88635
88626
88624
88617
88611
88608
88604
88599
88591
88585
88580
88580
88574
88567
88560
88555
88552
88546
88544
88539
88531
88528
88524
88517
88514
88509
88504
88495
88493
88485
88482
88479
88474
88466
88464
88460
88450
88446
88444
88438
88430
88427
88422
88417
88415
88405
88404
88398
88394
88387
88383
88378
88372
88367
88365
88359
88353
88347
88343
88338
88332
88326
88322
88320
88314
88310
88304
88297
88293
88288
88284
88277
88275
88266
88261
88255
88250
88246
88241
88238
88233
88225
88222
88218
88210
88207
88202
88200
88192
88188
88185
88175
88172
88167
88164
88157
88150
88146
88140
88135
88134
88129
88121
88118
88114
88107
88104
88095
88093
88089
88083
88077
88072
88069
88061
88058
88051
88048
88041
88038
88035
88027
88022
88017
88012
88010
88005
88000
87991
87985
87981
87975
87972
87969
87964
87959
87955
87948
87940
87937
87931
87930
87922
87916
87915
87910
87903
87900
87892
87885
87880
87877
87871
87869
87863
87856
87850
87849
87840
87835
87831
87827
87820
87815
87815
87809
87800
87800
87793
87790
87781
87778
87775
87769
87765
87758
87754
87745
87745
87738
87735
87726
87722
87719
87710
87705
87700
87698
87692
87688
87684
87676
87671
87669
87665
87656
87651
87647
87641
87638
87631
87625
87620
87619
87615
87608
87601
87598
87593
87587
87585
87577
87571
87570
87564
87556
87552
87545
87540
87540
87534
87525
87521
87515
87512
87505
87501
87499
87493
87487
87485
87479
87471
87465
87460
87456
87450
87450
87444
87435
87434
87429
87422
87420
87410
87409
87403
87399
87392
87386
87384
87379
87371
87367
87361
87359
87355
87349
87344
87340
87335
87326
87323
87316
87314
87310
87302
87296
87294
87288
87284
87280
87274
87270
87265
87255
87253
87248
87245
87236
87235
87230
87223
87215
87211
87205
87204
87195
87192
87188
87184
87176
87174
87165
87160
87156
87150
87150
87142
87136
87132
87128
87125
87115
87115
87108
87103
87095
87095
87087
87085
87080
87071
87068
87063
87059
87050
87050
87045
87038
87030
87027
87025
87018
87011
87008
87000
86995
86994
86986
86984
86980
86975
86966
86962
86958
86952
86949
86945
86940
86932
86925
86924
86916
86912
86909
86905
86895
86892
86885
86885
86880
86875
86870
86864
86858
86851
86850
86845
86836
86835
86826
86824
86820
86813
86805
86804
86796
86794
86790
86783
86777
86770
86767
86765
86758
86754
86749
86743
86738
86733
86725
86722
86717
86712
86709
86700
86697
86692
86687
86680
86678
86671
86665
86663
86655
86650
86650
86644
86640
86635
86625
86622
86619
86610
86606
86600
86600
86595
86589
86583
86577
86575
86570
86563
86557
86551
86549
86542
86539
86533
86527
86525
86519
86513
86510
86503
86499
86490
86485
86484
86475
86473
86467
86464
86456
86455
86448
86441
86436
86434
86427
86423
86415
86415
86408
86400
86397
86395
86386
86380
86375
86375
86369
86360
86357
86350
86345
86340
86337
86335
86330
86322
86317
86315
86309
86304
86300
86293
86287
86283
86279
86270
86269
86263
86258
86250
86249
86240
86239
86235
86228
86220
86219
86215
86210
86202
86198
86192
86188
86184
86176
86175
86170
86164
86159
86150
86148
86142
86138
86133
86128
86120
86117
86113
86107
86104
86098
86092
86087
86084
86077
86070
86067
86063
86060
86053
86047
86043
86037
86035
86026
86020
86017
86010
86010
86005
85999
85991
85990
85983
85975
85974
85965
85965
85960
85954
85946
85940
85935
85930
85930
85924
85919
85912
85906
85902
85897
85895
85889
85880
85877
85874
85866
85863
85855
85852
85850
85844
85835
85833
85828
85824
85816
85815
85808
85800
85800
85790
85785
85781
85778
85770
85768
85764
85760
85752
85749
85744
85740
85732
85727
85723
85718
85714
85707
85702
85700
85690
85686
85684
85676
85670
85670
85662
85655
85650
85645
85643
85637
85630
85629
85622
85616
85611
85610
85605
85595
85591
85589
85580
85579
85570
85568
85562
85559
85553
85550
85543
85540
85534
85528
85525
85520
85515
85509
85505
85498
85491
85485
85481
85475
85475
85465
85462
85457
85452
85450
85444
85437
85430
85427
85420
85417
85412
85405
85403
85396
85394
85387
85385
85375
85371
85369
85360
85356
85355
85346
85343
85339
85334
85329
85320
85319
85312
85308
85304
85296
85295
85289
85283
85278
85272
85266
85263
85257
85252
85247
85241
85239
85235
85225
85220
85217
85213
85208
85200
85195
85194
85188
85181
85178
85174
85166
85165
85159
85151
85145
85145
85135
85134
85126
85123
85117
85113
85109
85102
85099
85093
85088
85081
85076
85073
85068
85065
85059
85053
85048
85040
85036
85033
85030
85023
85016
85014
85007
85002
84997
84994
84987
84980
84978
84973
84968
84962
84958
84952
84946
84940
84936
84933
84927
84920
84916
84915
84906
84902
84900
84893
84889
84881
84876
84870
84869
84861
84860
84850
84850
84841
84837
84833
84830
84822
84815
84811
84806
84801
84799
84795
84789
84784
84779
84775
84765
84762
84760
84751
84750
84743
84736
84735
84729
84723
84720
84714
84707
84701
84699
84694
84688
84681
84680
84673
84669
84665
84656
84652
84650
84640
84639
84630
84626
84622
84616
84612
84606
84601
84597
84595
84585
84585
84576
84571
84565
84565
84558
84554
84545
84545
84536
84530
84528
84522
84518
84511
84507
84501
84496
84493
84486
84482
84477
84475
84467
84461
84457
84455
84446
84443
84438
84434
84428
84420
84417
84411
84410
84401
84397
84395
84386
84384
84376
84375
84369
84361
84358
84355
84348
84342
84336
84332
84326
84325
84319
84311
84310
84301
84297
84295
84288
84280
84279
84272
84265
84264
84259
84250
84249
84243
84236
84232
84225
84223
84219
84213
84205
84205
84198
84192
84190
84183
84175
84173
84168
84162
84158
84151
84147
84141
84140
84131
84126
84124
84117
84110
84107
84105
84099
84094
84087
84081
84078
84070
84070
84060
84055
84054
84048
84042
84039
84031
84025
84020
84019
84014
84008
84000
83998
83990
83990
83981
83976
83974
83970
83960
83957
83950
83946
83944
83938
83935
83927
83924
83915
83915
83910
83900
83899
83892
83885
83882
83875
83872
83868
83865
83860
83852
83845
83843
83840
83833
83830
83821
83815
83812
83806
83803
83796
83792
83785
83781
83779
83771
83768
83760
83759
83752
83748
83744
83739
83733
83725
83724
83720
83710
83707
83705
83695
83690
83688
83684
83678
83674
83670
83662
83658
83654
83645
83643
83635
83631
83625
83622
83618
83615
83607
83601
83595
83590
83589
83582
83575
83572
83565
83565
83556
83553
83550
83544
83538
83533
83529
83520
83517
83511
83510
83500
83496
83490
83488
83480
83479
83474
83468
83465
83460
83455
83448
83440
83438
83431
83427
83421
83417
83411
83410
83404
83395
83392
83386
83381
83379
83371
83370
83363
83357
83352
83350
83340
83339
83331
83330
83321
83319
83313
83310
83303
83295
83291
83286
83284
83276
83273
83270
83265
83255
83252
83249
83243
83239
83234
83229
83223
83220
83214
83207
83205
83200
83195
83188
83181
83178
83174
83169
83162
83155
83155
83145
83145
83139
83132
83129
83122
83118
83110
83106
83103
83096
83092
83085
83084
83078
83070
83069
83065
83060
83055
83048
83042
83039
83030
83025
83020
83018
83013
83007
83002
83000
82992
82985
82981
82976
82974
82965
82964
82956
82952
82945
82944
82940
82930
82927
82920
82920
82910
82907
82904
82899
82895
82890
82884
82875
82874
82867
82865
82859
82852
82850
82843
82838
82835
82828
82820
82819
82813
82806
82804
82800
82790
82787
82783
82780
82775
82769
82764
82759
82751
82748
82740
82737
82730
82727
82721
82718
82710
82706
82701
82698
82694
82688
82684
82678
82671
82669
82665
82658
82650
82647
82645
82636
82631
82627
82624
82620
82614
82605
82603
82600
82594
82585
82584
82577
82574
82569
82565
82556
82552
82546
82543
82538
82531
82527
82525
82515
82512
82506
82500
82497
82492
82486
82483
82475
82471
82466
82462
82456
82450
82445
82445
82437
82431
82428
82420
82418
82410
82405
82404
82398
82392
82385
82381
82380
82375
82367
82361
82357
82354
82349
82341
82335
82330
82327
82325
82318
82312
82309
82303
82298
82293
82285
82280
82279
82274
82269
82262
82255
82252
82250
82240
82236
82230
82228
82221
82220
82215
82208
82201
82196
82191
82187
82183
82180
82172
82167
82160
82155
82153
82145
82141
82139
82130
82128
82121
82117
82111
82110
82103
82098
82090
82090
82082
82078
82075
82067
82064
82057
82052
82047
82041
82039
82032
82030
82023
82016
82011
82006
82004
81997
81992
81987
81984
81977
81972
81970
81965
81958
81950
81947
81941
81938
81933
81930
81923
81915
81910
81906
81904
81900
81893
81889
81882
81878
81872
81867
81863
81855
81853
81845
81844
81836
81833
81828
81823
81820
81813
81808
81804
81796
81792
81789
81785
81776
81773
81765
81763
81756
81755
81750
81742
81740
81731
81730
81723
81715
81711
81706
81700
81700
81695
81689
81680
81676
81674
81670
81665
81659
81652
81649
81641
81640
81633
81627
81625
81619
81614
81610
81601
81596
81595
81590
81582
81575
81575
81569
81563
81558
81554
81550
81542
81535
81534
81527
81522
81518
81513
81510
81502
81497
81492
81485
81481
81478
81471
81466
81465
81458
81452
81447
81441
81435
81431
81427
81425
81420
81411
81410
81403
81396
81394
81390
81380
81377
81374
81367
81362
81356
81353
81350
81342
81336
81334
81329
81320
81317
81312
81309
81300
81299
81292
81286
81283
81279
81271
81270
81262
81259
81251
81247
81245
81239
81232
81228
81223
81219
81213
81207
81203
81197
81191
81186
81183
81179
81173
81168
81163
81160
81155
81150
81145
81140
81132
81128
81120
81115
81113
81106
81105
81096
81092
81086
81082
81079
81071
81070
81065
81057
81053
81046
81040
81040
81032
81027
81022
81018
81011
81008
81003
81000
80994
80987
80983
80979
80975
80967
80961
80958
80952
80947
80945
80935
80935
80927
80925
80919
80915
80909
80904
80895
80893
80885
80881
80876
80871
80869
80864
80860
80855
80849
80840
80840
80835
80827
80820
80817
80811
80807
80801
80799
80795
80787
80784
80776
80772
80767
80762
80760
80752
80748
80740
80737
80734
80729
80724
80717
80710
80710
80702
80696
80695
80685
80685
80680
80674
80670
80665
80659
80653
80648
80643
80635
80634
80630
80622
80617
80610
80606
80603
80596
80593
80586
80580
80577
80574
80568
80561
80557
80553
80545
80540
80535
80530
80530
80522
80516
80511
80510
80505
80500
80490
80490
80480
80480
80470
80468
80463
80458
80453
80450
80442
80435
80435
80429
80425
80420
80415
80409
80405
80396
80393
80390
80381
80379
80373
80368
80364
80355
80352
80346
80344
80335
80334
80330
80320
80317
80314
80310
80300
80299
80291
80287
80284
80276
80270
80265
80260
80256
80254
80249
80240
80239
80235
80227
80225
80218
80211
80207
80205
80198
80193
80186
80185
80180
80175
80170
80163
80156
80150
80146
80142
80135
80134
80128
80121
80118
80112
80105
80105
80095
80092
80090
80080
80076
80073
80068
80063
80056
80051
80048
80040
80040
80030
80027
80021
80016
80010
80010
80005
79998
79995
79985
79982
79980
79970
79970
79962
79956
79953
79945
79942
79937
79932
79930
79925
79918
79912
79907
79902
79895
79894
79885
79883
79877
79874
79867
79862
79859
79850
79848
79844
79835
79834
79825
79823
79820
79813
79809
79803
79800
79792
79788
79783
79776
79775
79767
79765
79755
79754
79750
79740
79740
79730
79728
79723
79716
79712
79710
79702
79700
79693
79690
79682
79677
79675
79665
79661
79656
79652
79645
79645
79636
79631
79626
79624
79618
79614
79607
79601
79598
79594
79587
79580
79580
79572
79570
79564
79556
79553
79545
79544
79538
79534
79530
79524
79518
79512
79510
79500
79496
79495
79489
79484
79477
79475
79465
79463
79458
79454
79450
79442
79440
79432
79429
79422
79416
79412
79410
79401
79400
79394
79387
79381
79379
79371
79368
79364
79359
79352
79349
79341
79337
79335
79329
79322
79320
79315
79307
79305
79297
79293
79287
79280
79280
79271
79268
79261
79257
79255
79246
79244
79237
79230
79226
79220
79220
79214
79208
79204
79198
79194
79187
79181
79176
79173
79167
79163
79157
79150
79147
79143
79140
79133
79127
79123
79119
79111
79110
79101
79095
79095
79090
79082
79078
79073
79067
79062
79059
79054
79045
79042
79038
79030
79025
79025
79020
79011
79010
79004
78999
78991
78986
78981
78979
78973
78967
78963
78959
78950
78945
78944
78936
78934
78928
78924
78915
78910
78907
78905
78895
78892
78887
78883
78879
78870
78866
78860
78856
78855
78847
78840
78840
78833
78830
78820
78816
78813
78808
78802
78797
78791
78790
78780
78779
78775
78765
78765
78757
78752
78745
78740
78736
78730
78726
78723
78717
78713
78710
78700
78700
78693
78690
78682
78678
78674
78667
78660
78657
78650
78648
78644
78635
78635
78626
78624
78617
78614
78605
78601
78599
78594
78590
78585
78575
78575
78568
78561
78559
78555
78549
78542
78537
78531
78528
78520
78518
78511
78508
78501
78498
78493
78488
78482
78478
78474
78469
78465
78457
78452
78450
78442
78437
78430
78429
78421
78415
78415
78407
78403
78400
78392
78388
78383
78379
78375
78369
78365
78359
78350
78346
78344
78339
78332
78328
78323
78315
78315
78310
78304
78300
78291
78286
78280
78277
78272
78270
78261
78260
78250
78248
78245
78239
78234
78228
78220
78220
78212
78209
78203
78195
78194
78188
78183
78179
78174
78165
78160
78157
78155
78146
78141
78140
78133
78126
78123
78115
78112
78106
78101
78098
78095
78087
78082
78076
78070
78065
78063
78056
78054
78046
78044
78035
78032
78025
78025
78019
78014
78008
78001
77996
77992
77990
77980
77977
77971
77970
77961
77957
77953
77948
77940
77936
77935
77926
77925
77915
77913
77908
77905
77898
77891
77887
77882
77875
77875
77866
77862
77860
77855
77849
77842
77840
77831
77825
77823
77820
77815
77809
77804
77797
77794
77788
77783
77779
77770
77767
77760
77755
77751
77746
77740
77738
77734
77727
77721
77716
77712
77705
77701
77699
77694
77686
77684
77679
77673
77667
77662
77660
77653
77650
77641
77636
77633
77626
77624
77620
77615
77608
77605
77595
77592
77586
77583
77578
77573
77565
77563
77560
77554
77548
77544
77539
77535
77530
77521
77517
77515
77510
77503
77499
77494
77485
77482
77476
77471
77466
77460
77458
77450
77449
77440
77440
77431
77428
77420
77415
77415
77407
77401
77397
77393
77387
77381
77378
77375
77369
77360
77355
77355
77346
77344
77337
77334
77325
77323
77319
77315
77310
77303
77295
77294
77288
77285
77275
77272
77266
77263
77259
77252
77246
77242
77238
77230
77227
77222
77218
77213
77206
77201
77195
77191
77190
77183
77178
77170
77170
77165
77158
77152
77146
77141
77135
77132
77130
77125
77117
77110
77108
77102
77099
77094
77085
77082
77079
77072
77065
77063
77059
77051
77048
77044
77036
77032
77027
77025
77015
77011
77006
77002
76998
76994
76986
76985
76980
76975
76967
76961
76958
76954
76946
76941
76938
76930
76927
76921
76915
76914
76906
76902
76895
76891
76885
76883
76875
76871
76866
76864
76855
76851
76847
76844
76840
76834
76830
76822
76819
76810
76808
76804
76797
76794
76786
76785
76777
76771
76767
76760
76757
76754
76745
76741
76737
76731
76727
76720
76717
76715
76705
76700
76698
76693
76686
76681
76677
76672
76665
76662
76659
76652
76650
76643
76636
76634
76625
76621
76615
76610
76610
76601
76599
76592
76590
76583
76577
76573
76570
76564
76559
76554
76547
76542
76540
76535
76528
76524
76517
76510
76510
76505
76498
76491
76485
76485
76480
76470
76469
76461
76459
76451
76447
76443
76436
76432
76427
76425
76416
76410
76406
76402
76396
76394
76389
76384
76378
76371
76367
76360
76357
76350
76348
76340
76340
76331
76329
76321
76318
76313
76310
76301
76300
76292
76288
76282
76280
76271
76270
76265
76255
76251
76248
76240
76236
76230
76226
76223
76216
76212
76208
76200
76195
76195
76188
76183
76178
76171
76167
76160
76160
76154
76150
76145
76139
76134
76128
76125
76116
76114
76110
76102
76095
76095
76087
76082
76078
76072
76070
76061
76060
76054
76050
76043
76037
76035
76030
76024
76018
76014
76006
76001
75999
75992
75989
75981
75975
75970
75969
75960
75959
75954
75949
75940
75935
75930
75925
75923
75915
75914
75905
75900
75896
75892
75885
75881
75878
75872
75867
75863
75860
75851
75849
75845
75839
75833
75829
75820
75815
75815
75808
75803
75796
75793
75785
75784
75776
75773
75770
75764
75758
75750
75749
75745
75738
75734
75730
75720
75719
75715
75710
75700
75697
75691
75689
75684
75679
75672
75670
75664
75656
75654
75647
75644
75636
75632
75627
75622
75620
75613
75609
75600
75598
75593
75589
75581
75578
75574
75565
75565
75559
75553
75547
75543
75536
75535
75527
75524
75515
75515
75507
75502
75499
75492
75487
75481
75475
75471
75466
75460
75455
75455
75446
75441
75439
75431
75430
75425
75415
75414
75405
75404
75397
75394
75387
75381
75379
75371
75367
75365
75356
75350
75348
75344
75340
75334
75327
75324
75316
75313
75310
75300
75297
75292
75286
75282
75277
75274
75267
75261
75258
75255
75246
75241
75237
75234
75226
75223
75218
75214
75209
75201
75198
75194
75189
75184
75177
75171
75169
75160
75155
75154
75147
75144
75135
75133
75125
75123
75116
75114
75106
75100
75098
75093
75085
75080
75080
75071
75070
75060
75056
75050
75050
75041
75037
75032
75030
75023
75016
75014
75006
75001
74997
74990
74985
74985
74975
74971
74970
74963
74958
74954
74948
74940
74936
74935
74928
74924
74917
74913
74910
74904
74897
74894
74888
74885
74875
74871
74868
74862
74860
74854
74847
74840
74837
74834
74828
74822
74819
74811
74805
74804
74796
74791
74787
74783
74775
74774
74767
74760
74758
74752
74748
74743
74739
74731
74725
74722
74719
74713
74710
74703
74699
74690
74686
74682
74679
74674
74665
74665
74660
74652
74647
74643
74639
74631
74629
74621
74620
74610
74608
74601
74599
74590
74587
74580
74575
74570
74570
74560
74557
74555
74547
74543
74536
74533
74528
74521
74517
74513
74508
74504
74498
74495
74487
74483
74478
74473
74465
74463
74457
74453
74449
74440
74436
74430
74430
74424
74419
74410
74407
74401
74396
74395
74388
74381
74378
74375
74369
74362
74357
74354
74347
74343
74339
74330
74330
74322
74318
74310
74309
74304
74300
74293
74286
74282
74277
74275
74268
74260
74258
74253
74246
74241
74238
74232
74230
74222
74215
74211
74208
74204
74197
74195
74190
74180
74175
74172
74170
74160
74160
74154
74150
74143
74139
74131
74126
74121
74119
74113
74109
74103
74095
74091
74087
74084
74078
74072
74065
74060
74055
74051
74046
74044
74038
74034
74029
74020
74020
74010
74009
74000
73995
73994
73985
73980
73979
73970
73968
73960
73957
73954
73950
73944
73938
73930
73929
73923
73918
73914
73908
73901
73897
73890
73886
73883
73880
73875
73869
73865
73858
73854
73847
73843
73836
73830
73829
73825
73820
73815
73809
73805
73795
73793
73785
73784
73778
73772
73769
73762
73756
73750
73747
73742
73735
73730
73725
73720
73718
73713
73706
73703
73696
73694
73687
73680
73678
73675
73666
73661
73657
73654
73647
73643
73639
73635
73628
73624
73616
73613
73609
73600
73598
73594
73588
73585
73578
73570
73568
73565
73560
73553
73550
73545
73537
73535
73530
73521
73516
73513
73509
73503
73497
73494
73489
73482
73479
73471
73469
73464
73455
73455
73446
73444
73440
73434
73430
73421
73418
73414
73407
73402
73397
73391
73385
73382
73376
73373
73369
73362
73356
73355
73346
73340
73339
73334
73326
73321
73320
73313
73310
73303
73299
73295
73287
73280
73279
73271
73266
73265
73260
73254
73249
73244
73238
73231
73227
73225
73219
73212
73208
73200
73195
73191
73190
73185
73177
73174
73170
73161
73159
73151
73146
73143
73140
73133
73126
73120
73119
73114
73105
73103
73100
73090
73086
73080
73075
73071
73066
73062
73057
73053
73047
73042
73036
73032
73028
73023
73018
73015
73007
73002
72997
72990
72985
72983
72978
72971
72966
72962
72955
72954
72949
72940
72936
72933
72927
72921
72915
72910
72910
72903
72895
72895
72890
72884
72878
72871
72868
72865
72860
72854
72847
72841
72836
72834
72827
72822
72815
72811
72806
72802
72799
72794
72788
72780
72777
72770
72766
72762
72759
72750
72748
72745
72735
72731
72728
72722
72716
72710
72707
72700
72700
72691
72686
72680
72678
72674
72670
72662
72659
72655
72648
72645
72636
72631
72627
72624
72618
72615
72606
72601
72597
72595
72585
72581
72580
72570
72567
72562
72556
72554
72545
72543
72539
72530
72528
72522
72520
72513
72506
72505
72495
72491
72490
72483
72480
72472
72467
72460
72459
72451
72450
72443
72440
72430
72426
72425
72417
72414
72408
72403
72397
72395
72388
72381
72378
72371
72366
72360
72357
72353
72347
72341
72339
72333
72326
72321
72318
72314
72310
72302
72297
72292
72289
72283
72277
72270
72267
72260
72260
72254
72247
72244
72238
72233
72226
72222
72220
72215
72205
72204
72197
72192
72185
72182
72175
72174
72169
72165
72155
72153
72148
72145
72137
72133
72128
72120
72118
72115
72106
72104
72095
72094
72090
72082
72078
72071
72065
72064
72059
72051
72050
72044
72035
72033
72028
72025
72015
72012
72010
72002
71996
71993
71989
71985
71980
71972
71968
71962
71958
71950
71949
71940
71935
71933
71927
71923
71915
71913
71906
71902
71896
71892
71886
71883
71877
71874
71870
71861
71855
71853
71847
71842
71835
71834
71825
71820
71819
71813
71808
71805
71798
71794
71786
71782
71775
71775
71765
71762
71757
71751
71750
71742
71740
71732
71728
71721
71718
71711
71705
71705
71698
71693
71686
71684
71675
71674
71670
71662
71659
71653
71650
71641
71638
71633
71625
71620
71617
71612
71610
71602
71600
71595
71587
71584
71577
71571
71566
71562
71559
71554
71550
71544
71540
71531
71525
71520
71517
71513
71507
71501
71496
71492
71488
71481
71479
71472
71469
71462
71455
71452
71450
71440
71440
71434
71427
71420
71416
71413
71408
71404
71399
71395
71387
71383
71378
71374
71370
71360
71356
71350
71345
71341
71335
71332
71328
71324
71318
71313
71310
71301
71299
71291
71286
71281
71275
71273
71265
71264
71258
71250
71246
71241
71240
71235
71226
71225
71217
71210
71209
71205
71198
71194
71189
71182
71178
71173
71167
71162
71158
71150
71145
71142
71138
71135
71126
71124
71116
71110
71110
71105
71095
71090
71087
71085
71076
71070
71070
71065
71056
71052
71048
71045
71040
71035
71027
71023
71016
71012
71008
71001
70995
70994
70986
70982
70977
70975
70966
70960
70959
70950
70945
70944
70940
70935
70927
70922
70919
70910
70905
70900
70900
70895
70885
70880
70879
70870
70870
70861
70857
70853
70849
70841
70838
70834
70829
70821
70817
70813
70805
70802
70799
70794
70790
70780
70775
70775
70769
70765
70757
70752
70745
70745
70740
70732
70728
70721
70717
70712
70709
70703
70696
70695
70685
70685
70680
70674
70670
70660
70660
70653
70647
70640
70635
70632
70625
70621
70615
70611
70606
70602
70597
70590
70586
70582
70579
70571
70567
70562
70555
70553
70545
70540
70538
70534
70530
70520
70515
70511
70505
70503
70497
70491
70487
70482
70479
70474
70470
70461
70458
70452
70446
70444
70435
70430
70430
70422
70418
70412
70408
70400
70395
70394
70386
70381
70379
70370
70370
70363
70355
70353
70346
70345
70335
70330
70327
70324
70317
70313
70306
70302
70300
70290
70287
70280
70275
70273
70265
70261
70259
70253
70247
70244
70238
70233
70228
70225
70220
70214
70209
70200
70195
70192
70187
70184
70180
70172
70165
70164
70160
70152
70150
70145
70137
70135
70127
70120
70120
70115
70105
70103
70098
70091
70089
70082
70078
70073
70070
70064
70056
70055
70050
70043
70039
70034
70026
70025
70015
70014
70010
70000
