1
8
16
19
25
29
35
39
42
48
51
57
63
68
72
81
86
87
95
96
105
111
115
118
121
128
131
139
145
148
151
159
166
169
173
176
184
190
192
196
205
211
211
216
226
227
233
237
244
250
256
257
266
270
272
278
281
288
293
297
303
310
312
317
324
326
333
341
344
348
352
361
363
371
372
376
382
389
396
397
401
411
413
417
422
426
434
440
444
448
452
460
465
467
471
477
482
488
492
499
501
509
513
517
522
529
535
538
544
551
553
559
566
569
576
577
584
591
593
601
606
609
615
617
622
628
633
639
642
647
654
658
663
670
671
681
685
687
696
699
706
708
711
719
721
729
732
740
741
746
755
760
762
766
775
779
784
786
792
797
803
809
814
820
826
828
835
840
841
849
856
856
865
871
872
879
881
891
892
898
904
906
913
920
923
926
936
937
943
951
954
956
964
966
973
980
983
990
996
997
1004
1010
1014
1018
1023
1027
1036
1037
1043
1051
1055
1058
1064
1067
1075
1081
1085
1087
1094
1100
1106
1107
1113
1118
1122
1126
1133
1141
1142
1148
1151
1156
1166
1168
1173
1176
1183
1189
1195
1198
1201
1211
1214
1216
1226
1230
1231
1237
1244
1248
1256
1259
1263
1268
1276
1281
1283
1287
1292
1299
1306
1311
1313
1321
1321
1330
1333
1338
1343
1351
1353
1359
1364
1370
1372
1379
1386
1390
1395
1398
1404
1411
1415
1421
1423
1428
1436
1441
1442
1446
1452
1457
1463
1471
1474
1476
1483
1491
1494
1499
1504
1507
1512
1518
1524
1526
1536
1537
1542
1547
1552
1561
1565
1569
1576
1576
1583
1590
1596
1598
1602
1611
1611
1617
1623
1627
1631
1637
1641
1646
1656
1661
1665
1670
1674
1679
1682
1686
1695
1699
1701
1706
1716
1716
1723
1727
1736
1741
1743
1748
1755
1756
1762
1770
1774
1777
1782
1788
1796
1797
1805
1811
1816
1818
1821
1826
1834
1839
1841
1848
1852
1858
1866
1871
1874
1879
1881
1889
1894
1898
1905
1909
1914
1921
1926
1931
1936
1939
1941
1949
1951
1961
1965
1968
1973
1976
1983
1990
1994
2001
2001
2008
2013
2016
2026
2027
2035
2039
2046
2047
2051
2061
2062
2066
2074
2081
2083
2090
2091
2099
2101
2110
2114
2121
2124
2131
2134
2139
2144
2146
2156
2159
2163
2170
2172
2179
2184
2189
2195
2197
2204
2208
2213
2217
2226
2228
2236
2240
2243
2250
2254
2259
2266
2266
2272
2278
2281
2287
2293
2299
2303
2309
2315
2320
2323
2330
2336
2341
2345
2350
2351
2359
2362
2370
2371
2380
2385
2386
2392
2398
2404
2411
2415
2419
2425
2429
2436
2438
2445
2451
2456
2456
2461
2467
2473
2476
2483
2491
2496
2501
2506
2506
2514
2518
2521
2530
2532
2538
2541
2548
2556
2560
2566
2568
2575
2577
2586
2589
2594
2600
2603
2611
2614
2616
2622
2631
2631
2638
2646
2650
2656
2660
2662
2669
2673
2680
2681
2688
2693
2701
2701
2707
2714
2720
2724
2731
2735
2738
2745
2750
2753
2757
2762
2769
2773
2777
2781
2787
2791
2796
2802
2807
2811
2820
2821
2830
2832
2840
2842
2847
2853
2861
2863
2868
2875
2879
2883
2886
2896
2900
2905
2908
2915
2920
2925
2926
2931
2937
2942
2949
2955
2957
2964
2968
2974
2978
2986
2989
2995
2996
3001
3009
3013
3017
3024
3030
3033
3039
3045
3048
3051
3056
3064
3068
3073
3077
3085
3090
3092
3101
3104
3106
3116
3119
3121
3129
3135
3136
3146
3151
3153
3158
3166
3169
3171
3177
3184
3189
3194
3201
3201
3210
3212
3217
3225
3227
3236
3238
3244
3248
3254
3260
3262
3267
3272
3278
3281
3291
3294
3300
3301
3311
3312
3320
3326
3331
3334
3340
3345
3348
3351
3357
3365
3371
3376
3380
3384
3390
3396
3397
3406
3408
3413
3421
3424
3429
3435
3439
3445
3450
3455
3456
3464
3469
3474
3480
3482
3491
3494
3498
3503
3506
3515
3519
3522
3530
3534
3541
3541
3550
3551
3558
3565
3567
3576
3576
3582
3586
3591
3598
3603
3611
3616
3616
3624
3627
3635
3638
3646
3647
3655
3660
3664
3666
3671
3679
3683
3687
3692
3697
3704
3708
3714
3717
3726
3730
3733
3736
3745
3748
3756
3758
3763
3769
3771
3778
3785
3789
3796
3801
3806
3811
3812
3821
3821
3826
3831
3838
3841
3851
3852
3857
3863
3866
3872
3879
3881
3889
3893
3897
3901
3908
3914
3921
3925
3928
3933
3938
3943
3949
3955
3958
3965
3966
3976
3978
3986
3990
3995
3997
4004
4008
4014
4016
4022
4031
4033
4039
4045
4050
4055
4061
4066
4069
4071
4079
4083
4086
4093
4099
4104
4106
4111
4120
4121
4127
4136
4136
4143
4149
4154
4160
4162
4168
4173
4176
4181
4189
4196
4196
4204
4207
4216
4220
4226
4231
4231
4236
4242
4249
4255
4257
4262
4267
4275
4277
4283
4291
4294
4299
4303
4310
4316
4319
4324
4327
4335
4340
4341
4347
4351
4361
4365
4371
4376
4378
4384
4387
4395
4399
4401
4411
4413
4419
4425
4428
4433
4439
4444
4446
4452
4456
4462
4470
4476
4480
4486
4491
4493
4500
4504
4507
4512
4518
4526
4529
4531
4538
4543
4550
4552
4561
4561
4569
4573
4579
4583
4590
4594
4596
4604
4610
4612
4620
4623
4629
4634
4640
4644
4647
4656
4658
4666
4666
4676
4678
4686
4691
4694
4699
4702
4709
4713
4716
4722
4729
4733
4741
4743
4747
4754
4758
4762
4766
4776
4777
4782
4789
4796
4796
4801
4807
4815
4819
4823
4831
4836
4839
4846
4846
4853
4861
4861
4868
4875
4876
4886
4891
4895
4896
4904
4911
4911
4919
4926
4930
4936
4939
4943
4946
4955
4956
4962
4967
4976
4980
4981
4988
4991
4997
5005
5008
5013
5019
5025
5027
5031
5041
5045
5051
5053
5061
5062
5070
5073
5079
5086
5089
5093
5098
5105
5108
5112
5119
5124
5129
5136
5138
5144
5150
5152
5156
5161
5170
5172
5177
5184
5187
5196
5198
5205
5206
5215
5221
5221
5226
5231
5241
5245
5248
5256
5257
5261
5269
5274
5279
5281
5288
5296
5300
5305
5310
5311
5317
5321
5328
5333
5339
5344
5347
5355
5361
5361
5369
5372
5380
5386
5390
5396
5396
5403
5410
5414
5420
5422
5429
5436
5438
5441
5447
5456
5460
5461
5469
5471
5480
5483
5490
5494
5498
5504
5507
5511
5518
5522
5531
5534
5537
5541
5548
5554
5558
5561
5568
5572
5581
5584
5589
5593
5598
5604
5611
5615
5617
5625
5631
5635
5638
5646
5650
5655
5658
5666
5671
5676
5680
5686
5686
5691
5701
5701
5710
5716
5719
5723
5728
5732
5740
5743
5746
5752
5757
5765
5768
5775
5778
5781
5788
5791
5801
5803
5810
5812
5817
5826
5830
5836
5836
5845
5847
5856
5858
5862
5869
5875
5876
5881
5890
5894
5901
5906
5911
5912
5918
5926
5927
5934
5936
5943
5948
5955
5959
5965
5971
5975
5976
5983
5986
5992
5996
6004
6010
6014
6016
6025
6030
6032
6039
6046
6050
6051
6059
6064
6069
6074
6079
6086
6090
6096
6099
6104
6106
6114
6116
6121
6127
6131
6141
6141
6147
6152
6156
6161
6167
6174
6180
6182
6190
6191
6199
6202
6209
6215
6218
6223
6230
6236
6239
6244
6246
6253
6260
6264
6266
6275
6276
6283
6287
6293
6301
6304
6309
6311
6319
6322
6331
6332
6340
6344
6346
6356
6360
6364
6370
6371
6378
6386
6388
6396
6401
6402
6408
6412
6419
6421
6426
6431
6437
6443
6450
6455
6459
6461
6471
6471
6476
6486
6487
6491
6496
6502
6507
6515
6518
6522
6531
6535
6541
6545
6546
6553
6559
6561
6569
6574
6576
6584
6590
6596
6597
6606
6608
6615
6617
6626
6630
6632
6636
6646
6651
6655
6656
6666
6669
6673
6677
6684
6686
6695
6697
6703
6709
6716
6719
6723
6730
6736
6737
6746
6750
6756
6760
6762
6770
6772
6776
6781
6787
6796
6801
6803
6808
6811
6816
6826
6827
6832
6840
6845
6846
6851
6861
6862
6869
6875
6877
6886
6887
6896
6896
6905
6906
6913
6918
6923
6930
6934
6940
6942
6951
6956
6959
6965
6971
6973
6978
6982
6988
6996
7000
7005
7006
7012
7018
7023
7026
7033
7036
7043
7051
7055
7056
7066
7066
7076
7076
7086
7087
7091
7100
7104
7110
7113
7116
7124
7131
7136
7141
7144
7146
7154
7158
7166
7168
7173
7178
7184
7186
7194
7196
7203
7211
7212
7220
7226
7228
7231
7238
7241
7251
7253
7259
7261
7270
7272
7278
7283
7289
7293
7298
7306
7308
7316
7317
7323
7326
7334
7337
7343
7350
7351
7360
7364
7369
7375
7377
7381
7391
7393
7399
7403
7411
7416
7420
7422
7427
7431
7436
7445
7448
7456
7460
7463
7466
7475
7481
7483
7488
7491
7499
7501
7508
7513
7518
7523
7526
7532
7538
7545
7546
7551
7557
7565
7568
7575
7581
7583
7586
7596
7598
7606
7606
7611
7619
7623
7629
7635
7637
7646
7650
7653
7660
7664
7668
7671
7680
7681
7688
7693
7697
7703
7707
7713
7717
7725
7730
7736
7741
7743
7747
7755
7756
7761
7767
7772
7778
7785
7790
7794
7800
7801
7808
7814
7816
7822
7831
7833
7839
7844
7846
7852
7861
7865
7871
7875
7877
7885
7887
7892
7900
7904
7910
7912
7921
7926
7931
7936
7936
7944
7949
7951
7958
7963
7966
7974
7979
7986
7986
7991
8001
8003
8011
8012
8017
8022
8026
8035
8039
8046
8048
8054
8061
8065
8067
8076
8076
8085
8091
8096
8097
8103
8111
8113
8121
8126
8131
8134
8141
8146
8147
8156
8159
8163
8167
8175
8180
8182
8189
8196
8201
8206
8207
8212
8216
8221
8231
8235
8238
8243
8250
8254
8258
8263
8266
8275
8280
8283
8291
8294
8298
8304
8307
8315
8319
8322
8328
8331
8339
8345
8348
8356
8357
8365
8366
8373
8376
8386
8389
8392
8399
8405
8411
8411
8417
8425
8427
8432
8441
8442
8446
8454
8460
8462
8470
8475
8481
8484
8487
8491
8501
8502
8508
8512
8520
8521
8527
8534
8536
8541
8550
8551
8558
8564
8567
8575
8577
8585
8591
8593
8598
8602
8608
8613
8619
8625
8630
8635
8640
8643
8650
8656
8657
8664
8666
8676
8681
8685
8689
8693
8698
8702
8706
8716
8719
8723
8726
8731
8741
8746
8746
8754
8760
8765
8768
8776
8778
8785
8790
8794
8797
8806
8808
8813
8818
8822
8826
8831
8841
8845
8851
8851
8857
8861
8871
8875
8876
8881
8887
8894
8899
8901
8911
8914
8919
8924
8930
8931
8936
8945
8949
8952
8959
8963
8969
8973
8978
8986
8988
8996
8999
9006
9006
9015
9021
9024
9031
9032
9041
9044
9050
9055
9058
9066
9067
9074
9081
9081
9091
9091
9098
9104
9109
9111
9118
9122
9131
9132
9138
9145
9146
9155
9156
9165
9168
9174
9181
9183
9188
9191
9201
9203
9211
9214
9219
9224
9231
9234
9236
9244
9247
9254
9261
9266
9266
9271
9281
9284
9291
9295
9296
9305
9311
9315
9320
9324
9326
9332
9336
9346
9349
9351
9357
9361
9371
9372
9376
9381
9386
9394
9397
9401
9407
9416
9416
9426
9427
9436
9439
9441
9447
9454
9456
9461
9468
9476
9478
9482
9491
9495
9500
9505
9509
9512
9518
9524
9528
9531
9540
9546
9551
9553
9561
9562
9571
9576
9579
9581
9588
9595
9600
9606
9611
9613
9621
9622
9626
9636
9637
9645
9651
9656
9660
9664
9670
9673
9677
9684
9686
9691
9700
9706
9707
9715
9718
9724
9727
9731
9736
9742
9751
9751
9760
9761
9771
9773
9780
9783
9789
9792
9800
9801
9810
9813
9819
9825
9830
9833
9838
9842
9849
9853
9860
9863
9870
9874
9879
9882
9890
9896
9901
9904
9909
9916
9921
9926
9927
9932
9938
9941
9949
9955
9956
9961
9968
9973
9978
9986
9987
9991
9997
