3
6
14
17
21
27
32
37
46
47
56
59
64
68
73
76
82
90
95
98
102
108
114
119
121
126
135
140
145
147
152
159
162
168
172
178
184
186
194
201
202
211
213
219
226
230
232
239
242
249
256
256
261
271
273
277
284
287
295
296
301
311
313
318
322
331
335
339
341
347
354
361
366
369
372
377
381
388
394
397
405
407
413
417
426
429
432
436
443
448
451
456
463
470
471
481
484
490
494
497
501
511
512
517
521
528
533
541
543
550
555
559
566
569
575
580
582
588
593
596
605
608
611
616
621
629
635
637
645
648
651
659
663
666
672
677
684
688
695
698
706
709
715
717
721
730
733
739
745
750
754
760
761
771
776
781
781
790
796
801
805
807
811
816
823
826
833
836
844
846
852
856
861
868
873
879
886
888
895
897
905
908
915
918
921
931
932
937
945
949
952
961
966
969
976
976
984
990
996
1001
1005
1009
1013
1017
1025
1031
1036
1036
1041
1049
1055
1059
1063
1069
1071
1079
1082
1086
1092
1099
1101
1110
1112
1118
1126
1130
1136
1138
1145
1149
1151
1161
1165
1167
1171
1179
1183
1186
1194
1198
1205
1210
1212
1220
1226
1230
1235
1241
1241
1248
1255
1259
1262
1266
1274
1280
1282
1288
1296
1296
1303
1306
1311
1316
1321
1330
1332
1341
1341
1350
1352
1358
1363
1367
1373
1380
1384
1391
1396
1399
1403
1411
1412
1416
1426
1431
1435
1440
1441
1447
1453
1459
1461
1470
1473
1478
1483
1490
1496
1500
1503
1506
1513
1519
1524
1529
1531
1540
1545
1551
1552
1561
1566
1570
1574
1580
1581
1591
1591
1596
1602
1611
1615
1616
1626
1628
1635
1640
1646
1650
1651
1661
1664
1669
1676
1681
1684
1690
1693
1696
1705
1710
1714
1716
1723
1727
1735
1741
1746
1749
1751
1759
1761
1769
1772
1781
1781
1789
1795
1798
1803
1809
1816
1819
1825
1829
1831
1841
1841
1846
1855
1859
1861
1871
1873
1876
1885
1889
1892
1897
1904
1911
1914
1918
1926
1927
1931
1941
1945
1951
1953
1961
1966
1971
1975
1978
1984
1990
1993
1997
2003
2006
2014
2020
2024
2029
2034
2041
2046
2050
2055
2058
2062
2069
2075
2079
2084
2090
2096
2097
2101
2108
2116
2121
2124
2129
2131
2139
2142
2146
2156
2158
2166
2169
2175
2177
2185
2186
2196
2200
2201
2209
2216
2221
2225
2226
2234
2238
2241
2247
2256
2258
2266
2268
2276
2278
2284
2288
2295
2298
2306
2311
2312
2318
2322
2331
2336
2336
2346
2351
2351
2360
2364
2371
2376
2380
2382
2387
2392
2397
2402
2408
2411
2420
2425
2430
2433
2438
2445
2447
2452
2461
2463
2466
2472
2476
2484
2486
2494
2496
2503
2511
2513
2519
2526
2530
2533
2538
2542
2551
2555
2559
2562
2566
2571
2579
2583
2586
2592
2596
2602
2608
2611
2620
2623
2630
2636
2637
2644
2649
2651
2657
2663
2666
2671
2680
2684
2686
2695
2698
2706
2706
2715
2718
2723
2731
2731
2741
2744
2749
2754
2759
2763
2767
2775
2777
2782
2791
2791
2796
2805
2810
2815
2818
2821
2829
2832
2837
2842
2849
2853
2861
2865
2867
2875
2881
2882
2889
2894
2899
2905
2906
2913
2918
2921
2929
2934
2941
2941
2948
2952
2960
2962
2967
2971
2976
2982
2986
2995
2999
3001
3006
3014
3020
3025
3027
3032
3036
3045
3046
3054
3060
3062
3066
3071
3076
3085
3087
3092
3100
3104
3111
3114
3118
3121
3128
3134
3137
3144
3147
3156
3161
3164
3169
3173
3179
3182
3190
3194
3200
3204
3211
3214
3218
3224
3231
3233
3237
3242
3247
3254
3257
3264
3266
3274
3276
3282
3289
3295
3301
3301
3309
3316
3320
3322
3329
3333
3341
3341
3351
3353
3357
3362
3368
3375
3378
3383
3387
3393
3401
3406
3407
3412
3418
3426
3431
3432
3441
3443
3450
3454
3460
3464
3471
3476
3479
3486
3489
3492
3497
3506
3507
3511
3516
3524
3529
3534
3536
3543
3550
3552
3556
3561
3571
3576
3580
3585
3589
3593
3598
3604
3608
3615
3619
3623
3629
3635
3637
3643
3647
3651
3656
3663
3667
3672
3681
3685
3690
3694
3699
3703
3710
3716
3719
3726
3727
3735
3738
3742
3750
3751
3758
3766
3766
3773
3778
3781
3791
3795
3798
3806
3808
3812
3819
3824
3829
3832
3839
3841
3848
3851
3857
3865
3867
3871
3880
3883
3887
3892
3898
3902
3908
3912
3919
3924
3928
3932
3939
3942
3950
3953
3961
3963
3970
3976
3977
3981
3988
3992
4001
4001
4009
4015
4020
4025
4028
4035
4038
4044
4046
4053
4059
4065
4067
4074
4077
4081
4089
4092
4101
4104
4106
4112
4119
4122
4129
4135
4140
4143
4150
4152
4158
4165
4168
4175
4180
4181
4186
4191
4201
4201
4207
4215
4217
4223
4227
4236
4241
4243
4250
4252
4259
4265
4269
4274
4280
4285
4290
4294
4300
4304
4310
4313
4317
4324
4330
4336
4338
4342
4350
4356
4358
4362
4368
4376
4377
4381
4387
4395
4400
4405
4407
4414
4416
4424
4426
4436
4440
4446
4446
4453
4459
4461
4466
4473
4479
4483
4486
4492
4498
4501
4509
4516
4519
4526
4531
4534
4539
4546
4549
4551
4558
4565
4571
4571
4578
4586
4590
4592
4596
4602
4611
4613
4616
4625
4628
4631
4637
4643
4651
4651
4657
4664
4670
4671
4681
4681
4686
4694
4697
4701
4710
4716
4721
4726
4728
4733
4738
4746
4749
4751
4757
4765
4771
4772
4776
4786
4789
4796
4796
4801
4809
4816
4821
4826
4826
4831
4836
4845
4850
4851
4858
4865
4869
4876
4881
4883
4886
4895
4901
4906
4910
4911
4919
4925
4930
4933
4938
4941
4947
4955
4959
4965
4971
4973
4978
4986
4986
4994
5000
5005
5011
5016
5018
5023
5030
5033
5036
5044
5049
5056
5060
5066
5071
5076
5077
5083
5088
5092
5096
5105
5106
5111
5119
5122
5128
5133
5138
5143
5148
5155
5160
5165
5166
5173
5181
5181
5189
5192
5197
5202
5206
5215
5216
5224
5228
5233
5240
5242
5250
5254
5259
5264
5267
5273
5278
5285
5289
5291
5298
5305
5307
5315
5316
5324
5329
5334
5337
5342
5349
5356
5360
5362
5368
5375
5379
5381
5387
5395
5401
5405
5406
5416
5419
5421
5430
5434
5438
5446
5449
5453
5459
5466
5469
5476
5481
5481
5487
5494
5499
5501
5511
5515
5516
5521
5527
5533
5537
5543
5551
5551
5556
5564
5570
5574
5580
5581
5590
5592
5599
5606
5611
5612
5619
5621
5630
5634
5641
5646
5647
5655
5659
5666
5667
5671
5677
5683
5688
5696
5696
5704
5710
5711
5719
5723
5727
5733
5740
5742
5751
5756
5758
5763
5769
5772
5779
5785
5790
5793
5801
5804
5808
5815
5816
5821
5826
5831
5841
5841
5848
5855
5859
5861
5870
5876
5879
5886
5890
5893
5901
5903
5909
5912
5917
5925
5929
5933
5941
5941
5949
5956
5959
5966
5969
5974
5977
5981
5991
5993
5999
6006
6010
6016
6020
6025
6030
6033
6039
6041
6050
6051
6058
6062
6069
6075
6081
6085
6089
6094
6100
6104
6110
6113
6116
6123
6127
6131
6139
6144
6150
6152
6157
6165
6169
6171
6176
6185
6190
6195
6197
6203
6208
6216
6220
6223
6227
6235
6240
6245
6246
6251
6261
6263
6271
6276
6281
6284
6288
6294
6300
6305
6308
6315
6318
6325
6328
6336
6338
6342
6349
6356
6356
6365
6366
6374
6379
6381
6390
6391
6397
6403
6406
6414
6420
6421
6426
6436
6440
6446
6449
6454
6461
6463
6470
6474
6479
6485
6486
6492
6500
6503
6506
6512
6519
6525
6528
6535
6539
6544
6546
6556
6557
6565
6568
6571
6577
6585
6587
6593
6597
6603
6607
6613
6621
6622
6628
6634
6638
6645
6649
6652
6656
6663
6667
6673
6681
6683
6689
6694
6697
6701
6709
6711
6717
6725
6731
6733
6738
6741
6749
6755
6761
6764
6769
6775
6779
6786
6789
6791
6801
6805
6806
6813
6816
6821
6828
6836
6838
6846
6848
6851
6857
6865
6871
6872
6878
6884
6887
6893
6900
6901
6910
6913
6919
6925
6931
6933
6941
6942
6950
6951
6960
6965
6968
6976
6979
6985
6991
6993
6997
7006
7007
7015
7017
7023
7031
7032
7041
7041
7046
7052
7056
7061
7067
7076
7081
7085
7086
7091
7100
7102
7111
7115
7119
7123
7130
7135
7141
7142
7148
7155
7157
7165
7167
7176
7176
7183
7190
7194
7199
7202
7208
7216
7220
7225
7231
7231
7236
7246
7247
7256
7261
7262
7268
7272
7277
7285
7290
7291
7296
7306
7307
7315
7319
7323
7331
7336
7337
7345
7349
7356
7358
7361
7370
7371
7377
7382
7390
7396
7400
7404
7407
7416
7416
7421
7428
7436
7438
7442
7447
7453
7458
7462
7470
7472
7478
7485
7487
7495
7499
7504
7506
7511
7521
7522
7531
7531
7539
7546
7549
7551
7557
7564
7566
7572
7576
7584
7589
7594
7599
7605
7611
7613
7619
7621
7631
7633
7640
7643
7651
7654
7658
7663
7666
7675
7676
7683
7687
7692
7696
7703
7709
7716
7716
7725
7726
7733
7737
7744
7748
7755
7756
7765
7771
7772
7778
7784
7786
7793
7796
7805
7809
7814
7821
7824
7829
7834
7838
7844
7851
7855
7856
7863
7867
7875
7878
7886
7891
7895
7899
7901
7906
7916
7918
7924
7929
7934
7939
7945
7948
7951
7958
7966
7968
7971
7977
7983
7990
7994
8001
8005
8010
8012
8020
8021
8026
8034
8038
8043
8047
8051
8056
8066
8071
8073
8076
8083
8091
8093
8101
8103
8110
8115
8117
8122
8131
8133
8138
8146
8151
8154
8161
8165
8169
8174
8178
8185
8190
8194
8199
8203
8210
8215
8218
8225
8227
8234
8238
8244
8251
8253
8261
8261
8271
8275
8276
8282
8287
8294
8296
8301
8311
8316
8316
8326
8326
8331
8338
8343
8349
8352
8356
8366
8367
8373
8377
8384
8388
8392
8399
8406
8411
8411
8420
8426
8429
8431
8437
8445
8449
8455
8459
8463
8467
8474
8477
8484
8491
8495
8499
8501
8510
8512
8520
8524
8527
8533
8539
8545
8548
8555
8559
8566
8566
8573
8581
8586
8590
8592
8597
8606
8609
8612
8619
8621
8626
8636
8636
8641
8646
8651
8657
8664
8668
8674
8676
8686
8687
8691
8700
8702
8710
8712
8716
8726
8727
8735
8736
8741
8749
8751
8758
8764
8766
8774
8776
8786
8786
8795
8797
8805
8806
8814
8818
8825
8829
8834
8841
8842
8848
8854
8861
8861
8870
8875
8881
8884
8889
8895
8898
8904
8909
8915
8920
8921
8931
8934
8938
8945
8948
8951
8961
8965
8970
8973
8977
8981
8989
8994
8999
9006
9009
9016
9021
9021
9027
9032
9038
9045
9048
9056
9060
9061
9068
9076
9081
9086
9087
9095
9097
9102
9107
9112
9120
9121
9131
9136
9141
9145
9147
9156
9157
9163
9171
9175
9181
9186
9187
9193
9197
9201
9206
9211
9220
9224
9227
9236
9239
9245
9249
9252
9256
9265
9270
9273
9279
9285
9287
9292
9296
9301
9306
9316
9320
9321
9328
9335
9338
9342
9347
9356
9359
9365
9366
9372
9379
9383
9386
9395
9399
9402
9409
9411
9416
9421
9426
9431
9438
9441
9449
9451
9457
9465
9466
9471
9476
9484
9488
9493
9496
9505
9511
9515
9521
9525
9529
9534
9539
9545
9548
9552
9556
9562
9566
9573
9577
9583
9586
9591
9596
9602
9607
9611
9617
9623
9628
9636
9638
9645
9648
9652
9661
9666
9670
9673
9678
9683
9691
9691
9696
9705
9708
9714
9721
9722
9726
9735
9736
9744
9749
9752
9760
9765
9769
9772
9776
9782
9788
9793
9799
9806
9806
9814
9821
9822
9826
9835
9838
9845
9846
9851
9858
9863
9871
9875
9876
9881
9886
9895
9896
9902
9906
9912
9916
9923
9927
9936
9937
9944
9950
9951
9958
9964
9971
9974
9978
9984
9987
9992
9998
10005
10007
10014
10019
10025
10031
10032
10038
10042
10048
10055
10059
10063
10069
10073
10077
10082
10088
10096
10099
10101
10107
10112
10120
10124
10129
10136
10140
10145
10149
10154
10157
10166
10169
10172
10176
10182
10191
10191
10198
10206
10211
10215
10220
10224
10229
10232
10238
10245
10246
10252
10258
10264
10271
10273
10277
10286
10291
10291
10297
10301
10309
10316
10320
10323
10329
10335
10337
10343
10349
10352
10356
10361
10367
10371
10378
10382
10389
10392
10401
10406
10410
10412
10417
10426
10429
10435
10438
10443
10448
10453
10459
10461
10467
10475
10479
10482
10489
10494
10498
10504
10506
10516
10519
10523
10526
10536
10539
10545
10550
10555
10557
10562
10569
10575
10576
10583
10590
10592
10597
10602
10609
10615
10616
10623
10631
10633
10638
10646
10649
10656
10659
10662
10669
10673
10681
10685
10688
10696
10701
10704
10707
10715
10720
10722
10731
10731
10741
10746
10746
10752
10760
10763
10766
10774
10780
10783
10786
10792
10799
10802
10806
10816
10818
10826
10827
10831
10836
10845
10850
10855
10860
10866
10871
10876
10881
10882
10888
10891
10899
10902
10908
10913
10917
10926
10928
10934
10939
10943
10949
10955
10961
10964
10971
10975
10976
10986
10990
10995
10998
11003
11011
11014
11021
11024
11027
11035
11037
11045
11046
11052
11061
11061
11070
11073
11076
11086
11088
11096
11101
11104
11106
11111
11116
11125
11129
11134
11137
11142
11149
11156
11157
11161
11171
11173
11176
11181
11187
11194
11200
11202
11209
11212
11219
11226
11231
11232
11239
11243
11251
11253
11256
11261
11266
11273
11281
11285
11287
11295
11297
11303
11310
11316
11318
11326
11331
11332
11336
11345
11347
11356
11361
11362
11367
11372
11380
11384
11386
11393
11396
11403
11407
11412
11416
11424
11426
11432
11441
11446
11447
11451
11457
11462
11466
11473
11481
11483
11490
11492
11496
11505
11511
11513
11521
11526
11531
11536
11539
11541
11548
11555
11558
11564
11569
11576
11578
11583
11588
11596
11596
11605
11609
11615
11618
11626
11629
11633
11637
11641
11650
11655
11660
11666
11671
11674
11676
11685
11688
11695
11696
11705
11711
11712
11721
11723
11730
11732
11740
11741
11749
11756
11757
11763
11766
11773
11779
11786
11790
11794
11797
11801
11806
11811
11821
11825
11826
11833
11838
11841
11846
11855
11857
11865
11868
11875
11877
11885
11888
11894
11897
11901
11911
11911
11921
11926
11928
11935
11938
11943
11950
11955
11957
11961
11967
11972
11977
11982
11990
11994
11996
12005
12007
12013
12017
12021
12029
12033
12040
12041
12046
12053
12056
12065
12070
12076
12080
12081
12089
12091
12100
12104
12107
12115
12119
12125
12128
12136
12141
12142
12151
12152
12160
12162
12167
12172
12178
12183
12187
12194
12198
12203
12209
12215
12221
12224
12227
12232
12241
12243
12247
12251
12260
12264
12270
12272
12277
12285
12289
12292
12300
12304
12311
12315
12320
12321
12327
12336
12339
12341
12346
12354
12360
12362
12367
12372
12376
12384
12390
12391
12398
12404
12408
12411
12420
12423
12426
12432
12440
12441
12448
12451
12461
12461
12466
12473
12478
12482
12487
12493
12496
12504
12506
12516
12519
12522
12529
12535
12540
12546
12549
12556
12561
12563
12567
12575
12579
12581
12590
12593
12597
12606
12608
12615
12618
12621
12629
12631
12637
12642
12650
12651
12661
12666
12667
12674
12676
12681
12689
12692
12697
12703
12708
12714
12717
12721
12730
12736
12738
12746
12748
12752
12758
12765
12771
12775
12777
12783
12791
12793
12799
12804
12809
12814
12816
12826
12829
12834
12840
12843
12849
12854
12858
12863
12867
12874
12878
12883
12890
12891
12899
12902
12910
12914
12918
12921
12928
12935
12939
12944
12950
12953
12960
12961
12966
12972
12977
12981
12987
12993
13001
13006
13011
13011
13021
13025
13031
13031
13040
13045
13046
13051
13057
13061
13070
13071
13078
13082
13090
13096
13099
13104
13109
13111
13116
13123
13126
13131
13136
13145
13150
13154
13158
13164
13170
13171
13176
13182
13187
13194
13196
13202
13207
13211
13218
13225
13228
13234
13238
13246
13250
13255
13258
13263
13271
13271
13279
13286
13290
13294
13299
13304
13311
13311
13320
13323
13330
13334
13336
13342
13351
13354
13360
13363
13366
13373
13379
13385
13387
13393
13400
13404
13407
13415
13419
13425
13426
13433
13437
13444
13450
13453
13461
13465
13467
13471
13480
13486
13486
13491
13500
13503
13507
13511
13517
13524
13528
13535
13539
13541
13548
13556
13556
13563
13568
13571
13581
13586
13588
13596
13598
13603
13609
13611
13616
13624
13628
13636
13639
13643
13646
13651
13659
13661
13666
13674
13679
13682
13687
13691
13696
13706
13706
13714
13720
13721
13726
13731
13736
13744
13748
13756
13759
13761
13768
13776
13778
13784
13789
13791
13800
13806
13807
13811
13817
13823
13831
13833
13836
13845
13851
13852
13860
13863
13870
13872
13877
13881
13886
13896
13899
13901
13910
13913
13921
13925
13931
13934
13941
13941
13950
13953
13959
13965
13971
13974
13981
13983
13990
13994
13998
14006
14006
14012
14018
14025
14029
14032
14039
14046
14049
14053
14060
14064
14070
14071
14078
14081
14091
14094
14100
14103
14107
14111
14116
14121
14129
14131
14141
14143
14151
14151
14157
14164
14167
14171
14179
14184
14187
14192
14196
14205
14208
14216
14217
14221
14226
14231
14237
14243
14246
14256
14259
14261
14268
14271
14281
14285
14286
14296
14301
14302
14311
14312
14319
14326
14327
14332
14336
14345
14349
14353
14361
14364
14368
14371
14380
14384
14389
14391
14397
14403
14406
14416
14417
14423
14426
14436
14438
14446
14448
14452
14460
14464
14468
14471
14480
14483
14489
14491
14497
14505
14508
14511
14518
14523
14528
14531
14536
14543
14546
14555
14556
14565
14569
14573
14580
14581
14586
14595
14600
14603
14610
14615
14620
14622
14630
14634
14640
14644
14651
14655
14657
14661
14671
14674
14681
14684
14687
14693
14697
14704
14706
14716
14721
14726
14731
14736
14740
14743
14749
14751
14760
14765
14771
14774
14778
14782
14786
14791
14798
14802
14809
14814
14821
14826
14826
14832
14837
14841
14849
14852
14858
14866
14868
14873
14879
14885
14886
14896
14896
14901
14909
14911
14920
14924
14926
14931
14937
14944
14946
14952
14958
14966
14966
14971
14978
14984
14987
14991
14997
15003
15011
15015
15020
15022
15030
15034
15036
15043
15051
15054
15059
15066
15068
15072
15078
15084
15087
15091
15097
15104
15108
15116
15118
15124
15129
15133
15139
15142
15148
15155
15158
15161
15166
15171
15178
15186
15190
15195
15198
15203
15209
15212
15216
15224
15231
15234
15238
15241
15251
15252
15257
15264
15268
15273
15281
15283
15290
15293
15299
15306
15311
15316
15318
15325
15327
15333
15340
15343
15348
15356
15358
15361
15366
15372
15381
15381
15389
15392
15398
15406
15411
15416
15420
15426
15430
15432
15439
15446
15447
15453
15461
15463
15471
15471
15479
15486
15491
15494
15501
15506
15510
15515
15520
15525
15528
15534
15541
15543
15551
15551
15559
15565
15566
15573
15579
15584
15590
15596
15598
15603
15607
15614
15620
15623
15628
15633
15639
15642
15651
15653
15656
15665
15668
15676
15681
15685
15686
15695
15701
15701
15709
15716
15719
15722
15726
15736
15737
15746
15747
15752
15759
15763
15766
15774
15781
15786
15787
15793
15801
15803
15808
15812
15819
15822
15829
15836
15840
15842
15849
15851
15861
15862
15867
15873
15877
15884
15889
15892
15899
15901
15906
15915
15920
15926
15930
15932
15939
15945
15946
15956
15957
15965
15968
15971
15981
15985
15986
15991
15999
16004
16011
16014
16017
16026
16030
16036
16037
16043
16049
16053
16060
16063
16068
16075
16076
16085
16089
16094
16096
16102
16111
16113
16117
16126
16126
16131
16140
16141
16148
16151
16157
16165
16171
16173
16177
16185
16190
16194
16200
16206
16210
16211
16220
16222
16227
16232
16240
16244
16251
16251
16259
16264
16271
16275
16277
16285
16286
16294
16298
16305
16307
16312
16318
16321
16330
16334
16337
16344
16346
16356
16356
16365
16370
16375
16378
16382
16387
16394
16397
16406
16408
16415
16420
16422
16429
16432
16438
16441
16446
16451
16457
16463
16467
16475
16479
16484
16489
16496
16497
16505
16510
16515
16516
16524
16530
16533
16539
16544
16547
16552
16561
16562
16567
16571
16578
16585
16587
16595
16599
16604
16607
16614
16620
16623
16628
16633
16636
16646
16651
16651
16660
16663
16667
16674
16678
16681
16691
16696
16699
16701
16710
16714
16718
16725
16730
16735
16737
16745
16747
16751
16756
16762
16768
16773
16776
16785
16789
16793
16797
16805
16807
16811
16817
16821
16828
16831
16836
16846
16851
16853
16856
16863
16868
16876
16877
16881
16887
16896
16897
16903
16909
16911
16918
16922
16926
16935
16941
16941
16946
16953
16956
16964
16967
16974
16980
16982
16987
16992
17000
17001
17006
17015
17020
17025
17027
17031
17039
17044
17047
17055
17057
17062
17068
17071
17079
17083
17091
17096
17101
17104
17110
17114
17118
17124
17131
17136
17141
17141
17150
17155
17160
17166
17170
17172
17179
17184
17191
17196
17201
17206
17209
17215
17216
17222
17229
17232
17239
17242
17246
17253
17261
17264
17269
17275
17281
17283
17288
17292
17297
17306
17310
17314
17318
17323
17328
17335
17341
17343
17350
17351
17357
17366
17370
17371
17379
17384
17390
17395
17398
17403
17410
17412
17416
17425
17426
17433
17437
17446
17449
17456
17461
17464
17471
17476
17478
17482
17488
17494
17500
17502
17509
17515
17521
17522
17531
17535
17538
17545
17546
17555
17561
17564
17571
17576
17576
17586
17591
17591
17600
17601
17607
17613
17618
17625
17631
17635
17638
17642
17649
17655
17660
17663
17666
17672
17680
17683
17688
17694
17701
17703
17708
17712
17721
17721
17726
17734
17741
17745
17750
17756
17760
17761
17771
17775
17781
17781
17791
17791
17800
17801
17811
17816
17820
17822
17830
17831
17837
17843
17850
17855
17861
17861
17866
17873
17879
17885
17888
17893
17899
17903
17906
17915
17918
17925
17927
17931
17937
17943
17950
17955
17958
17962
17966
17974
17976
17982
17991
17996
17999
18006
18009
18014
18016
18025
18029
18034
18037
18043
18046
18053
18057
18061
18066
18076
18076
18081
18091
18095
18098
18106
18111
18113
18116
18122
18128
18132
18137
18142
18146
18153
18161
18162
18169
18171
18177
18182
18188
18195
18201
18202
18207
18212
18220
18221
18231
18236
18237
18243
18247
18255
18259
18264
18268
18271
18279
18284
18289
18296
18296
18304
18309
18316
18321
18326
18330
18336
18341
18345
18351
18352
18359
18362
18371
18371
18378
18384
18389
18396
18397
18404
18408
18416
18419
18425
18428
18436
18440
18441
18446
18452
18460
18464
18467
18473
18478
18484
18491
18492
18498
18504
18508
18514
18516
18523
18531
18531
18536
18543
18551
18551
18558
18563
18566
18572
18579
18585
18591
18591
18597
18602
18606
18614
18617
18625
18630
18631
18636
18644
18647
18656
18661
18662
18670
18673
18679
18682
18689
18694
18697
18703
18708
18715
18716
18723
18727
18731
18738
18746
18751
18754
18759
18761
18766
18775
18776
18786
18790
18793
18797
18806
18810
18814
18816
18823
18826
18833
18839
18843
18851
18852
18859
18865
18868
18876
18880
18884
18889
18892
18899
18905
18911
18913
18920
18921
18930
18935
18939
18942
18948
18953
18960
18961
18971
18976
18978
18982
18989
18994
18996
19006
19006
19014
19021
19024
19030
19036
19038
19044
19049
19053
19057
19065
19068
19076
19079
19081
19088
19094
19101
19106
19107
19115
19116
19126
19126
19135
19141
19142
19149
19153
19160
19162
19166
19172
19177
19183
19191
19192
19201
19204
19208
19213
19218
19226
19230
19235
19238
19246
19251
19256
19261
19263
19266
19273
19279
19284
19286
19291
19299
19305
19307
19316
19321
19324
19328
19333
19338
19343
19348
19352
19360
19366
19370
19373
19381
19384
19386
19392
19397
19403
19411
19413
19420
19423
19429
19431
19440
19445
19448
19456
19457
19462
19469
19471
19480
19481
19487
19493
19498
19506
19509
19515
19517
19526
19528
19536
19537
19545
19551
19554
19557
19566
19569
19571
19579
19584
19589
19594
19599
19606
19611
19612
19619
19622
19628
19635
19641
19641
19648
19656
19661
19665
19670
19675
19678
19685
19688
19692
19699
19706
19707
19711
19718
19722
19729
19731
19738
19741
19750
19755
19759
19763
19771
19773
19777
19783
19789
19796
19797
19803
19809
19816
19816
19824
19830
19836
19838
19841
19851
19853
19856
19861
19866
19874
19876
19885
19888
19895
19899
19905
19911
19915
19921
19925
19930
19935
19941
19945
19946
19956
19956
19964
19966
19975
19979
19982
19989
19991
19999
