6
9
14
18
22
31
34
41
44
48
51
59
61
71
74
80
86
90
96
96
103
109
116
116
124
128
133
141
142
148
152
156
163
167
176
178
182
187
191
197
202
207
211
218
224
229
236
239
245
247
256
260
262
271
274
279
282
289
294
301
303
308
311
320
326
327
336
339
344
348
355
358
362
369
374
378
385
389
395
401
405
406
412
418
423
431
432
438
445
447
455
458
465
471
474
478
484
486
493
501
504
511
512
521
524
527
535
540
541
551
553
558
561
570
571
581
582
591
593
600
605
608
613
621
622
627
632
641
644
649
656
659
661
668
674
679
686
691
693
700
702
707
713
721
726
731
736
741
742
751
755
757
764
768
775
779
781
791
796
801
802
811
816
816
825
827
834
837
845
848
852
859
866
871
873
879
882
888
893
896
901
909
911
920
922
928
931
940
943
947
955
957
963
968
973
981
984
987
993
999
1005
1011
1015
1016
1023
1030
1033
1040
1046
1049
1054
1058
1061
1071
1074
1078
1085
1086
1094
1098
1104
1110
1112
1121
1122
1130
1134
1138
1142
1148
1156
1161
1165
1170
1176
1179
1185
1189
1195
1199
1203
1211
1212
1216
1226
1229
1232
1238
1246
1248
1251
1259
1266
1271
1275
1280
1282
1288
1292
1297
1304
1309
1312
1319
1323
1328
1332
1340
1345
1350
1353
1360
1366
1366
1372
1378
1385
1389
1394
1397
1401
1408
1413
1416
1423
1431
1435
1439
1441
1448
1456
1458
1463
1467
1471
1476
1484
1490
1495
1498
1506
1507
1514
1520
1523
1526
1531
1541
1542
1547
1551
1558
1564
1570
1576
1577
1584
1586
1591
1600
1603
1610
1616
1621
1626
1631
1632
1640
1645
1646
1653
1659
1666
1666
1673
1678
1682
1690
1695
1700
1706
1706
1715
1721
1723
1728
1733
1738
1741
1746
1756
1759
1762
1766
1774
1781
1786
1787
1796
1800
1805
1810
1811
1821
1825
1826
1831
1836
1844
1847
1854
1857
1863
1870
1876
1881
1886
1888
1895
1898
1905
1911
1914
1918
1925
1930
1932
1936
1941
1950
1951
1960
1963
1969
1972
1980
1986
1987
1992
1997
2003
2008
2016
2016
2024
2026
2035
2040
2042
2049
2054
2058
2065
2070
2075
2081
2083
2091
2095
2100
2105
2108
2115
2119
2123
2130
2131
2141
2143
2148
2151
2158
2163
2166
2173
2176
2186
2188
2196
2196
2205
2208
2212
2216
2221
2227
2233
2236
2246
2247
2253
2257
2262
2267
2272
2276
2283
2287
2291
2298
2306
2311
2315
2317
2323
2328
2334
2338
2341
2351
2354
2361
2366
2370
2372
2377
2383
2391
2391
2401
2404
2409
2415
2420
2421
2426
2434
2437
2446
2446
2453
2456
2462
2467
2475
2476
2482
2491
2491
2499
2505
2508
2515
2521
2522
2531
2533
2541
2544
2548
2551
2559
2563
2569
2576
2578
2582
2587
2595
2600
2603
2611
2614
2620
2624
2626
2636
2641
2642
2647
2655
2659
2665
2667
2671
2677
2686
2686
2694
2697
2702
2710
2714
2718
2721
2728
2734
2741
2741
2751
2755
2758
2762
2769
2772
2778
2783
2790
2795
2796
2805
2806
2816
2819
2824
2827
2831
2841
2844
2847
2853
2861
2866
2867
2871
2879
2886
2891
2891
2900
2901
2907
2913
2916
2926
2930
2935
2937
2942
2950
2951
2960
2963
2970
2975
2981
2983
2989
2991
2996
3005
3007
3015
3019
3021
3028
3036
3037
3042
3048
3055
3057
3066
3070
3076
3078
3081
3086
3092
3096
3101
3106
3114
3118
3124
3129
3134
3138
3146
3151
3155
3158
3161
3166
3174
3178
3181
3188
3196
3197
3202
3206
3211
3221
3226
3227
3236
3236
3245
3250
3255
3256
3266
3269
3273
3279
3285
3286
3292
3296
3304
3309
3311
3321
3322
3329
3334
3338
3343
3349
3354
3356
3366
3371
3371
3380
3385
3388
3392
3397
3404
3409
3413
3421
3426
3430
3436
3436
3443
3451
3453
3457
3463
3471
3472
3477
3482
3486
3491
3496
3506
3507
3512
3518
3525
3529
3536
3536
3546
3548
3551
3556
3562
3568
3575
3579
3582
3586
3591
3597
3605
3611
3616
3619
3622
3631
3631
3639
3645
3646
3651
3657
3666
3671
3674
3679
3686
3687
3693
3698
3703
3709
3711
3716
3725
3730
3733
3740
3745
3747
3755
3761
3766
3771
3774
3779
3786
3791
3795
3796
3806
3810
3816
3819
3825
3827
3835
3837
3842
3847
3854
3858
3862
3866
3874
3877
3882
3888
3891
3900
3903
3907
3914
3916
3922
3927
3934
3941
3946
3946
3954
3958
3961
3967
3974
3981
3981
3991
3995
4000
4001
4011
4011
4021
4024
4028
4036
4038
4045
4051
4053
4059
4063
4070
4073
4076
4086
4091
4092
4100
4105
4106
4113
4116
4124
4126
4131
4139
4144
4147
4156
4159
4165
4170
4176
4179
4185
4189
4196
4198
4206
4211
4216
4218
4221
4231
4235
4239
4245
4249
4256
4256
4266
4271
4272
4280
4284
4287
4293
4296
4302
4307
4311
4321
4324
4328
4334
4336
4342
4348
4354
4356
4365
4368
4371
4381
4385
4391
4393
4396
4401
4409
4411
4416
4423
4429
4435
4440
4442
4451
4456
4456
4465
4467
4476
4477
4481
4491
4492
4498
4506
4508
4514
4521
4521
4526
4534
4538
4542
4550
4554
4557
4561
4568
4574
4578
4582
4591
4596
4601
4604
4609
4615
4618
4625
4626
4635
4640
4646
4649
4652
4658
4663
4668
4673
4677
4681
4688
4693
4700
4706
4711
4714
4716
4725
4728
4733
4736
4746
4750
4752
4761
4762
4767
4775
4776
4785
4791
4795
4800
4806
4808
4816
4816
4826
4829
4834
4841
4844
4846
4854
4857
4865
4869
4871
4878
4883
4886
4894
4897
4901
4907
4916
4916
4926
4930
4935
4939
4945
4947
4951
4957
4963
4971
4976
4976
4983
4986
4992
4997
5001
5008
5012
5018
5022
5031
5034
5036
5044
5047
5054
5056
5066
5071
5075
5076
5085
5088
5093
5096
5105
5106
5112
5117
5122
5127
5132
5138
5141
5149
5156
5157
5161
5167
5176
5181
5184
5188
5196
5200
5206
5210
5211
5217
5223
5226
5235
5241
5243
5250
5255
5261
5264
5266
5273
5278
5282
5288
5292
5296
5303
5307
5311
5318
5326
5328
5331
5340
5346
5350
5353
5356
5365
5371
5373
5379
5386
5388
5391
5398
5406
5409
5411
5419
5421
5429
5431
5436
5446
5447
5453
5457
5465
5466
5475
5477
5486
5487
5495
5499
5505
5510
5511
5517
5524
5531
5536
5538
5541
5550
5553
5557
5565
5570
5573
5581
5581
5590
5595
5601
5605
5610
5612
5618
5626
5631
5631
5641
5646
5648
5656
5656
5662
5669
5672
5678
5685
5686
5695
5699
5702
5708
5716
5716
5724
5729
5734
5738
5741
5749
5756
5759
5761
5770
5774
5778
5785
5791
5796
5797
5804
5806
5813
5816
5826
5830
5833
5836
5841
5849
5856
5856
5864
5867
5875
5879
5885
5887
5896
5900
5901
5911
5915
5917
5925
5927
5934
5941
5942
5949
5951
5956
5963
5968
5975
5980
5985
5987
5992
5998
6005
6009
6013
6016
6026
6029
6035
6039
6041
6046
6051
6056
6061
6071
6075
6080
6082
6086
6091
6100
6101
6110
6115
6119
6125
6129
6132
6137
6142
6151
6152
6156
6164
6170
6172
6176
6183
6187
6195
6197
6203
6210
6213
6216
6226
6231
6233
6241
6241
6247
6256
6259
6266
6269
6274
6279
6283
6289
6295
6299
6306
6306
6313
6318
6326
6331
6333
6340
6341
6349
6356
6356
6362
6371
6374
6381
6385
6388
6392
6400
6402
6406
6416
6417
6422
6430
6433
6436
6445
6449
6453
6458
6464
6466
6475
6478
6485
6488
6496
6499
6506
6506
6511
6518
6526
6526
6534
6539
6546
6551
6551
6557
6564
6570
6573
6576
6584
6586
6591
6597
6605
6607
6614
6616
6623
6629
6636
6640
6645
6650
6654
6660
6665
6671
6673
6677
6681
6691
6693
6701
6705
6709
6711
6718
6724
6731
6731
6739
6744
6750
6752
6758
6766
6768
6773
6776
6786
6788
6793
6801
6802
6806
6811
6817
6822
6830
6833
6840
6842
6846
6856
6858
6862
6867
6875
6880
6881
6890
6891
6898
6903
6911
6916
6920
6924
6926
6935
6941
6946
6949
6952
6957
6962
6966
6971
6976
6983
6990
6996
6999
7005
7006
7013
7018
7024
7027
7034
7039
7046
7048
7055
7061
7065
7067
7073
7080
7084
7086
7096
7097
7101
7109
7113
7119
7123
7126
7136
7137
7142
7146
7151
7161
7166
7170
7174
7176
7182
7187
7193
7201
7201
7206
7216
7218
7222
7226
7236
7239
7243
7247
7251
7260
7263
7266
7273
7278
7285
7290
7294
7300
7302
7310
7311
7320
7325
7328
7336
7337
7344
7347
7354
7357
7363
7371
7372
7378
7383
7386
7393
7400
7403
7408
7413
7417
7421
7430
7432
7438
7442
7449
7453
7461
7462
7468
7471
7476
7486
7491
7493
7501
7504
7508
7515
7516
7526
7526
7534
7540
7546
7549
7551
7557
7566
7567
7574
7578
7586
7590
7591
7596
7603
7610
7615
7617
7626
7629
7635
7636
7643
7650
7652
7660
7663
7671
7674
7679
7682
7690
7692
7696
7702
7709
7713
7721
7723
7731
7735
7740
7742
7749
7751
7761
7763
7771
7776
7779
7784
7790
7794
7796
7803
7810
7816
7819
7822
7829
7832
7839
7842
7846
7855
7858
7862
7867
7875
7881
7881
7891
7893
7898
7906
7911
7914
7917
7921
7931
7932
7938
7941
7946
7954
7961
7962
7969
7974
7980
7985
7990
7994
8000
8003
8011
8016
8018
8021
8031
8032
8038
8042
8046
8053
8056
8066
8070
8071
8080
8086
8088
8093
8101
8104
8107
8116
8120
8123
8126
8133
8136
8141
8151
8154
8159
8162
8167
8171
8179
8186
8191
8196
8200
8202
8211
8212
8221
8224
8228
8236
8239
8241
8251
8255
8261
8264
8271
8271
8281
8286
8289
8294
8301
8304
8306
8313
8321
8324
8327
8332
8336
8341
8347
8353
8357
8361
8369
8371
8377
8386
8387
8393
8400
8403
8406
8415
8416
8425
8427
8435
8439
8446
8449
8455
8459
8465
8470
8471
8480
8482
8489
8495
8497
8501
8508
8515
8517
8523
8528
8535
8541
8544
8546
8552
8556
8563
8571
8573
8581
8586
8587
8591
8600
8602
8610
8612
8617
8625
8626
8632
8636
8642
8650
8653
8659
8661
8669
8673
8679
8684
8689
8696
8698
8706
8708
8714
8717
8725
8728
8731
8738
8743
8748
8754
8758
8763
8768
8775
8780
8785
8786
8791
8798
8806
8809
8813
8819
8821
8829
8835
8840
8846
8847
8853
8860
8863
8868
8876
8881
8883
8890
8893
8897
8903
8910
8914
8919
8924
8929
8935
8940
8944
8947
8956
8959
8961
8968
8975
8980
8982
8986
8996
8999
9006
9010
9015
9018
9026
9027
9036
9038
9042
9050
9055
9057
9061
9066
9071
9078
9086
9088
9093
9101
9106
9111
9115
9119
9122
9129
9134
9138
9145
9150
9152
9157
9161
9170
9172
9181
9183
9191
9191
9199
9201
9206
9215
9218
9222
9230
9231
9241
9244
9249
9254
9260
9261
9266
9275
9281
9284
9291
9292
9300
9306
9306
9316
9318
9321
9326
9334
9338
9346
9346
9355
9357
9362
9370
9372
9378
9382
9387
9393
9397
9403
9409
9416
9418
9425
9429
9431
9441
9443
9446
9453
9460
9465
9468
9472
9478
9486
9487
9493
9499
9501
9510
9514
9516
9525
9526
9532
9541
9541
9548
9551
9561
9565
9566
9573
9581
9582
9588
9596
9598
9603
9610
9616
9621
9624
9629
9636
9640
9646
9647
9655
9657
9664
9668
9674
9678
9683
9687
9694
9701
9703
9709
9713
9716
9725
9729
9732
9739
9741
9748
9754
9759
9762
9770
9774
9779
9785
9786
9791
9797
9801
9808
9816
9821
9823
9830
9835
9841
9842
9851
9855
9856
9863
9868
9873
9877
9884
9891
9893
9899
9905
9908
9913
9917
9925
9926
9936
9938
9941
9947
9952
9960
9963
9967
9973
9979
9983
9986
9996
9998
10004
10008
10015
10019
10024
10030
10031
10037
10044
10051
10053
10056
10065
10067
10071
10081
10083
10090
10096
10101
10101
10106
10113
10117
10122
10127
10136
10137
10141
10149
10156
10158
10161
10170
10176
10180
10184
10188
10192
10197
10206
10211
10215
10220
10226
10230
10234
10238
10243
10249
10254
10256
10261
10267
10273
10280
10284
10287
10294
10299
10302
10307
10312
10316
10326
10327
10335
10336
10345
10348
10354
10359
10363
10371
10376
10378
10383
10389
10392
10397
10404
10406
10416
10416
10421
10429
10432
10437
10444
10450
10451
10459
10464
10467
10471
10478
10482
10489
10492
10499
10503
10506
10516
10520
10521
10526
10532
10536
10544
10551
10555
10556
10563
10568
10572
10578
10584
10588
10595
10596
10605
10610
10611
10620
10622
10631
10634
10638
10642
10650
10652
10659
10664
10666
10674
10678
10683
10688
10693
10698
10702
10708
10715
10716
10725
10727
10736
10739
10742
10751
10751
10757
10761
10767
10774
10781
10786
10791
10794
10797
10804
10810
10816
10821
10825
10827
10834
10839
10843
10851
10855
10861
10862
10868
10873
10880
10885
10890
10896
10900
10901
10906
10914
10920
10923
10926
10936
10939
10946
10947
10955
10956
10966
10969
10972
10979
10985
10987
10994
10996
11004
11011
11016
11019
11026
11030
11035
11038
11046
11051
11053
11057
11065
11070
11076
11076
11083
11087
11096
11096
11101
11106
11115
11117
11123
11127
11131
11141
11143
11148
11155
11159
11165
11168
11172
11177
11186
11188
11195
11198
11203
11209
11213
11220
11223
11227
11236
11236
11246
11246
11251
11261
11261
11271
11276
11276
11281
11286
11291
11301
11302
11308
11315
11321
11321
11328
11335
11338
11345
11349
11351
11356
11363
11366
11374
11381
11381
11387
11393
11398
11401
11410
11415
11420
11425
11428
11436
11438
11444
11446
11456
11456
11466
11466
11475
11477
11484
11487
11491
11501
11503
11508
11513
11520
11524
11530
11533
11540
11545
11549
11555
11558
11566
11567
11576
11577
11581
11591
11596
11601
11602
11608
11616
11621
11626
11627
11636
11638
11644
11646
11656
11657
11665
11667
11672
11676
11686
11686
11694
11697
11705
11706
11716
11717
11722
11729
11731
11740
11745
11749
11754
11756
11761
11769
11775
11781
11782
11791
11792
11796
11805
11811
11816
11819
11824
11828
11831
11837
11841
11849
11852
11861
11863
11867
11875
11878
11884
11888
11893
11900
11901
11908
11912
11920
11926
11927
11936
11937
11946
11946
11952
11961
11964
11971
11976
11981
11981
11989
11992
11997
12006
12011
12012
12020
12026
12030
12032
12041
12046
12046
12056
12059
12061
12066
12076
12080
12081
12086
12095
12098
12104
12111
12114
12116
12124
12131
12131
12138
12141
12150
12152
12156
12163
12167
12172
12181
12181
12187
12192
12199
12205
12207
12211
12218
12225
12231
12231
12240
12246
12250
12251
12260
12266
12269
12275
12280
12285
12290
12293
12301
12306
12306
12312
12318
12323
12329
12336
12341
12343
12348
12353
12357
12364
12369
12372
12380
12383
12391
12393
12398
12405
12408
12411
12418
12421
12427
12435
12440
12442
12451
12451
12457
12464
12466
12475
12480
12485
12489
12496
12497
12506
12511
12515
12521
12524
12531
12533
12539
12544
12550
12554
12560
12566
12568
12575
12576
12585
12589
12592
12596
12602
12611
12612
12617
12623
12629
12633
12638
12645
12650
12655
12661
12666
12669
12676
12679
12683
12690
12695
12701
12702
12707
12712
12717
12721
12730
12732
12740
12742
12751
12753
12756
12762
12769
12776
12777
12783
12789
12791
12798
12804
12809
12813
12821
12824
12829
12831
12838
12845
12847
12853
12858
12862
12867
12873
12876
12883
12890
12893
12896
12905
12909
12913
12921
12921
12929
12936
12939
12945
12949
12954
12960
12962
12967
12976
12976
12983
12991
12995
12997
13001
13010
13013
13019
13022
13026
13031
13041
13043
13047
13053
13059
13066
13071
13076
13081
13084
13086
13092
13101
13104
13110
13116
13119
13124
13127
13132
13141
13146
13151
13155
13156
13162
13169
13172
13179
13184
13191
13195
13199
13204
13210
13214
13221
13225
13228
13232
13240
13244
13249
13251
13261
13266
13270
13273
13277
13285
13287
13293
13297
13305
13310
13315
13318
13324
13326
13332
13338
13341
13349
13351
13359
13362
13371
13373
13379
13385
13391
13396
13400
13403
13410
13412
13420
13424
13430
13432
13436
13444
13451
13456
13458
13465
13469
13476
13480
13486
13486
13495
13498
13502
13506
13512
13518
13526
13528
13533
13541
13541
13546
13552
13556
13564
13567
13574
13577
13581
13587
13593
13600
13604
13611
13615
13620
13622
13628
13636
13641
13644
13646
13651
13656
13662
13666
13676
13680
13683
13689
13691
13697
13702
13708
13714
13716
13724
13727
13731
13741
13741
13746
13751
13760
13765
13768
13772
13776
13782
13791
13792
13799
13801
13808
13813
13820
13825
13826
13831
13839
13845
13851
13853
13861
13866
13871
13875
13878
13884
13888
13895
13900
13901
13910
13916
13917
13921
13929
13935
13936
13942
13949
13953
13957
13965
13967
13971
13981
13985
13986
13992
14000
14004
14010
14015
14018
14023
14027
14034
14041
14041
14047
14051
14057
14066
14066
14071
14076
14085
14089
14091
14097
14104
14109
14114
14118
14123
14127
14136
14138
14141
14150
14156
14156
14162
14168
14176
14180
14184
14190
14193
14199
14203
14208
14215
14217
14226
14229
14231
14241
14243
14246
14252
14261
14261
14271
14272
14278
14286
14290
14294
14301
14302
14307
14316
14318
14324
14327
14332
14340
14345
14346
14351
14361
14363
14366
14372
14378
14385
14388
14391
14396
14402
14406
14412
14419
14424
14428
14432
14438
14443
14448
14452
14461
14465
14469
14471
14478
14482
14486
14494
14501
14505
14510
14511
14521
14524
14527
14534
14538
14545
14549
14553
14558
14566
14570
14574
14580
14582
14589
14591
14599
14604
14606
14616
14617
14623
14628
14631
14640
14645
14649
14655
14660
14666
14670
14676
14680
14682
14690
14692
14699
14704
14711
14711
14720
14726
14729
14734
14740
14742
14749
14755
14756
14764
14768
14772
14778
14782
14787
14792
14797
14805
14811
14813
14821
14823
14827
14836
14837
14843
14847
14851
14859
14865
14869
14873
14879
14882
14891
14894
14900
14901
14910
14914
14918
14925
14927
14935
14941
14944
14950
14955
14961
14963
14967
14974
14981
14985
14987
14994
14999
15002
15011
15011
15016
15023
15031
15031
15039
15046
15050
15053
15056
15066
15070
15071
15079
15081
15090
15096
15099
15103
15107
15111
15117
15124
15129
15133
15140
15141
15146
15153
15156
15163
15167
15173
15180
15185
15191
15192
15201
15203
15208
15213
15216
15224
15226
15235
15239
15245
15247
15255
15259
15266
15266
15272
15281
15283
15289
15293
15298
15303
15310
15313
15317
15323
15326
15335
15339
15345
15349
15354
15359
15364
15368
15373
15378
15384
15386
15391
15396
15403
15406
15412
15420
15425
15428
15436
15441
15445
15448
15453
15460
15464
15467
15473
15476
15486
15490
15495
15496
15502
15508
15512
15519
15523
15529
15536
15536
15546
15548
15554
15556
15562
15571
15571
15579
15586
15591
15596
15597
15601
15606
15611
15619
15624
15627
15635
15639
15642
15650
15653
15657
15661
15671
15674
15680
15681
15691
15691
15697
15702
15710
15714
15721
15725
15728
15733
15741
15742
15748
15756
15757
15765
15768
15775
15776
15781
15788
15791
15797
15802
15811
15811
15819
15824
15830
15831
15839
15841
15849
15852
15861
15866
15869
15872
15881
15886
15890
15896
15901
15904
15907
15915
15917
15924
15929
15932
15940
15942
15949
15952
15956
15966
15968
15973
15976
15985
15986
15995
16000
16002
16009
16016
16016
16025
16028
16031
16038
16046
16046
16052
16061
16064
16068
16074
16078
16084
16090
16094
16101
16105
16109
16116
16117
16124
16129
16136
16141
16146
16150
16154
16161
16164
16166
16173
16179
16181
16189
16192
16201
16202
16209
16215
16219
16224
16227
16236
16238
16244
16248
16255
16258
16262
16269
16274
16278
16286
16289
16293
16296
16304
16306
16312
16318
16323
16328
16334
16339
16343
16349
16353
16358
16365
16367
16372
16377
16385
16390
16393
16397
16402
16410
16412
16416
16423
16428
16433
16437
16446
16450
16452
16459
16466
16468
16473
16481
16484
16489
16493
16497
16501
16510
16512
16520
16523
16529
16535
16536
16546
16551
16553
16557
16564
16570
16572
16577
16581
16589
16595
16599
16601
16610
16613
16617
16626
16628
16633
16639
16646
16646
16653
16658
16666
16668
16672
16680
16684
16687
16693
16700
16701
16707
16716
16720
16726
16728
16734
16741
16744
16751
16756
16761
16762
16769
16771
16778
16783
16791
16791
16800
16805
16807
16816
16816
16824
16828
16834
16838
16844
16849
16851
16859
16861
16871
16872
16880
16881
16890
16891
16899
16903
16911
16911
16918
16921
16929
16936
16936
16943
16949
16951
16959
16962
16970
16976
16980
16981
16991
16991
16998
17005
17010
17012
17016
17025
17031
17032
17039
17045
17047
17052
17056
17066
17070
17073
17081
17086
17090
17095
17099
17105
17108
17113
17120
17124
17126
17132
17140
17145
17150
17152
17158
17162
17170
17176
17178
17182
17191
17191
17196
17202
17210
17215
17220
17225
17229
17233
17239
17243
17247
17256
17259
17265
17268
17272
17279
17284
17286
17291
17300
17306
17308
17313
17321
17324
17328
17333
17337
17346
17348
17355
17358
17366
17370
17376
17376
17381
17388
17395
17397
17402
17407
17412
17421
17421
17427
17431
17436
17446
17449
17455
17456
17462
17470
17476
17476
17483
17491
17492
17500
17503
17507
17512
17520
17523
17528
17531
17540
17541
17551
17553
17560
17562
17566
17571
17579
17582
17589
17594
17599
17601
17610
17614
17618
17626
17631
17633
17640
17644
17650
17651
17656
17665
17668
17674
17676
17685
17686
17695
17701
17706
17708
17711
17718
17722
17730
17735
17736
17745
17750
17752
17758
17764
17771
17776
17780
17782
17788
17792
17796
17804
17808
17813
17816
17825
17831
17835
17839
17843
17847
17852
17858
17862
17866
17872
17878
17881
17891
17893
17898
17902
17910
17913
17918
17921
17927
17931
17941
17945
17947
17955
17959
17964
17966
17975
17981
17986
17987
17992
17996
18006
18010
18014
18019
18021
18026
18036
18038
18046
18050
18056
18056
18066
18069
18074
18077
18084
18086
18096
18096
18101
18111
18111
18118
18123
18129
18134
18141
18144
18149
18156
18156
18165
18171
18171
18177
18181
18190
18196
18197
18206
18210
18211
18219
18226
18230
18233
18238
18241
18249
18254
18258
18264
18270
18275
18276
18281
18290
18295
18299
18302
18306
18315
18318
18322
18329
18333
18340
18345
18347
18351
18361
18361
18367
18373
18378
18386
18387
18393
18400
18403
18410
18416
18417
18426
18430
18435
18441
18443
18449
18451
18456
18461
18469
18471
18480
18481
18491
18491
18498
18505
18508
18512
18517
18522
18528
18532
18539
18546
18549
18551
18561
18562
18571
18571
18576
18585
18586
18592
18601
18604
18610
18614
18619
18622
18626
18635
18638
18645
18647
18653
18659
18665
18669
18672
18680
18685
18691
18696
18700
18704
18707
18715
18717
18724
18730
18735
18737
18741
18747
18751
18756
18763
18768
18776
18781
18785
18789
18794
18796
18806
18807
18811
18818
18823
18827
18833
18836
18844
18850
18854
18858
18862
18866
18871
18877
18883
18887
18891
18900
18902
18907
18916
18918
18922
18931
18931
18936
18943
18949
18952
18958
18964
18967
18975
18980
18985
18989
18993
18996
19001
19008
19015
19019
19024
19027
19031
19040
19042
19049
19055
19060
19063
19071
19073
19077
19085
19091
19094
19097
19102
19106
19112
19116
19125
19130
19136
19141
19144
19149
19156
19159
19161
19169
19176
19180
19181
19187
19193
19198
19205
19211
19213
19220
19222
19230
19236
19237
19242
19247
19255
19258
19264
19266
19273
19280
19282
19287
19292
19298
19304
19307
19313
19318
19321
19328
19333
19338
19344
19348
19356
19361
19366
19366
19373
19379
19386
19390
19395
19399
19401
19411
19413
19416
19426
19428
19434
19437
19445
19450
19456
19456
19463
19469
19476
19477
19485
19487
19492
19501
19502
19508
19512
19519
19522
19531
19533
19540
19542
19549
19551
19559
19566
19570
19571
19578
19581
19586
19594
19597
19606
19607
19613
19617
19625
19631
19635
19638
19642
19646
19652
19659
19662
19666
19673
19678
19682
19690
19694
19697
19704
19711
19713
19719
19726
19726
19732
19736
19744
19750
19754
19759
19766
19771
19776
19777
19781
19788
19794
19799
19803
19809
19816
19820
19823
19827
19831
19840
19841
19848
19852
19857
19865
19867
19873
19879
19882
19891
19892
19897
19906
19909
19913
19917
19925
19926
19932
19936
19943
19948
19951
19957
19966
19968
19974
19980
19983
19991
19992
19996
20006
20008
20016
20018
20026
20029
20032
20041
20041
20051
20051
20057
20064
20068
20074
20076
20081
20089
20095
20096
20102
20109
20111
20117
20121
20131
20133
20136
20144
20148
20156
20159
20165
20169
20176
20178
20186
20189
20192
20198
20201
20206
20216
20221
20226
20231
20234
20239
20243
20251
20253
20261
20261
20266
20273
20279
20285
20286
20291
20300
20305
20306
20311
20321
20325
20329
20332
20338
20346
20349
20353
20358
20362
20371
20372
20381
20384
20387
20392
20397
20404
20408
20413
20416
20425
20430
20435
20437
20443
20449
20456
20460
20463
20467
20472
20480
20481
20487
20491
20501
20503
20507
20512
20521
20526
20531
20534
20536
20546
20547
20554
20556
20563
20566
20573
20578
20581
20588
20596
20597
20606
20611
20613
20617
20625
20630
20634
20636
20643
20651
20655
20656
20663
20667
20671
20676
20681
20686
20696
20698
20703
20706
20712
20719
20723
20727
20731
20736
20746
20750
20751
20759
20761
20771
20773
20778
20781
20789
20792
20800
20806
20806
20813
20817
20821
20830
20833
20836
20843
20846
20854
20861
20865
20869
20876
20878
20885
20886
20893
20901
20903
20906
20915
20919
20924
20931
20933
20937
20941
20950
20955
20956
20961
20971
20972
20980
20985
20989
20995
20996
21001
21011
21016
21020
21026
21026
21036
21036
21043
21051
21054
21059
21063
21068
21075
21077
21083
21088
21094
21100
21101
21110
21114
21120
21121
21129
21135
21141
21143
21149
21153
21160
21165
21170
21173
21176
21182
21187
21191
21196
21202
21210
21214
21221
21226
21228
21234
21241
21246
21248
21253
21257
21266
21266
21272
21277
21286
21287
21295
21301
21303
21306
21312
21317
21325
21330
21336
21341
21344
21349
21356
21358
21361
21366
21375
21378
21382
21390
21394
21398
21402
21410
21415
21419
21421
21431
21435
21438
21443
21451
21454
21456
21464
21471
21474
21477
21484
21491
21494
21496
21505
21506
21511
21521
21524
21530
21536
21541
21545
21548
21552
21557
21563
21571
21572
21577
21583
21587
21594
21601
21606
21607
21615
21618
21624
21628
21635
21637
21644
21650
21653
21658
21664
21671
21674
21679
21685
21688
21694
21698
21706
21709
21713
21716
21725
21726
21732
21737
21745
21748
21751
21760
21761
21768
21773
21776
21783
21790
21792
21796
21802
21808
21811
21817
21823
21830
21832
21837
21844
21846
21853
21859
21865
21870
21872
21880
21883
21886
21896
21897
21906
21910
21913
21921
21925
21930
21933
21939
21943
21946
21956
21960
21966
21966
21972
21981
21982
21989
21996
22000
22006
22009
22015
22018
22024
22030
22036
22038
22044
22047
22055
22061
22065
22070
22073
22077
22086
22087
22094
22099
22103
22109
22114
22118
22122
22130
22133
22137
22145
22146
22152
22158
22166
22168
22173
22178
22186
22188
22195
22196
22206
22208
22215
22220
22225
22229
22232
22236
22243
22251
22255
22260
22261
22270
22276
22278
22285
22288
22295
22297
22301
22308
22311
22316
22321
22330
22334
22340
22343
22347
22353
22356
22366
22371
22373
22379
22382
22390
22396
22400
22402
22410
22416
22419
22424
22426
22431
22440
22446
22446
22454
22457
22466
22466
22472
22479
22485
22488
22493
22497
22506
22509
22512
22518
22521
22529
22535
22540
22542
22548
22551
22556
22566
22571
22575
22576
22585
22586
22593
22600
22605
22609
22615
22621
22623
22629
22631
22638
22646
22650
22654
22658
22662
22671
22674
22678
22682
22690
22691
22700
22704
22707
22715
22720
22726
22726
22731
22737
22742
22750
22751
22761
22761
22768
22775
22780
22784
22789
22794
22799
22805
22807
22811
22817
22824
22826
22833
22839
22842
22849
22855
22859
22863
22867
22875
22880
22881
22891
22895
22897
22901
22909
22913
22918
22926
22927
22934
22941
22945
22949
22956
22957
22962
22969
22976
22976
22981
22988
22993
22998
23001
23008
23014
23016
23025
23029
23035
23036
23041
23047
23052
23056
23062
23066
23072
23079
23086
23089
23094
23101
23102
23111
23115
23117
23122
23129
23136
23141
23146
23148
23156
23159
23165
23171
23173
23180
23181
23191
23191
23201
23205
23210
23212
23218
23224
23228
23235
23239
23245
23249
23254
23259
23266
23268
23272
23279
23282
23288
23296
23301
23306
23309
23312
23320
23325
23327
23332
23339
23346
23350
23355
23356
23366
23368
23373
23381
23386
23387
23394
23396
23401
23409
23415
23421
23425
23428
23433
23439
23443
23451
23451
23461
23466
23469
23475
23479
23485
23488
23493
23500
23506
23509
23511
23518
23522
23531
23534
23538
23544
23551
23555
23558
23561
23566
23573
23579
23586
23587
23594
23599
23606
23610
23615
23619
23622
23628
23634
23637
23644
23646
23652
23657
23661
23666
23671
23678
23686
23687
23691
23699
23702
23711
23716
23718
23721
23731
23736
23740
23741
23750
23752
23757
23764
23771
23775
23779
23786
23790
23793
23799
23802
23807
23811
23819
23822
23831
23831
23837
23842
23851
23853
23860
23866
23867
23871
23877
23884
23890
23894
23897
23902
23910
23911
23918
23923
23927
23936
23939
23942
23949
23956
23956
23961
23967
23975
23981
23984
23990
23994
24000
24004
24008
24011
24017
24024
24026
24032
24040
24041
24049
24056
24056
24066
24066
24074
24079
24086
24087
24096
24097
24102
24107
24113
24119
24124
24128
24133
24138
24144
24150
24153
24159
24161
24170
24173
24179
24186
24191
24191
24199
24205
24211
24216
24219
24224
24231
24231
24241
24243
24248
24255
24257
24261
24269
24273
24276
24286
24289
24295
24299
24305
24309
24316
24320
24323
24327
24336
24337
24341
24347
24352
24358
24366
24371
24374
24379
24386
24391
24394
24397
24406
24408
24412
24418
24425
24427
24436
24437
24441
24449
24453
24456
24462
24470
24471
24479
24482
24491
24494
24499
24505
24509
24514
24518
24524
24531
24533
24536
24544
24549
24555
24556
24562
24568
24571
24578
24581
24590
24596
24598
24601
24609
24612
24620
24626
24630
24631
24637
24642
24648
24656
24656
24664
24667
24674
24678
24684
24687
24696
24700
24704
24711
24712
24720
24724
24727
24733
24740
24741
24750
24752
24757
24763
24770
24772
24779
24782
24788
24793
24799
24803
24807
24814
24818
24824
24828
24834
24840
24843
24846
24851
24861
24861
24866
24871
24880
24885
24889
24895
24899
24902
24908
24911
24916
24921
24927
24935
24936
24946
24949
24952
24956
24961
24966
24971
24981
24984
24991
24995
24998
25005
25010
25012
25017
25026
25027
25035
25041
25044
25049
25056
25058
25064
25067
25074
25080
25081
25089
25094
25099
25101
25108
25113
25117
25126
25131
25134
25136
25145
25147
25153
25156
25162
25167
25173
25176
25183
25190
25196
25199
25203
25209
25212
25219
25221
25230
25231
25241
25244
25249
25253
25256
25264
25268
25276
25279
25285
25289
25295
25301
25303
25309
25311
25320
25326
25328
25332
25336
25344
25347
25351
25359
25365
25369
25373
25376
25381
25387
25395
25396
25401
25406
25413
25418
25421
25428
25434
25440
25442
25451
25455
25459
25464
25468
25471
25477
25485
25491
25496
25501
25503
25508
25512
25518
25523
25529
25536
25536
25546
25548
25551
25556
25566
25570
25571
25579
25583
25589
25596
25598
25606
25609
25615
25616
25621
25628
25635
25641
25644
25646
25651
25661
25665
25669
25673
25677
25681
25686
25691
25700
25703
25711
25716
25718
25724
25727
25731
25740
25746
25751
25752
25756
25765
25770
25775
25778
25781
25791
25793
25796
25804
25808
25816
25821
25825
25828
25831
25836
25843
25850
25852
25856
25863
25866
25876
25876
25882
25886
25892
25900
25902
25909
25915
25920
25926
25928
25932
25938
25946
25946
25956
25960
25964
25968
25971
25981
25981
25988
25991
25999
26006
26009
26014
26021
26021
26028
26032
26041
26041
26047
26056
26058
26063
26071
26071
26079
26081
26091
26094
26101
26101
26108
26113
26117
26126
26127
26132
26137
26146
26147
26154
26159
26162
26171
26175
26180
26184
26190
26196
26201
26204
26209
26215
26219
26222
26230
26235
26240
26243
26247
26254
26257
26261
26271
26272
26280
26281
26287
26295
26299
26304
26306
26312
26318
26321
26330
26333
26340
26343
26351
26355
26361
26366
26369
26373
26376
26383
26390
26391
26398
26406
26409
26416
26419
26426
26431
26435
26439
26446
26450
26454
26459
26461
26466
26471
26477
26486
26488
26495
26497
26502
26511
26516
26517
26526
26527
26533
26540
26545
26547
26552
26561
26566
26571
26572
26578
26585
26590
26595
26597
26606
26611
26616
26618
26623
26627
26632
26640
26645
26650
26652
26658
26665
26667
26672
26679
26684
26691
26693
26700
26706
26708
26715
26721
26725
26731
26731
26739
26745
26747
26756
26758
26763
26767
26772
26781
26781
26791
26796
26796
26806
26806
26813
26820
26825
26829
26835
26839
26844
26847
26851
26856
26865
26870
26874
26878
26883
26887
26892
26901
26905
26909
26916
26916
26922
26930
26934
26940
26946
26946
26951
26958
26961
26969
26976
26980
26983
26986
26996
27001
27004
27011
27016
27019
27023
27030
27031
27039
27042
27046
27054
27060
27064
27069
27076
27077
27081
27087
27091
27098
27106
27110
27116
27116
27121
27126
27133
27141
27142
27146
27156
27160
27164
27166
27172
27176
27185
27186
27195
27196
27202
27207
27216
27217
27224
27228
27233
27241
27245
27250
27251
27261
27262
27271
27273
27279
27281
27289
27293
27296
27303
27309
27311
27319
27322
27330
27332
27338
27341
27348
27355
27361
27365
27370
27371
27376
27384
27388
27391
27396
27402
27411
27415
27421
27425
27426
27435
27440
27442
27448
27456
27458
27461
27470
27474
27480
27483
27490
27494
27496
27504
27510
27516
27516
27526
27526
27533
27537
27546
27548
27555
27558
27566
27568
27572
27581
27583
27591
27596
27600
27605
27606
27614
27616
27625
27627
27631
27637
27646
27646
27656
27658
27661
27670
27675
27678
27684
27688
27694
27698
27701
27706
27715
27721
27721
27728
27735
27736
27741
27747
27752
27757
27765
27766
27776
27777
27786
27791
27792
27798
27806
27806
27812
27819
27821
27828
27831
27840
27844
27850
27851
27857
27863
27867
27872
27876
27883
27890
27893
27898
27901
27907
27912
27917
27923
27929
27934
27940
27943
27949
27951
27959
27962
27971
27972
27976
27985
27987
27991
27997
28002
28009
28011
28017
28022
28028
28031
28040
28044
28049
28056
28057
28066
28067
28073
28080
28083
28091
28096
28098
28104
28109
28114
28120
28122
28128
28136
28138
28141
28146
28154
28156
28163
28170
28175
28181
28183
28191
28194
28197
28202
28206
28216
28219
28225
28230
28231
28239
28245
28249
28254
28261
28264
28270
28271
28276
28286
28291
28295
28298
28305
28306
28316
28318
28325
28329
28334
28341
28344
28347
28356
28358
28361
28368
28376
28380
28381
28388
28396
28398
28406
28406
28411
28419
28422
28428
28431
28439
28441
28451
28454
28458
28461
28466
28474
28480
28482
28489
28495
28496
28503
28511
28515
28521
28526
28529
28536
28537
28542
28549
28554
28556
28561
28569
28571
28576
28585
28587
28592
28601
28605
28607
28613
28617
28624
28630
28635
28641
28645
28651
28656
28658
28665
28668
28672
28677
28685
28688
28694
28697
28703
28709
28714
28717
28722
28729
28731
28741
28745
28747
28756
28758
28766
28766
28771
28781
28781
28786
28794
28801
28801
28811
28812
28817
28824
28828
28832
28840
28846
28851
28851
28856
28864
28866
28873
28876
28883
28891
28894
28897
28904
28908
28912
28918
28922
28926
28932
28940
28944
28948
28952
28959
28962
28966
28971
28977
28984
28990
28992
29001
29002
29006
29016
29020
29022
29027
29031
29040
29042
29048
29055
29060
29061
29069
29071
29078
29084
29088
29096
29101
29104
29106
29112
29116
29121
29126
29133
29139
29143
29148
29153
29161
29162
29168
29175
29177
29182
29189
29196
29198
29202
29207
29212
29219
29225
29229
29236
29241
29245
29250
29256
29260
29263
29269
29275
29276
29283
29288
29293
29300
29304
29307
29312
29321
29321
29329
29334
29340
29342
29348
29354
29359
29361
29366
29373
29378
29381
29388
29394
29400
29404
29406
29414
29416
29425
29431
29431
29439
29443
29447
29452
29458
29466
29467
29473
29479
29482
29490
29494
29499
29502
29509
29512
29521
29524
29526
29535
29540
29546
29547
29553
29560
29563
29566
29573
29581
29585
29586
29592
29599
29605
29610
29612
29619
29622
29627
29634
29637
29644
29647
29653
29659
29661
29671
29671
29681
29683
29689
29696
29701
29702
29706
29711
29719
29726
29730
29734
29738
29741
29748
29752
29759
29765
29767
29772
29777
29781
29787
29792
29800
29802
29811
29814
29821
29826
29826
29836
29839
29845
29847
29853
29860
29862
29871
29876
29880
29882
29889
29895
29897
29902
29910
29916
29921
29925
29929
29932
29939
29946
29946
29953
29961
29966
29966
29975
29977
29984
29990
29996
30000
