1
10
15
18
23
30
36
38
42
49
54
61
64
69
75
81
81
89
92
100
101
106
112
116
123
130
131
139
146
151
154
157
164
171
175
181
184
188
194
197
203
208
211
221
225
231
231
236
245
248
256
258
265
270
271
276
282
288
296
300
304
306
315
320
326
327
335
336
346
350
352
361
362
371
372
381
384
386
395
401
401
407
416
417
421
426
432
437
444
449
455
459
461
466
472
480
486
490
496
498
502
508
516
518
522
530
534
539
544
550
552
558
562
571
571
580
585
590
593
598
603
611
612
619
621
631
631
636
645
647
654
657
666
666
674
680
685
689
693
700
705
708
715
717
722
728
733
740
746
751
752
757
763
768
772
780
783
787
795
800
802
806
814
817
826
831
832
839
843
851
856
861
861
871
874
877
886
886
891
898
902
907
911
916
925
928
936
941
941
946
953
958
964
969
975
981
982
988
991
999
1004
1010
1015
1020
1023
1028
1033
1041
1043
1048
1056
1061
1062
1069
1072
1080
1086
1087
1092
1097
1103
1107
1114
1116
1126
1129
1132
1138
1142
1149
1151
1160
1163
1170
1176
1177
1184
1189
1195
1199
1204
1211
1215
1220
1224
1229
1233
1238
1245
1246
1253
1259
1263
1266
1274
1280
1285
1289
1291
1301
1304
1310
1316
1320
1323
1327
1331
1341
1343
1348
1352
1361
1366
1366
1374
1381
1385
1390
1394
1399
1402
1406
1414
1419
1422
1426
1436
1436
1443
1450
1456
1459
1462
1471
1471
1478
1483
1486
1492
1499
1505
1506
1512
1520
1523
1530
1534
1539
1544
1547
1556
1558
1562
1571
1573
1578
1584
1586
1591
1596
1606
1610
1613
1616
1624
1631
1633
1637
1642
1649
1651
1658
1662
1668
1675
1681
1681
1691
1693
1696
1704
1708
1715
1721
1726
1727
1735
1739
1744
1746
1753
1760
1766
1768
1776
1778
1781
1786
1791
1799
1806
1811
1811
1816
1823
1827
1831
1840
1843
1846
1851
1857
1864
1870
1873
1877
1881
1886
1895
1897
1904
1911
1911
1920
1923
1929
1936
1938
1943
1950
1955
1959
1964
1968
1976
1977
1984
1986
1994
1998
2005
2011
2014
2018
2025
2030
2031
2039
2045
2050
2051
2060
2063
2070
2075
2081
2085
2086
2094
2101
2103
2110
2112
2117
2121
2131
2132
2138
2144
2148
2151
2161
2162
2171
2173
2179
2181
2186
2191
2196
2205
2208
2211
2220
2226
2227
2235
2236
2241
2247
2252
2260
2261
2270
2272
2276
2286
2289
2293
2296
2302
2310
2311
2321
2322
2326
2336
2341
2342
2351
2354
2360
2365
2371
2371
2379
2383
2388
2392
2400
2405
2406
2415
2418
2425
2426
2431
2438
2443
2449
2451
2461
2463
2466
2475
2479
2482
2486
2494
2500
2506
2509
2515
2517
2523
2530
2536
2536
2543
2551
2552
2561
2566
2569
2575
2581
2585
2588
2593
2599
2605
2606
2612
2616
2622
2631
2636
2638
2641
2649
2651
2656
2664
2671
2675
2678
2686
2691
2696
2701
2704
2706
2716
2719
2724
2727
2735
2741
2746
2746
2751
2757
2762
2770
2776
2778
2784
2786
2796
2798
2803
2808
2815
2816
2824
2830
2836
2836
2841
2847
2856
2858
2866
2866
2872
2881
2882
2889
2896
2900
2901
2910
2916
2921
2925
2930
2934
2940
2941
2950
2955
2959
2965
2969
2975
2979
2981
2990
2991
2999
3005
3008
3012
3021
3023
3029
3035
3037
3042
3048
3053
3059
3065
3067
3076
3080
3082
3086
3096
3100
3104
3108
3112
3116
3126
3126
3136
3138
3142
3149
3154
3160
3162
3170
3174
3181
3184
3188
3196
3200
3202
3207
3212
3219
3224
3231
3231
3237
3243
3251
3255
3260
3261
3268
3275
3277
3283
3289
3292
3298
3303
3307
3312
3319
3321
3329
3332
3336
3345
3349
3354
3359
3364
3371
3374
3376
3383
3388
3394
3398
3405
3409
3415
3419
3425
3428
3431
3436
3442
3451
3456
3456
3463
3470
3476
3481
3483
3489
3492
3499
3502
3506
3516
3521
3522
3529
3535
3539
3543
3547
3554
3560
3562
3568
3576
3578
3581
3586
3593
3597
3604
3607
3611
3618
3621
3626
3632
3637
3642
3649
3654
3656
3661
3668
3673
3678
3683
3687
3695
3697
3702
3711
3714
3716
3725
3730
3735
3741
3744
3750
3755
3759
3763
3769
3775
3781
3786
3787
3794
3799
3801
3811
3812
3820
3826
3828
3831
3837
3841
3851
3853
3861
3866
3871
3871
3876
3882
3888
3892
3897
3902
3906
3913
3917
3922
3931
3935
3939
3943
3951
3955
3958
3965
3968
3971
3979
3985
3986
3992
3999
4002
4007
4015
4018
4024
4031
4034
4037
4043
4048
4056
4057
4062
4066
4071
4077
4085
4087
4093
4100
4104
4109
4111
4116
4121
4128
4135
4141
4146
4146
4154
4157
4161
4168
4174
4179
4181
4188
4193
4198
4202
4209
4216
4219
4226
4228
4231
4240
4245
4249
4254
4256
4266
4266
4274
4279
4281
4291
4295
4299
4305
4307
4311
4319
4322
4327
4332
4336
4342
4351
4355
4360
4364
4371
4374
4379
4382
4388
4394
4400
4405
4407
4414
4420
4421
4430
4431
4439
4444
4446
4454
4461
4465
4466
4473
4480
4486
4489
4492
4499
4503
4510
4511
4517
4523
4526
4536
4537
4545
4546
4551
4561
4563
4566
4573
4581
4586
4589
4593
4601
4605
4608
4614
4618
4622
4628
4633
4639
4643
4646
4656
4660
4663
4668
4672
4680
4683
4690
4691
4700
4703
4710
4713
4720
4726
4726
4732
4739
4741
4746
4753
4759
4766
4766
4773
4781
4786
4790
4793
4799
4801
4810
4814
4821
4823
4829
4832
4840
4846
4848
4853
4857
4866
4870
4874
4877
4886
4887
4892
4899
4904
4911
4911
4917
4924
4929
4932
4940
4946
4947
4955
4960
4961
4970
4972
4980
4984
4988
4996
4999
5003
5007
5016
5019
5021
5029
5032
5040
5045
5051
5055
5057
5066
5067
5074
5076
5085
5086
5091
5101
5104
5106
5114
5116
5123
5127
5134
5141
5144
5150
5153
5158
5165
5166
5173
5178
5183
5189
5191
5196
5203
5208
5214
5220
5222
5227
5231
5238
5245
5246
5256
5261
5263
5271
5273
5279
5282
5288
5293
5299
5303
5310
5311
5319
5321
5326
5335
5340
5344
5348
5352
5359
5364
5366
5375
5378
5383
5388
5393
5401
5401
5407
5413
5420
5424
5427
5433
5436
5444
5450
5456
5456
5465
5471
5475
5477
5486
5489
5493
5500
5502
5510
5514
5521
5522
5526
5532
5536
5541
5551
5552
5559
5562
5567
5574
5580
5586
5586
5595
5600
5604
5610
5612
5617
5621
5630
5632
5639
5644
5646
5651
5661
5662
5670
5673
5681
5684
5688
5695
5699
5702
5709
5713
5721
5722
5730
5732
5739
5746
5748
5751
5760
5763
5771
5775
5777
5785
5788
5792
5798
5804
5811
5812
5820
5821
5826
5835
5841
5841
5846
5854
5858
5866
5868
5871
5877
5884
5891
5896
5896
5902
5910
5914
5916
5926
5927
5936
5938
5945
5949
5956
5960
5965
5966
5972
5981
5985
5987
5994
6000
6006
6011
6011
6019
6022
6028
6033
6038
6041
6050
6053
6056
6064
6071
6074
6081
6082
6087
6096
6098
6105
6106
6116
6117
6125
6130
6131
6140
6146
6150
6155
6156
6166
6168
6172
6181
6181
6187
6196
6200
6201
6206
6216
6220
6224
6228
6231
6241
6243
6251
6255
6257
6261
6269
6272
6278
6282
6286
6296
6301
6302
6311
6316
6319
6323
6328
6332
6341
6342
6349
6353
6359
6364
6367
6373
6376
6382
6386
6395
6396
6406
6406
6416
6421
6421
6429
6435
6438
6442
6447
6452
6461
6462
6467
6474
6476
6484
6489
6492
6501
6501
6511
6511
6518
6522
6528
6536
6536
6543
6551
6551
6559
6562
6569
6573
6576
6585
6589
6591
6597
6605
6610
6613
6617
6622
6630
6632
6638
6643
6648
6656
6657
6663
6670
6675
6678
6684
6691
6693
6697
6702
6707
6714
6718
6722
6730
6731
6741
6741
6749
6756
6756
6763
6769
6771
6780
6782
6790
6795
6797
6803
6810
6813
6818
6825
6828
6831
6840
6842
6847
6853
6860
6861
6868
6871
6878
6882
6889
6892
6897
6904
6906
6915
6917
6921
6930
6933
6936
6941
6951
6951
6956
6963
6966
6975
6979
6984
6991
6994
6996
7004
7008
7011
7019
7023
7029
7031
7041
7043
7049
7055
7060
7061
7070
7072
7076
7082
7086
7095
7099
7103
7110
7113
7120
7125
7129
7134
7137
7141
7147
7152
7160
7163
7167
7172
7179
7186
7191
7195
7199
7204
7210
7213
7219
7224
7229
7233
7240
7243
7246
7253
7261
7261
7266
7273
7278
7284
7289
7295
7298
7301
7308
7314
7318
7323
7326
7336
7340
7342
7349
7354
7356
7362
7371
7376
7381
7382
7388
7394
7401
7404
7410
7412
7421
7421
7428
7436
7439
7441
7446
7456
7459
7461
7470
7475
7477
7483
7489
7492
7499
7501
7511
7514
7521
7522
7527
7534
7541
7544
7551
7552
7558
7563
7568
7575
7577
7582
7586
7593
7596
7604
7609
7613
7617
7624
7626
7633
7641
7646
7648
7651
7657
7666
7667
7676
7679
7685
7686
7696
7700
7704
7707
7712
7717
7721
7728
7735
7738
7745
7749
7751
7761
7762
7770
7774
7780
7785
7791
7792
7797
7804
7807
7812
7819
7822
7826
7831
7839
7845
7846
7855
7856
7861
7869
7876
7881
7886
7891
7893
7897
7902
7910
7915
7921
7922
7931
7936
7937
7945
7948
7951
7959
7966
7969
7973
7980
7981
7988
7996
7996
8006
8007
8013
8016
8024
8029
8031
8037
8041
8049
8051
8057
8065
8066
8074
8078
8081
8086
8095
8096
8101
8110
8111
8119
8122
8131
8135
8139
8143
8151
8156
8160
8165
8170
8176
8179
8186
8189
8194
8196
8202
8210
8212
8219
8224
8231
8235
8239
8246
8246
8256
8260
8262
8267
8271
8279
8286
8291
8296
8301
8301
8308
8314
8317
8323
8328
8333
8336
8346
8350
8352
8358
8364
8367
8371
8378
8383
8388
8394
8396
8402
8408
8412
8421
8423
8430
8432
8440
8442
8447
8455
8460
8464
8471
8471
8478
8483
8490
8495
8498
8502
8508
8513
8521
8523
8531
8534
8537
8543
8551
8552
8561
8566
8570
8573
8579
8584
8589
8594
8601
8601
8609
8612
8616
8621
8628
8631
8639
8644
8649
8651
8657
8662
8668
8671
8680
8682
8687
8693
8698
8706
8709
8713
8718
8724
8726
8732
8738
8745
8749
8756
8757
8766
8771
8773
8776
8783
8788
8796
8796
8805
8807
8813
8818
8823
8828
8836
8837
8842
8850
8854
8857
8865
8867
8872
8881
8881
8887
8895
8900
8901
8910
8912
8919
8923
8929
8933
8937
8945
8950
8956
8959
8966
8969
8976
8980
8985
8988
8994
8997
9005
9009
9011
9019
9021
9027
9036
9037
9043
9048
9056
9061
9061
9070
9072
9081
9083
9086
9092
9099
9101
9106
9113
9119
9123
9130
9135
9136
9144
9146
9151
9159
9162
9167
9171
9180
9182
9191
9192
9197
9202
9208
9214
9216
9223
9231
9234
9237
9245
9248
9253
9260
9263
9267
9275
9281
9285
9291
9295
9299
9306
9310
9311
9321
9322
9326
9332
9337
9341
9348
9354
9359
9365
9369
9374
9377
9386
9387
9395
9399
9401
9406
9413
9416
9422
9428
9433
9438
9444
9448
9452
9461
9465
9467
9472
9480
9486
9490
9495
9500
9504
9509
9514
9516
9523
9527
9532
9539
9543
9547
9555
9558
9562
9566
9571
9577
9586
9587
9593
9597
9603
9608
9614
9621
9621
9627
9634
9638
9645
9646
9653
9659
9666
9671
9676
9680
9682
9690
9692
9699
9702
9710
9711
9719
9723
9728
9736
9737
9745
9750
9756
9759
9766
9768
9771
9781
9784
9789
9792
9800
9801
9809
9813
9821
9823
9831
9834
9840
9844
9851
9853
9857
9864
9869
9873
9876
9881
9890
9891
9896
9906
9909
9911
9919
9925
9927
9936
9940
9941
9946
9952
9956
9966
9971
9976
9978
9982
9988
9992
9997
10006
10008
10016
10016
10026
10026
10031
10037
10046
10046
10052
10057
10064
10066
10075
10076
10086
10089
10093
10101
10101
10107
10115
10117
10124
10131
10136
10139
10146
10151
10154
10161
10166
10168
10175
10181
10182
10186
10191
10196
10203
10210
10214
10220
10221
10226
10232
10238
10244
10246
10252
10259
10262
10269
10272
10279
10281
10288
10294
10300
10302
10310
10313
10319
10325
10329
10332
10338
10346
10350
10356
10358
10366
10366
10372
10376
10386
10386
10394
10401
10406
10409
10413
10420
10426
10427
10435
10439
10442
10448
10455
10457
10462
10466
10474
10481
10485
10490
10495
10499
10505
10508
10511
10517
10522
10530
10536
10536
10546
10548
10554
10558
10561
10569
10574
10580
10582
10588
10592
10601
10603
10608
10615
10619
10623
10630
10634
10636
10645
10649
10655
10659
10665
10670
10675
10677
10684
10687
10693
10700
10703
10711
10716
10719
10726
10727
10731
10739
10744
10747
10756
10760
10761
10769
10771
10777
10786
10791
10794
10798
10801
10807
10812
10816
10821
10830
10831
10836
10844
10850
10855
10858
10861
10866
10874
10878
10882
10886
10896
10897
10903
10909
10916
10918
10922
10927
10931
10940
10945
10951
10952
10960
10966
10967
10972
10981
10983
10988
10992
10999
11001
11007
11013
11020
11021
11031
11033
11037
11045
11049
11053
11060
11066
11067
11076
11076
11084
11086
11096
11101
11104
11110
11112
11121
11125
11127
11132
11138
11145
11148
11152
11157
11162
11168
11174
11181
11181
11188
11193
11198
11201
11211
11216
11219
11222
11228
11235
11237
11244
11247
11256
11259
11263
11271
11273
11277
11283
11291
11296
11296
11301
11307
11316
11321
11323
11329
11333
11338
11345
11348
11354
11356
11363
11368
11375
11378
11383
11391
11392
11397
11405
11407
11412
11417
11426
11427
11431
11441
11443
11446
11452
11457
11465
11470
11474
11479
11482
11490
11494
11497
11506
11506
11514
11517
11521
11528
11531
11541
11542
11549
11551
11561
11562
11570
11573
11576
11584
11590
11594
11597
11602
11610
11612
11618
11622
11629
11632
11641
11646
11650
11654
11660
11666
11669
11673
11681
11682
11688
11692
11700
11702
11707
11711
11718
11725
11728
11731
11739
11742
11749
11751
11759
11765
11767
11775
11778
11786
11790
11795
11799
11806
11808
11812
11818
11824
11829
11834
11836
11841
11848
11853
11860
11862
11867
11874
11876
11883
11888
11895
11901
11903
11911
11911
11918
11922
11928
11936
11938
11946
11948
11956
11959
11963
11968
11973
11979
11986
11990
11991
11998
12006
12010
12011
12019
12024
12026
12032
12037
12041
12047
12056
12056
12062
12071
12075
12077
12086
12087
12092
12097
12105
12110
12111
12117
12126
12130
12132
12138
12142
12146
12152
12159
12166
12166
12173
12178
12182
12190
12192
12200
12206
12208
12215
12216
12223
12227
12234
12236
12244
12249
12253
12261
12265
12269
12275
12280
12281
12287
12294
12301
12305
12306
12311
12321
12322
12330
12334
12337
12342
12351
12355
12359
12361
12371
12372
12380
12382
12391
12393
12397
12402
12407
12413
12417
12422
12426
12435
12437
12445
12448
12456
12460
12466
12467
12473
12481
12485
12487
12492
12501
12502
12509
12511
12520
12525
12528
12536
12539
12543
12547
12553
12556
12566
12570
12575
12580
12582
12591
12591
12597
12605
12610
12613
12618
12621
12629
12633
12641
12645
12651
12653
12660
12663
12667
12672
12677
12682
12687
12694
12699
12704
12706
12714
12721
12724
12726
12733
12739
12746
12749
12755
12758
12764
12771
12775
12781
12784
12789
12796
12797
12802
12807
12816
12819
12821
12828
12834
12837
12846
12851
12854
12859
12862
12868
12873
12880
12885
12888
12891
12898
12904
12906
12914
12918
12923
12931
12932
12940
12941
12951
12952
12959
12965
12966
12975
12980
12983
12986
12992
12999
13002
13007
13016
13021
13021
13027
13035
13038
13042
13046
13055
13060
13061
13071
13076
13079
13081
13089
13091
13097
13106
13107
13111
13120
13122
13129
13136
13136
13142
13146
13152
13160
13166
13169
13176
13180
13181
13190
13194
13199
13204
13207
13216
13216
13224
13228
13234
13237
13246
13248
13252
13256
13261
13271
13276
13279
13282
13286
13293
13297
13302
13310
13311
13320
13322
13330
13334
13341
13343
13347
13351
13361
13364
13367
13371
13377
13384
13390
13396
13400
13406
13410
13415
13419
13425
13430
13435
13436
13445
13448
13452
13458
13464
13470
13472
13478
13482
13486
13492
13500
13502
13510
13515
13521
13522
13530
13534
13537
13541
13548
13556
13556
13564
13570
13575
13578
13585
13586
13596
13601
13602
13608
13611
13616
13624
13629
13634
13640
13646
13649
13652
13657
13666
13671
13675
13679
13681
13686
13691
13697
13703
13710
13714
13718
13724
13728
13731
13740
13742
13750
13755
13756
13765
13770
13772
13776
13782
13787
13795
13799
13803
13806
13814
13821
13823
13829
13831
13838
13846
13850
13856
13859
13866
13868
13873
13878
13885
13890
13895
13901
13903
13909
13911
13921
13925
13930
13932
13939
13943
13951
13955
13958
13961
13968
13971
13981
13982
13989
13993
13997
14004
14008
14014
14016
14023
14031
14034
14041
14045
14051
14056
14061
14061
14070
14075
14076
14084
14089
14093
14100
14102
14111
14112
14120
14122
14131
14132
14141
14141
14149
14153
14160
14161
14170
14173
14179
14185
14186
14192
14196
14202
14208
14211
14221
14222
14226
14232
14240
14243
14251
14255
14259
14261
14269
14276
14277
14283
14287
14294
14297
14303
14309
14316
14317
14325
14329
14333
14336
14342
14346
14356
14360
14361
14369
14376
14380
14384
14387
14393
14397
14406
14410
14415
14417
14426
14428
14436
14441
14444
14446
14453
14458
14463
14467
14473
14476
14481
14488
14491
14497
14505
14506
14512
14521
14526
14526
14536
14541
14546
14551
14555
14560
14565
14569
14574
14579
14585
14587
14596
14596
14606
14611
14611
14619
14623
14630
14634
14637
14643
14650
14655
14661
14663
14671
14673
14680
14683
14686
14692
14699
14702
14711
14713
14717
14725
14730
14732
14736
14743
14751
14752
14759
14764
14771
14774
14781
14781
14789
14795
14801
14802
14807
14814
14816
14821
14826
14835
14841
14841
14847
14854
14860
14863
14869
14876
14880
14886
14888
14895
14897
14901
14906
14915
14917
14924
14927
14932
14937
14943
14950
14953
14959
14965
14967
14972
14981
14984
14990
14994
14998
15002
15007
15016
15020
15026
15030
15031
15039
15046
15046
15055
15059
15062
15069
15071
15077
15086
15090
15091
15099
15101
15111
15116
15121
15122
15131
15135
15138
15141
15149
15151
15160
15166
15170
15171
15180
15182
15188
15194
15201
15203
15208
15211
15216
15225
15231
15236
15238
15244
15249
15252
15261
15266
15271
15276
15280
15284
15290
15291
15297
15305
15311
15312
15319
15321
15331
15335
15341
15344
15348
15352
15359
15362
15371
15374
15376
15382
15390
15394
15400
15403
15406
15413
15419
15421
15427
15435
15440
15445
15449
15451
15459
15461
15469
15472
15480
15486
15486
15496
15499
15505
15508
15516
15517
15521
15526
15536
15539
15543
15548
15555
15559
15564
15567
15575
15577
15585
15588
15593
15596
15603
15609
15611
15621
15623
15626
15631
15640
15645
15649
15654
15661
15665
15670
15674
15678
15682
15688
15696
15698
15704
15709
15713
15719
15722
15731
15732
15741
15746
15749
15755
15759
15761
15771
15775
15776
15782
15788
15793
15797
15803
15808
15812
15819
15825
15831
15836
15839
15843
15847
15852
15858
15866
15869
15874
15877
15886
15890
15895
15897
15902
15907
15916
15917
15924
15928
15931
15941
15945
15949
15951
15961
15962
15966
15975
15976
15984
15991
15995
15998
16002
16008
16012
16020
16025
16027
16031
16036
16046
16047
16052
16059
16065
16066
16076
16078
16083
16088
16096
16099
16102
16107
16113
16119
16125
16131
16134
16138
16146
16151
16152
16160
16161
16169
16172
16180
16185
16191
16192
16196
16206
16211
16212
16218
16223
16227
16234
16241
16241
16247
16253
16258
16261
16268
16274
16276
16285
16289
16293
16297
16304
16307
16311
16317
16322
16331
16333
16336
16346
16346
16352
16358
16366
16368
16371
16378
16386
16387
16391
16399
16403
16408
16416
16421
16422
16426
16431
16440
16444
16450
16456
16461
16464
16467
16472
16477
16482
16487
16495
16500
16506
16506
16511
16521
16524
16527
16536
16536
16546
16551
16556
16558
16563
16566
16573
16581
16584
16588
16592
16599
16606
16610
16612
16617
16621
16630
16635
16638
16645
16650
16653
16660
16665
16666
16674
16678
16681
16690
16693
16701
16705
16707
16712
16717
16722
16731
16733
16740
16742
16746
16755
16756
16765
16771
16776
16780
16784
16789
16792
16799
16804
16809
16814
16817
16821
16827
16834
16838
16844
16847
16855
16860
16864
16869
16875
16876
16885
16886
16891
16896
16902
16910
16912
16921
16925
16928
16934
16939
16944
16951
16954
16956
16963
16966
16974
16979
16983
16991
16994
16996
17004
17006
17012
17017
17025
17031
17036
17041
17041
17050
17055
17057
17063
17069
17076
17079
17084
17090
17095
17097
17103
17108
17113
17120
17121
17128
17134
17141
17145
17147
17151
17160
17162
17166
17176
17179
17185
17188
17194
17196
17201
17207
17215
17219
17223
17229
17231
17240
17242
17249
17252
17258
17264
17267
17275
17277
17285
17286
17293
17300
17304
17311
17314
17317
17323
17326
17331
17336
17344
17348
17354
17358
17366
17368
17375
17377
17381
17389
17393
17397
17406
17411
17411
17416
17425
17428
17432
17436
17445
17447
17451
17458
17462
17470
17473
17476
17483
17489
17496
17497
17505
17509
17515
17519
17522
17528
17532
17537
17545
17551
17553
17556
17563
17566
17575
17581
17581
17586
17595
17601
17603
17611
17611
17618
17624
17630
17632
17641
17643
17647
17653
17659
17662
17669
17674
17681
17685
17688
17691
17700
17704
17708
17716
17718
17721
17731
17731
17738
17744
17751
17755
17756
17761
17766
17773
17777
17781
17786
17793
17798
17806
17809
17815
17819
17824
17827
17834
17837
17841
17848
17855
17859
17863
17866
17875
17876
17886
17888
17893
17900
17904
17909
17914
17920
17922
17930
17932
17940
17945
17947
17952
17961
17962
17970
17976
17978
17981
17986
17995
17996
18003
18011
18012
18020
18021
18031
18031
18037
18041
18051
18056
18058
18063
18070
18071
18076
18086
18086
18096
18096
18106
18111
18112
18116
18126
18131
18135
18136
18146
18150
18151
18160
18161
18169
18175
18179
18186
18188
18191
18200
18202
18208
18211
18218
18223
18228
18232
18239
18243
18247
18255
18260
18261
18268
18273
18280
18286
18288
18295
18297
18303
18306
18314
18316
18323
18330
18335
18341
18341
18348
18351
18358
18363
18371
18373
18380
18384
18388
18392
18401
18405
18407
18411
18416
18422
18427
18434
18441
18446
18446
18454
18459
18464
18470
18476
18480
18486
18488
18495
18501
18505
18511
18514
18520
18524
18528
18536
18536
18546
18549
18555
18560
18566
18568
18571
18576
18583
18588
18596
18597
18605
18606
18612
18620
18626
18626
18635
18638
18643
18649
18652
18656
18661
18668
18672
18680
18684
18691
18696
18698
18706
18707
18713
18720
18725
18727
18735
18739
18744
18747
18751
18759
18765
18770
18774
18779
18781
18790
18792
18801
18802
18810
18812
18819
18826
18829
18832
18838
18843
18848
18854
18861
18863
18867
18873
18878
18884
18890
18892
18899
18906
18909
18914
18918
18923
18931
18931
18937
18942
18950
18954
18956
18965
18968
18975
18980
18982
18988
18991
18997
19003
19006
19011
19016
19022
19029
19031
19040
19043
19050
19055
19060
19061
19069
19076
19081
19084
19086
19092
19098
19102
19111
19115
19117
19121
19127
19136
19136
19144
19148
19154
19159
19166
19169
19171
19176
19181
19187
19191
19201
19204
19208
19216
19219
19224
19230
19233
19240
19244
19250
19254
19258
19263
19270
19274
19277
19282
19289
19294
19298
19304
19311
19313
19319
19325
19330
19333
19336
19344
19348
19354
19359
19361
19370
19373
19376
19383
19389
19394
19396
19403
19408
19414
19417
19421
19426
19436
19437
19441
19448
19455
19460
19462
19468
19475
19477
19486
19488
19494
19499
19502
19511
19511
19518
19521
19530
19536
19541
19543
19547
19554
19561
19566
19567
19572
19579
19583
19587
19591
19601
19605
19611
19616
19617
19622
19631
19634
19637
19643
19651
19651
19661
19665
19668
19676
19681
19682
19687
19692
19696
19703
19711
19716
19719
19726
19727
19736
19739
19743
19747
19751
19759
19766
19769
19774
19780
19783
19787
19794
19798
19806
19811
19816
19819
19823
19828
19834
19841
19843
19851
19851
19861
19862
19867
19873
19876
19881
19886
19896
19897
19901
19911
19912
19921
19925
19931
19936
19939
19942
19948
19953
19956
19962
19969
19976
19979
19982
19990
19993
19998
20005
20010
20015
20020
20021
20028
20035
20039
20045
20050
20052
20060
20065
20071
20074
20081
20084
20086
20095
20099
20106
20107
20116
20120
20125
20126
20134
20139
20141
20147
20153
20157
20162
20166
20172
20177
20186
20187
20191
20196
20201
20207
20216
20220
20221
20231
20236
20236
20244
20247
20255
20258
20263
20269
20274
20281
20284
20289
20293
20296
20304
20310
20314
20318
20326
20328
20335
20336
20344
20347
20353
20360
20361
20369
20372
20381
20383
20386
20393
20399
20401
20411
20415
20416
20423
20426
20434
20440
20446
20447
20451
20459
20465
20466
20474
20476
20482
20488
20492
20498
20506
20510
20512
20519
20523
20530
20531
20539
20544
20551
20553
20556
20564
20566
20571
20579
20584
20591
20595
20601
20606
20607
20614
20617
20622
20627
20634
20638
20644
20651
20656
20661
20664
20667
20673
20676
20681
20691
20695
20700
20703
20711
20715
20717
20723
20731
20732
20740
20744
20749
20752
20756
20766
20769
20772
20776
20785
20789
20792
20801
20805
20807
20813
20820
20823
20830
20833
20840
20844
20846
20851
20861
20861
20867
20873
20880
20885
20888
20896
20897
20904
20911
20914
20919
20923
20929
20931
20939
20943
20950
20954
20961
20964
20971
20975
20977
20985
20990
20996
20999
21003
21007
21012
21019
21021
21029
21033
21040
21041
21050
21053
21056
21065
21067
21075
21081
21082
21089
21093
21100
21105
21111
21111
21121
21122
21129
21135
21137
21144
21151
21155
21157
21161
21171
21171
21178
21183
21190
21195
21198
21205
21206
21213
21217
21223
21230
21235
21237
21245
21250
21252
21256
21263
21266
21271
21278
21284
21291
21295
21301
21301
21311
21316
21316
21324
21326
21333
21337
21346
21348
21353
21361
21365
21367
21373
21380
21383
21391
21391
21398
21406
21408
21412
21418
21421
21429
21436
21438
21445
21446
21456
21456
21462
21466
21472
21481
21486
21489
21491
21497
21501
21509
21513
21521
21524
21531
21535
21541
21546
21551
21554
21560
21563
21570
21576
21580
21584
21590
21596
21601
21603
21606
21614
21621
21626
21628
21636
21640
21643
21651
21655
21656
21664
21668
21676
21677
21684
21686
21694
21701
21701
21708
21713
21720
21722
21729
21732
21737
21746
21746
21751
21756
21763
21769
21773
21781
21785
21789
21792
21800
21804
21809
21815
21817
21824
21830
21832
21841
21841
21850
21853
21859
21865
21871
21876
21877
21883
21891
21896
21897
21901
21908
21913
21917
21924
21928
21935
21938
21943
21948
21953
21959
21965
21970
21972
21980
21981
21990
21993
22000
22001
22007
22015
22019
22026
22031
22033
22041
22042
22051
22056
22061
22063
22068
22073
22081
22085
22090
22093
22098
22101
22109
22111
22120
22123
22126
22131
22136
22142
22149
22154
22159
22166
22167
22175
22181
22184
22191
22194
22201
22201
22206
22214
22221
22221
22229
22231
22240
22242
22246
22252
22257
22262
22267
22275
22280
22281
22288
22296
22299
22306
22311
22313
22317
22321
22331
22331
22337
22343
22346
22355
22358
22366
22370
22371
22377
22382
22387
22396
22401
22403
22411
22415
22419
22425
22427
22436
22441
22443
22449
22453
22456
22462
22466
22475
22480
22481
22487
22491
22497
22503
22510
22514
22520
22524
22529
22532
22537
22541
22551
22553
22557
22565
22567
22573
22578
22583
22586
22591
22600
22605
22611
22616
22617
22623
22630
22635
22637
22641
22649
22652
22657
22662
22666
22672
22677
22682
22690
22695
22697
22704
22706
22711
22721
22721
22730
22734
22740
22741
22748
22751
22759
22762
22771
22774
22777
22783
22790
22796
22800
22803
22811
22815
22817
22825
22828
22831
22837
22841
22850
22855
22861
22862
22868
22871
22879
22884
22891
22891
22896
22901
22907
22913
22921
22926
22931
22935
22939
22941
22946
22951
22956
22961
22971
22972
22978
22984
22989
22991
23000
23002
23009
23012
23020
23021
23031
23036
23036
23041
23049
23052
23060
23061
23069
23076
23080
23084
23088
23094
23096
23106
23109
23112
23116
23125
23129
23133
23137
23141
23149
23153
23160
23163
23171
23176
23176
23181
23191
23192
23200
23205
23206
23215
23216
23224
23227
23232
23238
23242
23248
23251
23259
23262
23266
23273
23276
23283
23289
23291
23300
23302
23310
23312
23321
23325
23329
23334
23336
23346
23346
23352
23356
23363
23366
23371
23376
23381
23388
23393
23397
23406
23411
23413
23416
23424
23431
23434
23440
23442
23448
23452
23460
23463
23470
23476
23480
23483
23488
23493
23498
23506
23510
23514
23521
23522
23529
23534
23539
23542
23547
23554
23556
23564
23569
23571
23580
23582
23590
23596
23600
23604
23606
23613
23616
23625
23627
23631
23640
23645
23650
23655
23656
23661
23671
23672
23677
23684
23686
23693
23701
23704
23711
23716
23717
23725
23726
23734
23739
23741
23749
23751
23756
23764
23769
23773
23781
23785
23788
23796
23799
23805
23811
23812
23821
23821
23828
23831
23840
23843
23848
23854
23858
23865
23871
23874
23877
23882
23886
23891
23901
23901
23911
23915
23918
23926
23928
23931
23936
23944
23948
23954
23957
23964
23969
23975
23980
23983
23990
23991
24000
24003
24006
24012
24020
24026
24027
24034
24036
24041
24046
24056
24059
24064
24066
24072
24081
24083
24090
24096
24099
24106
24106
24112
24118
24123
24129
24132
24140
24143
24149
24153
24157
24163
24170
24171
24177
24183
24191
24196
24200
24201
24206
24211
24218
24222
24227
24235
24238
24246
24249
24256
24259
24264
24266
24274
24279
24285
24290
24291
24301
24306
24308
24313
24321
24325
24328
24335
24337
24344
24350
24351
24356
24362
24368
24373
24379
24381
24389
24396
24400
24406
24410
24412
24416
24425
24428
24436
24440
24444
24448
24455
24461
24464
24470
24474
24476
24483
24489
24492
24496
24505
24507
24515
24517
24522
24530
24533
24539
24545
24550
24552
24559
24563
24569
24576
24578
24581
24588
24593
24599
24605
24609
24612
24621
24621
24628
24632
24641
24641
24650
24654
24658
24664
24666
24676
24681
24686
24687
24693
24701
24702
24711
24716
24717
24723
24730
24735
24741
24742
24749
24751
24757
24762
24768
24773
24776
24782
24789
24796
24801
24802
24807
24811
24818
24822
24829
24831
24836
24844
24850
24853
24859
24865
24869
24875
24877
24885
24888
24895
24901
24905
24906
24911
24918
24924
24926
24933
24937
24945
24946
24952
24961
24966
24967
24973
24980
24982
24986
24996
24998
25002
25006
25014
25018
25024
25026
25031
25041
25046
25046
25055
25058
25061
25067
25073
25077
25084
25089
25092
25097
25103
25106
25114
25120
25123
25126
25134
25136
25146
25151
25154
25156
25164
25168
25175
25180
25182
25187
25194
25201
25203
25207
25211
25217
25224
25227
25236
25238
25245
25247
25253
25256
25261
25269
25276
25276
25281
25289
25291
25298
25304
25308
25315
25318
25322
25326
25331
25338
25345
25350
25356
25361
25362
25369
25375
25380
25386
25387
25391
25399
25404
25407
25411
25419
25425
25431
25431
25438
25443
25446
25456
25457
25464
25470
25471
25481
25484
25489
25492
25501
25505
25509
25515
25517
25521
25531
25534
25541
25543
25547
25553
25556
25565
25570
25576
25577
25582
25587
25596
25596
25606
25611
25613
25617
25621
25627
25631
25636
25643
25651
25654
25660
25661
25667
25676
25676
25684
25690
25696
25698
25701
25708
25714
25718
25722
25726
25733
25738
25741
25748
25753
25759
25765
25768
25773
25780
25786
25791
25791
25799
25803
25809
25812
25816
25823
25829
25831
25840
25842
25847
25853
25857
25863
25871
25871
25880
25886
25890
25894
25898
25902
25906
25912
25919
25926
25926
25933
25936
25942
25946
25954
25957
25965
25969
25971
25978
25983
25990
25991
25997
26001
26007
26016
26019
26025
26026
26032
26040
26044
26051
26056
26056
26064
26067
26071
26078
26086
26091
26092
26100
26106
26107
26115
26117
26126
26131
26134
26139
26141
26146
26152
26161
26164
26169
26176
26181
26183
26187
26194
26198
26202
26209
26211
26220
26225
26231
26236
26238
26244
26247
26251
26259
26265
26270
26272
26279
26286
26286
26292
26298
26302
26307
26316
26321
26322
26331
26332
26339
26344
26347
26356
26358
26363
26367
26374
26380
26383
26391
26392
26396
26401
26409
26412
26416
26421
26429
26434
26436
26441
26449
26453
26456
26462
26471
26473
26476
26485
26491
26492
26496
26503
26507
26515
26520
26525
26531
26531
26539
26541
26546
26551
26556
26563
26566
26573
26576
26582
26590
26596
26596
26602
26610
26613
26618
26621
26631
26631
26639
26641
26648
26656
26659
26664
26669
26674
26678
26682
26687
26696
26701
26703
26709
26713
26719
26726
26731
26733
26736
26742
26750
26756
26758
26762
26771
26773
26778
26782
26789
26795
26796
26804
26809
26813
26816
26823
26826
26836
26839
26845
26846
26852
26858
26863
26866
26872
26878
26885
26886
26892
26901
26906
26907
26914
26916
26926
26927
26936
26938
26945
26950
26954
26956
26961
26971
26973
26981
26984
26986
26995
26997
27002
27011
27012
27017
27022
27029
27031
27038
27044
27047
27056
27059
27062
27069
27071
27081
27081
27089
27095
27098
27102
27111
27114
27118
27124
27130
27132
27136
27146
27146
27156
27159
27164
27167
27176
27179
27186
27189
27194
27200
27204
27209
27214
27216
27222
27228
27236
27238
27245
27248
27256
27260
27261
27271
27271
27280
27286
27288
27292
27299
27301
27309
27311
27317
27324
27330
27333
27338
27345
27351
27353
27357
27363
27367
27372
27376
27386
27386
27395
27401
27404
27407
27416
27419
27422
27429
27431
27441
27445
27450
27453
27459
27466
27467
27471
27477
27486
27487
27494
27496
27502
27509
27512
27519
27523
27529
27535
27537
27541
27547
27553
27557
27561
27568
27576
27576
27583
27586
27595
27600
27602
27607
27615
27616
27624
27629
27636
27636
27643
27646
27651
27661
27663
27667
27673
27680
27685
27686
27694
27698
27704
27707
27713
27720
27724
27729
27733
27736
27741
27749
27754
27758
27761
27769
27775
27781
27781
27791
27796
27798
27805
27809
27813
27819
27822
27829
27831
27837
27843
27850
27856
27856
27865
27870
27875
27878
27886
27888
27892
27897
27905
27907
27912
27918
27926
27927
27933
27938
27944
27948
27953
27961
27961
27968
27971
27976
27986
27988
27996
27996
28002
28007
28012
28018
28023
28031
28034
28037
28044
28050
28055
28057
28064
28069
28073
28080
28084
28087
28096
28101
28103
28109
28112
28117
28123
28127
28135
28141
28143
28148
28152
28160
28165
28169
28176
28176
28184
28191
28195
28198
28203
28206
28212
28216
28223
28230
28231
28241
28242
28251
28251
28260
28263
28270
28271
28276
28281
28290
28296
28301
28304
28306
28311
28321
28324
28328
28332
28337
28341
28347
28353
28359
28364
28366
28374
28378
28384
28391
28396
28398
28405
28406
28416
28417
28421
28431
28436
28441
28441
28446
28453
28460
28463
28471
28472
28481
28481
28487
28491
28500
28503
28506
28516
28519
28522
28527
28535
28536
28543
28546
28552
28557
28563
28569
28571
28581
28585
28589
28592
28596
28606
28611
28612
28617
28621
28627
28632
28637
28644
28647
28653
28656
28661
28671
28671
28681
28681
28691
28691
28701
28704
28708
28712
28721
28723
28731
28735
28736
28744
28748
28752
28761
28765
28766
28776
28780
28784
28789
28793
28799
28801
28811
28811
28821
28826
28827
28834
28837
28842
28849
28853
28860
28864
28868
28872
28880
28881
28890
28891
28900
28906
28911
28916
28919
28925
28928
28931
28938
28941
28947
28952
28960
28964
28966
28973
28977
28984
28990
28995
29001
29006
29006
29014
29016
29023
29031
29034
29038
29043
29046
29053
29059
29062
29066
29071
29078
29083
29091
29091
29101
29103
29108
29112
29119
29122
29129
29131
29140
29145
29150
29151
29156
29161
29170
29175
29178
29183
29191
29196
29198
29204
29209
29211
29218
29223
29227
29234
29237
29243
29250
29254
29257
29263
29267
29275
29280
29282
29287
29293
29299
29304
29310
29315
29316
29323
29328
29336
29338
29346
29348
29351
29358
29364
29366
29373
29377
29384
29389
29391
29400
29406
29406
29415
29419
29423
29426
29434
29441
29441
29450
29451
29456
29463
29466
29474
29479
29482
29487
29493
29498
29506
29507
29512
29519
29526
29531
29532
29536
29546
29546
29555
29559
29565
29571
29573
29580
29586
29590
29596
29598
29605
29610
29613
29617
29621
29626
29636
29636
29641
29650
29651
29657
29662
29671
29675
29680
29681
29686
29695
29701
29704
29710
29714
29720
29725
29730
29735
29738
29743
29748
29753
29760
29766
29771
29773
29781
29786
29786
29796
29800
29806
29811
29813
29818
29822
29831
29836
29839
29843
29851
29853
29858
29863
29871
29872
29878
29881
29888
29892
29898
29901
29910
29913
29918
29926
29928
29936
29941
29943
29949
29952
29960
29965
29971
29972
29981
29983
29989
29991
30001
30002
30011
30013
30019
30026
30030
30033
30040
30045
30047
30052
30059
30064
30069
30074
30080
30083
30091
30094
30096
30103
30111
30116
30120
30122
30130
30133
30140
30141
30146
30153
30158
30162
30170
30174
30176
30182
30191
30195
30200
30204
30208
30213
30217
30225
30229
30233
30239
30245
30250
30251
30259
30266
30268
30274
30281
30283
30290
30296
30299
30306
30311
30313
30318
30326
30330
30334
30337
30345
30349
30354
30356
30361
30366
30376
30381
30381
30387
30395
30397
30402
30409
30416
30416
30422
30426
30431
30436
30443
30450
30451
30460
30461
30471
30476
30477
30484
30489
30491
30498
30503
30510
30511
30517
30521
30531
30534
30538
30544
30547
30554
30561
30566
30566
30574
30579
30585
30586
30593
30596
30606
30609
30613
30617
30624
30628
30632
30636
30646
30648
30656
30660
30662
30668
30672
30678
30686
30688
30695
30697
30703
30709
30716
30717
30724
30727
30736
30741
30746
30746
30755
30759
30763
30770
30776
30779
30783
30789
30793
30799
30805
30808
30813
30821
30825
30827
30834
30837
30844
30851
30851
30861
30863
30870
30876
30876
30883
30889
30891
30896
30904
30906
30912
30921
30924
30928
30933
30937
30945
30951
30952
30960
30964
30968
30975
30978
30986
30987
30996
30998
31005
31010
31012
31021
31022
31027
31031
31038
31042
31051
31051
31057
31062
31067
31072
31079
31083
31087
31094
31100
31104
31110
31116
31120
31123
31126
31136
31136
31145
31147
31155
31161
31162
31166
31176
31177
31185
31191
31193
31199
31204
31211
31211
31216
31224
31228
31234
31239
31244
31247
31256
31260
31264
31268
31276
31280
31283
31288
31296
31299
31302
31308
31313
31321
31326
31329
31336
31339
31342
31347
31354
31358
31365
31371
31375
31379
31385
31386
31391
31398
31404
31406
31413
31420
31426
31430
31433
31441
31442
31446
31452
31461
31462
31470
31475
31477
31481
31489
31494
31497
31501
31507
31511
31516
31524
31527
31535
31536
31541
31549
31555
31561
31561
31569
31572
31576
31586
31591
31596
31597
31601
31611
31613
31616
31625
31628
31635
31639
31641
31649
31654
31659
31663
31671
31671
31676
31684
31686
31694
31698
31701
31711
31715
31719
31722
31731
31733
31738
31743
31746
31755
31761
31765
31768
31774
31778
31781
31791
31793
31796
31806
31809
31813
31817
31822
31830
31836
31841
31842
31848
31855
31859
31864
31868
31875
31880
31886
31889
31891
31901
31904
31909
31912
31919
31926
31926
31932
31940
31946
31949
31954
31957
31965
31968
31973
31980
31983
31990
31993
31997
32002
32011
32012
32019
32025
32030
32032
32041
32044
32048
32054
32057
32065
32070
32074
32080
32084
32089
32091
32100
32101
32109
32115
32120
32122
32130
32133
32136
32146
32151
32152
32158
32163
32169
32176
32178
32183
32187
32192
32200
32204
32206
32215
32221
32224
32228
32231
32241
32241
32247
32256
32256
32266
32271
32276
32276
32283
32291
32295
32299
32304
32308
32313
32321
32321
32331
32332
32339
32343
32346
32353
32356
32365
32367
32376
32379
32381
32390
32392
32399
32406
32408
32415
32418
32425
32429
32434
32441
32446
32451
32456
32458
32461
32471
32471
32479
32481
32488
32494
32499
32501
32509
32514
32517
32524
32527
32535
32537
32541
32549
32556
32559
32565
32567
32571
32581
32584
32590
32594
32600
32606
32607
32612
32616
32622
32627
32636
32639
32645
32649
32651
32659
32663
32666
32674
32680
32685
32686
32694
32701
32701
32710
32715
32719
32721
32726
32735
32740
32743
32746
32755
32759
32761
32766
32775
32781
32783
32788
32792
32798
32805
32807
32813
32817
32824
32830
32831
32840
32845
32847
32853
32860
32863
32866
32873
32877
32883
32891
32896
32897
32906
32909
32915
32919
32921
32930
32933
32941
32942
32951
32954
32960
32966
32966
32976
32978
32984
32990
32996
32999
33004
33007
33013
33017
33022
33029
33033
33037
33043
33049
33052
33059
33066
33067
33074
33080
33081
33090
33094
33100
33103
33111
33111
33119
33122
33129
33134
33139
33143
33149
33154
33159
33166
33170
33175
33178
33184
33186
33194
33196
33205
33211
33215
33218
33222
33228
33234
33238
33246
33249
33251
33257
33262
33266
33275
33278
33283
33290
33296
33296
33303
33308
33313
33320
33324
33327
33333
33336
33343
33347
33352
33361
33366
33371
33376
33376
33386
33389
33392
33399
33402
33407
33416
33419
33421
33427
33433
33437
33442
33451
33451
33459
33462
33467
33476
33476
33486
33490
33494
33501
33503
33510
33514
33516
33523
33530
33535
33540
33546
33548
33554
33557
33566
33568
33576
33580
33581
33589
33595
33601
33601
33611
33615
33619
33621
33629
33633
33640
33641
33648
33655
33661
33664
33668
33673
33676
33685
33686
33692
33700
33702
33707
33711
33720
33726
33726
33731
33736
33743
33746
33755
33757
33765
33769
33772
33781
33784
33791
33795
33796
33805
33810
33813
33816
33823
33831
33832
33836
33846
33846
33853
33860
33865
33870
33875
33881
33885
33889
33894
33900
33904
33911
33915
33917
33926
33929
33934
33940
33943
33951
33951
33956
33965
33971
33972
33979
33982
33989
33995
34001
34002
34010
34012
34018
34024
34030
34031
34040
34046
34050
34056
34059
34061
34067
34071
34080
34084
34086
34092
34100
34101
34110
34113
34118
34121
34131
34131
34137
34144
34149
34153
34157
34166
34166
34171
34176
34186
34191
34194
34197
34202
34210
34216
34221
34225
34230
34231
34240
34241
34248
34251
34261
34265
34269
34275
34279
34282
34288
34292
34298
34301
34306
34311
34321
34322
34330
34334
34341
34346
34348
34356
34358
34363
34370
34371
34376
34384
34391
34395
34398
34406
34411
34412
34417
34424
34429
34436
34441
34443
34447
34454
34457
34466
34470
34475
34480
34481
34486
34491
34499
34503
34511
34515
34517
34522
34528
34536
34540
34543
34550
34555
34557
34564
34569
34575
34580
34583
34589
34592
34598
34603
34611
34611
34616
34626
34630
34636
34637
34646
34649
34655
34659
34665
34666
34675
34678
34684
34690
34693
34698
34701
34710
34713
34718
34724
34728
34736
34740
34744
34748
34756
34757
34761
34767
34773
34780
34784
34789
34794
34796
34805
34809
34813
34820
34825
34831
34836
34839
34846
34846
34856
34860
34866
34868
34876
34880
34882
34887
34891
34899
34906
34909
34912
34918
34924
34928
34935
34941
34942
34951
34955
34956
34962
34967
34974
34979
34986
34991
34994
34998
35005
35011
35015
35020
35024
35027
35033
35041
35041
35046
35051
35059
35066
35070
35074
35079
35086
35086
35095
35100
35101
35110
35111
35117
35124
35129
35136
35136
35145
35150
35151
35161
35164
35171
35172
35181
35184
35191
35191
35199
35202
35210
35214
35218
35223
35226
35231
35241
35242
35250
35254
35258
35265
35268
35271
35280
35286
35287
35291
35298
35304
35308
35313
35321
35323
35328
35331
35341
35343
35347
35351
35356
35362
35370
35374
35377
35386
35386
35394
35398
35406
35406
35411
35417
35422
35427
35433
35440
35443
35450
35456
35460
35464
35467
35475
35476
35485
35488
35495
35501
35505
35508
35511
35518
35526
35530
35532
35537
35544
35549
35553
35559
35566
35570
35572
35577
35585
35586
35592
35596
35603
35610
35611
35619
35625
35626
35634
35641
35643
35648
35654
35660
35663
35671
35674
35680
35682
35687
35694
35697
35704
35709
35715
35716
35724
35730
35732
35738
35742
35747
35752
35756
35765
35767
35771
35777
35786
35788
35792
35800
35802
35808
35813
35817
35821
35828
35835
35840
35845
35848
35856
35859
35861
35870
35873
35878
35884
35888
35896
35901
35901
35907
35911
35917
35923
35926
35936
35936
35943
35951
35951
35958
35966
35969
35975
35981
35985
35988
35991
36001
36004
36006
36016
36020
36022
36028
36034
36040
36041
36046
36053
36060
36064
36070
36073
36076
36082
36086
36096
36100
36106
36111
36116
36119
36125
36129
36133
36136
36146
36147
36155
36157
36165
36169
36174
36179
36186
36190
36194
36200
36205
36206
36211
36219
36225
36229
36233
36239
36244
36249
36253
36261
36266
36267
36275
36276
36284
36291
36296
36301
36302
36309
36314
36318
36321
36328
36332
36337
36346
36350
36351
36359
36366
36368
36375
36380
36384
36386
36392
36397
36406
36406
36414
36419
36425
36430
36435
36436
36443
36446
36454
36459
36465
36466
36474
36477
36485
36488
36494
36498
36506
36508
36513
36516
36525
36530
36531
36539
36544
36549
36554
36556
36565
36568
36573
36580
36583
36589
36595
36599
36603
36611
36616
36617
36626
36631
36633
36636
36643
36649
36651
36660
36664
36671
36674
36681
36686
36687
36694
36700
36706
36706
36713
36717
36724
36726
36733
36739
36745
36751
36751
36759
36765
36766
36773
36776
36782
36788
36793
36796
36801
36806
36814
36819
36824
36826
36832
36838
36844
36848
36852
36861
36862
36868
36876
36878
36882
36887
36895
36901
36903
36906
36912
36917
36925
36927
36933
36939
36945
36946
36953
36956
36961
36970
36972
36979
36984
36986
36994
36996
37006
37011
37016
37021
37021
37027
37035
37041
37044
37051
37052
37057
37066
37070
37072
37077
37085
37090
37092
37101
37101
37109
37115
37116
37124
37131
37135
37136
37144
37150
37152
37158
37166
37169
37174
37177
37186
37186
37193
37199
37206
37210
37215
37218
37226
37228
37235
37241
37241
37247
37253
37259
37261
37271
37271
37276
37281
37290
37292
37300
37306
37306
37315
37319
37323
37328
37331
37336
37346
37349
37356
37358
37365
37369
37375
37380
37383
37389
37391
37400
37402
37409
37414
37418
37424
37429
37433
37436
37446
37446
37452
37458
37465
37466
37471
37481
37485
37488
37496
37497
37502
37511
37514
37521
37521
37531
37536
37538
37544
37547
37553
37558
37561
37570
37572
37580
37584
37591
37593
37600
37605
37611
37616
37616
37621
37629
37636
37636
37641
37646
37651
37656
37661
37666
37675
37677
37682
37689
37693
37699
37702
37710
37715
37719
37726
37727
37735
37738
37744
37747
37752
37756
37764
37768
37771
37780
37781
37786
37796
37800
37804
37811
37816
37820
37825
37830
37831
37836
37842
37851
37851
37860
37866
37870
37875
37879
37884
37887
37892
37898
37903
37908
37914
37918
37923
37931
37936
37936
37944
37950
37954
37961
37965
37968
37974
37980
37986
37990
37994
37996
38006
38008
38012
38017
38023
38026
38033
38037
38041
38049
38055
38058
38063
38070
38076
38078
38082
38089
38092
38097
38104
38108
38113
38119
38126
38131
38133
38138
38143
38151
38153
38160
38164
38171
38175
38176
38183
38189
38195
38201
38204
38209
38212
38221
38226
38227
38236
38241
38244
38251
38255
38261
38264
38271
38275
38279
38283
38286
38295
38299
38301
38308
38313
38317
38321
38327
38334
38340
38345
38351
38356
38358
38366
38367
38375
38378
38385
38386
38392
38396
38402
38407
38416
38419
38422
38430
38433
38436
38442
38450
38452
38460
38461
38467
38471
38479
38484
38491
38494
38497
38501
38511
38513
38516
38524
38526
38535
38540
38545
38548
38556
38557
38561
38568
38571
38579
38582
38589
38596
38601
38604
38607
38613
38619
38623
38628
38635
38638
38644
38647
38656
38657
38664
38667
38673
38678
38682
38690
38695
38701
38704
38711
38715
38716
38722
38729
38734
38736
38745
38749
38754
38760
38764
38766
38773
38777
38783
38788
38792
38800
38805
38808
38813
38819
38826
38829
38831
38839
38843
38849
38851
38860
38863
38871
38876
38881
38881
38889
38894
38900
38901
38911
38912
38920
38925
38929
38935
38937
38943
38951
38954
38957
38963
38966
38976
38980
38981
38987
38995
38997
39001
39008
39016
39021
39023
39028
39031
39039
39041
39049
39051
39061
39066
39071
39075
39080
39083
39088
39092
39099
39102
39106
39116
39118
39126
39128
39136
39140
39141
39147
39156
39158
39165
39170
39175
39178
39185
39186
39195
39201
39202
39208
39216
39221
39224
39228
39232
39236
39242
39248
39254
39256
39261
39269
39271
39280
39285
39289
39295
39297
39303
39309
39315
39320
39325
39326
39336
39341
39345
39348
39356
39360
39363
39369
39374
39378
39383
39390
39394
39396
39402
39411
39416
39416
39421
39426
39436
39439
39442
39446
39451
39457
39464
39470
39471
39480
39486
39486
39492
39500
39505
39509
39515
39516
39523
39531
39533
39538
39546
39546
39552
39560
39562
39567
39575
39580
39583
39586
39595
39597
39601
39611
39616
39617
39622
39630
39634
39637
39643
39650
39653
39658
39665
39666
39671
39680
39681
39689
39696
39701
39701
39706
39713
39716
39721
39729
39735
39737
39741
39751
39751
39756
39764
39766
39774
39776
39783
39790
39796
39800
39803
39810
39812
39819
39822
39828
39832
39837
39844
39846
39853
39857
39862
39870
39872
39878
39881
39888
39894
39896
39902
39909
39912
39918
39923
39929
39936
39941
39946
39948
39953
39956
39966
39970
39976
39977
39984
39988
39995
39996
