2
7
13
20
24
28
33
36
44
46
51
61
63
67
76
81
81
86
96
96
103
106
114
120
121
129
132
141
142
147
154
161
163
170
175
176
184
188
194
201
204
207
216
216
224
229
236
239
241
251
252
258
261
270
272
280
285
288
292
297
303
310
312
318
325
330
333
337
344
351
353
360
362
366
371
377
384
389
396
396
406
406
411
418
424
426
436
441
442
449
456
460
464
466
471
480
483
489
494
500
506
507
511
516
525
528
531
537
544
549
551
556
562
569
571
576
582
591
593
600
606
610
615
621
626
628
636
641
643
651
651
656
666
668
672
677
685
687
691
700
705
707
713
721
726
730
736
736
741
747
756
760
766
767
772
780
781
791
791
799
806
808
816
819
822
830
831
836
843
851
854
858
865
871
872
879
883
886
892
897
904
907
911
917
923
927
932
937
941
950
952
959
965
968
975
976
983
989
995
996
1002
1006
1011
1020
1024
1028
1031
1039
1046
1050
1055
1060
1061
1070
1072
1081
1081
1090
1091
1098
1106
1106
1113
1116
1122
1131
1131
1136
1142
1148
1151
1160
1162
1167
1173
1177
1185
1190
1196
1201
1202
1208
1216
1216
1221
1227
1232
1239
1246
1248
1251
1258
1263
1269
1274
1280
1284
1290
1296
1301
1301
1308
1311
1317
1323
1326
1334
1340
1343
1351
1353
1361
1365
1370
1375
1379
1382
1390
1394
1397
1405
1407
1413
1417
1423
1426
1435
1438
1443
1447
1455
1461
1463
1468
1472
1481
1481
1490
1492
1501
1506
1511
1516
1521
1526
1531
1536
1539
1544
1549
1555
1560
1561
1566
1572
1576
1582
1589
1594
1598
1602
1611
1613
1620
1624
1627
1634
1640
1641
1648
1655
1657
1666
1668
1671
1680
1686
1690
1692
1698
1704
1707
1715
1717
1721
1727
1733
1736
1746
1749
1753
1758
1763
1771
1774
1779
1785
1790
1793
1798
1805
1811
1812
1819
1826
1830
1833
1837
1844
1850
1854
1857
1864
1867
1875
1879
1886
1889
1891
1897
1904
1909
1913
1919
1922
1927
1934
1936
1944
1948
1954
1958
1961
1970
1972
1977
1981
1988
1994
1996
2004
2011
2015
2016
2021
2030
2031
2037
2046
2048
2056
2056
2062
2069
2073
2076
2084
2089
2096
2100
2105
2108
2113
2118
2124
2127
2136
2140
2141
2149
2153
2157
2166
2171
2175
2181
2186
2190
2195
2201
2205
2209
2215
2220
2223
2231
2233
2238
2241
2250
2251
2260
2262
2269
2272
2281
2281
2288
2293
2300
2301
2309
2314
2321
2326
2330
2335
2339
2345
2346
2354
2361
2362
2371
2374
2376
2384
2386
2393
2400
2406
2406
2412
2417
2425
2428
2436
2437
2445
2451
2456
2459
2461
2469
2473
2479
2481
2490
2495
2498
2505
2510
2511
2521
2522
2531
2531
2541
2546
2551
2554
2560
2565
2571
2576
2581
2583
2587
2592
2599
2603
2607
2611
2618
2621
2626
2634
2641
2645
2646
2654
2661
2663
2670
2674
2676
2686
2687
2692
2701
2704
2707
2714
2716
2724
2729
2733
2737
2746
2751
2755
2756
2763
2768
2773
2781
2784
2787
2793
2799
2805
2809
2811
2817
2824
2828
2833
2839
2843
2846
2854
2857
2866
2868
2874
2880
2886
2889
2895
2898
2904
2907
2912
2920
2922
2926
2934
2936
2941
2946
2954
2961
2963
2967
2973
2981
2985
2986
2992
3000
3004
3010
3015
3021
3024
3028
3034
3039
3041
3046
3052
3059
3065
3071
3076
3081
3086
3091
3091
3101
3104
3111
3114
3116
3126
3130
3135
3137
3145
3148
3154
3158
3165
3171
3172
3180
3181
3190
3192
3196
3201
3206
3214
3216
3221
3226
3236
3238
3246
3249
3255
3260
3264
3266
3271
3280
3282
3290
3296
3300
3306
3308
3316
3318
3323
3329
3335
3338
3346
3351
3353
3357
3363
3371
3372
3380
3383
3390
3393
3399
3405
3411
3415
3421
3425
3428
3434
3440
3441
3450
3453
3456
3462
3471
3475
3477
3483
3490
3493
3496
3503
3506
3513
3521
3525
3530
3531
3538
3544
3549
3552
3561
3563
3568
3576
3576
3584
3587
3591
3600
3604
3611
3611
3620
3621
3631
3635
3639
3643
3647
3655
3660
3665
3668
3676
3678
3682
3689
3694
3696
3706
3708
3712
3719
3726
3728
3733
3741
3746
3751
3755
3761
3761
3769
3776
3779
3785
3791
3793
3801
3805
3808
3815
3821
3826
3828
3832
3839
3842
3847
3853
3857
3863
3866
3875
3877
3883
3887
3891
3897
3906
3909
3911
3918
3921
3928
3936
3936
3943
3948
3951
3961
3964
3968
3976
3978
3983
3990
3993
4001
4002
4006
4014
4018
4026
4028
4032
4037
4042
4049
4051
4060
4063
4066
4072
4081
4085
4086
4093
4099
4104
4111
4113
4120
4124
4127
4134
4140
4144
4147
4154
4159
4164
4167
4171
4179
4185
4187
4196
4198
4206
4210
4212
4220
4222
4229
4232
4238
4245
4246
4253
4260
4263
4268
4274
4277
4281
4288
4293
4300
4305
4311
4314
4317
4322
4331
4336
4339
4345
4350
4355
4357
4361
4370
4372
4380
4383
4390
4395
4396
4404
4409
4415
4419
4424
4428
4436
4441
4441
4451
4451
4460
4461
4467
4473
4477
4484
4489
4495
4499
4504
4506
4512
4517
4525
4526
4535
4538
4545
4550
4556
4558
4566
4566
4572
4576
4582
4591
4591
4599
4602
4608
4612
4618
4626
4629
4632
4641
4644
4647
4655
4661
4664
4671
4673
4676
4681
4689
4691
4698
4705
4706
4713
4720
4724
4726
4731
4736
4743
4750
4754
4758
4761
4769
4773
4781
4786
4791
4794
4797
4801
4808
4813
4819
4825
4828
4836
4836
4842
4846
4852
4857
4866
4871
4874
4878
4884
4889
4893
4899
4906
4909
4914
4921
4925
4931
4935
4937
4946
4946
4951
4960
4962
4971
4971
4978
4983
4990
4991
5000
5005
5006
5012
5016
5023
5029
5035
5036
5043
5051
5053
5056
5066
5068
5076
5078
5086
5088
5092
5101
5101
5109
5111
5116
5125
5127
5134
5138
5144
5151
5151
5159
5162
5168
5175
5176
5186
5189
5193
5197
5202
5208
5211
5217
5221
5230
5232
5240
5246
5247
5251
5261
5261
5269
5276
5280
5281
5289
5294
5296
5303
5310
5312
5317
5326
5328
5333
5339
5341
5351
5355
5359
5364
5368
5372
5377
5384
5391
5391
5400
5401
5408
5416
5419
5424
5426
5431
5441
5444
5446
5451
5458
5463
5470
5476
5476
5485
5487
5493
5499
5505
5510
5515
5519
5523
5527
5533
5541
5542
5550
5556
5561
5566
5566
5573
5576
5583
5590
5596
5596
5605
5611
5612
5620
5622
5627
5635
5641
5646
5647
5653
5658
5665
5671
5676
5680
5682
5689
5696
5696
5701
5711
5712
5717
5721
5726
5735
5737
5745
5748
5754
5758
5765
5766
5772
5780
5783
5789
5791
5797
5806
5809
5815
5817
5826
5826
5834
5837
5843
5847
5855
5861
5861
5868
5875
5877
5886
5888
5893
5901
5903
5909
5911
5919
5925
5930
5935
5936
5942
5950
5952
5959
5963
5967
5972
5981
5982
5991
5992
6001
6005
6011
6014
6018
6025
6029
6031
6040
6043
6046
6053
6058
6062
6068
6074
6076
6081
6091
6092
6096
6101
6107
6113
6120
6123
6131
6133
6138
6145
6149
6151
6161
6166
6167
6176
6180
6182
6187
6192
6196
6203
6208
6211
6220
6221
6231
6232
6237
6245
6247
6255
6259
6266
6270
6272
6279
6286
6289
6292
6300
6302
6311
6314
6319
6324
6329
6331
6336
6343
6348
6356
6361
6362
6367
6372
6377
6384
6388
6392
6398
6401
6406
6415
6418
6426
6431
6433
6436
6446
6449
6456
6456
6466
6466
6472
6477
6485
6491
6491
6496
6502
6511
6512
6517
6524
6531
6533
6537
6546
6547
6555
6557
6565
6568
6571
6576
6581
6589
6596
6597
6604
6611
6612
6618
6623
6628
6631
6641
6642
6650
6656
6659
6664
6670
6675
6680
6682
6690
6696
6697
6701
6710
6711
6720
6723
6726
6735
6736
6745
6747
6752
6757
6763
6770
6773
6780
6784
6791
6794
6800
6805
6811
6814
6820
6824
6828
6835
6836
6843
6848
6852
6856
6865
6866
6873
6880
6883
6888
6892
6898
6904
6911
6911
6917
6921
6928
6935
6937
6946
6950
6955
6960
6963
6968
6973
6979
6984
6986
6994
6999
7004
7008
7016
7018
7026
7028
7033
7040
7043
7048
7056
7059
7066
7070
7071
7080
7085
7086
7094
7098
7104
7108
7112
7121
7122
7128
7134
7138
7145
7148
7152
7157
7162
7170
7173
7178
7181
7190
7194
7198
7201
7211
7212
7221
7225
7227
7233
7240
7245
7246
7256
7261
7264
7269
7276
7279
7284
7287
7292
7299
7303
7310
7312
7321
7326
7331
7334
7338
7342
7349
7351
7360
7366
7369
7373
7377
7385
7389
7392
7399
7402
7408
7413
7418
7421
7426
7431
7438
7441
7450
7451
7458
7464
7467
7472
7479
7486
7491
7496
7499
7503
7508
7515
7517
7521
7526
7532
7536
7544
7547
7552
7560
7563
7568
7572
7578
7584
7588
7591
7601
7601
7611
7616
7618
7621
7631
7634
7641
7645
7648
7652
7657
7666
7670
7671
7680
7685
7688
7691
7701
7703
7707
7712
7720
7725
7728
7736
7741
7742
7748
7753
7756
7763
7766
7772
7778
7783
7786
7794
7796
7803
7807
7815
7818
7826
7828
7836
7836
7844
7846
7855
7860
7865
7871
7873
7881
7885
7889
7896
7897
7902
7910
7912
7920
7925
7930
7933
7941
7942
7949
7955
7958
7963
7967
7973
7980
7986
7990
7991
7998
8001
8011
8013
8016
8024
8027
8032
8039
8046
8051
8054
8057
8063
8069
8071
8079
8082
8087
8092
8098
8106
8108
8113
8118
8126
8128
8135
8136
8146
8148
8153
8158
8165
8168
8172
8181
8182
8186
8194
8201
8204
8207
8216
8219
8226
8230
8233
8237
8242
8247
8252
8259
8265
8266
8274
8278
8282
8291
8292
8301
8303
8306
8315
8319
8324
8327
8336
8339
8342
8351
8354
8356
8365
8370
8376
8378
8384
8386
8396
8399
8402
8411
8416
8416
8423
8427
8432
8440
8442
8447
8454
8458
8466
8466
8473
8480
8481
8490
8491
8501
8506
8509
8516
8518
8521
8529
8534
8539
8546
8549
8552
8557
8563
8567
8574
8580
8586
8591
8596
8599
8603
8611
8612
8619
8623
8630
8632
8638
8646
8649
8653
8656
8665
8670
8672
8681
8684
8687
8693
8698
8702
8706
8711
8720
8723
8728
8732
8736
8743
8748
8753
8759
8766
8767
8774
8780
8782
8788
8793
8801
8803
8809
8815
8820
8826
8827
8833
8840
8846
8849
8852
8857
8866
8868
8876
8879
8884
8887
8896
8896
8906
8910
8914
8918
8924
8931
8933
8937
8944
8951
8951
8960
8966
8970
8972
8980
8984
8987
8993
8999
9005
9008
9015
9021
9022
9026
9036
9041
9043
9050
9055
9057
9061
9067
9071
9077
9081
9090
9094
9098
9106
9108
9113
9118
9124
9127
9131
9138
9143
9151
9155
9160
9163
9167
9175
9176
9181
9189
9196
9200
9206
9207
9215
9220
9223
9231
9233
9237
9245
9246
9254
9259
9264
9267
9274
9277
9286
9290
9292
9297
9306
9311
9312
9317
9321
9330
9335
9340
9346
9351
9353
9357
9366
9369
9371
9379
9385
9390
9394
9396
9403
9411
9412
9419
9422
9428
9435
9438
9443
9451
9451
9461
9462
9468
9475
9477
9483
9487
9495
9496
9505
9509
9515
9519
9522
9531
9533
9539
9544
9548
9555
9559
9561
9570
9572
9579
9583
9591
9593
9600
9605
9609
9612
9617
9622
9631
9632
9636
9641
9651
9655
9660
9666
9668
9673
9679
9684
9690
9696
9696
9701
9710
9716
9719
9722
9728
9733
9741
9745
9748
9752
9761
9764
9766
9773
9780
9783
9790
9795
9799
9806
9810
9816
9820
9826
9827
9836
9839
9844
9851
9854
9858
9861
9871
9872
9879
9886
9889
9892
9896
9906
9909
9914
9920
9923
9931
9932
9941
9942
9951
9956
9958
9965
9969
9972
9981
9986
9986
9991
9999
10001
10007
10016
10020
10026
10027
10034
10036
10044
10049
10054
10061
10065
10071
10072
10081
10081
10090
10093
10101
10104
10109
10114
10117
10124
10126
10135
10138
10143
10151
10153
10160
10163
10169
10173
10177
10182
10187
10195
10200
10205
10211
10212
10221
10221
10228
10234
10237
10243
10247
10256
10257
10261
10269
10276
10281
10286
10287
10296
10298
10301
10308
10312
10318
10322
10326
10335
10336
10343
10350
10354
10358
10362
10368
10375
10378
10383
10387
10393
10398
10402
10411
10416
10421
10422
10428
10432
10438
10446
10449
10453
10459
10463
10471
10474
10477
10486
10486
10492
10501
10502
10509
10514
10517
10523
10531
10531
10538
10544
10548
10555
10560
10562
10567
10574
10579
10584
10587
10596
10599
10605
10609
10611
10619
10622
10626
10633
10639
10643
10647
10656
10658
10666
10671
10673
10681
10684
10689
10695
10699
10706
10707
10713
10717
10726
10729
10733
10739
10741
10751
10756
10761
10761
10768
10776
10779
10785
10786
10791
10799
10806
10806
10815
10818
10824
10831
10831
10837
10841
10847
10855
10856
10866
10866
10871
10880
10885
10886
10894
10897
10905
10911
10915
10921
10922
10930
10936
10936
10942
10951
10953
10956
10966
10966
10971
10980
10983
10990
10993
10999
11001
11008
11015
11019
11025
11029
11033
11036
11042
11047
11052
11061
11064
11067
11074
11078
11084
11090
11093
11101
11103
11108
11115
11120
11124
11130
11134
11138
11141
11151
11156
11159
11166
11166
11174
11181
11182
11190
11195
11197
11201
11209
11215
11220
11224
11227
11231
11240
11244
11249
11255
11258
11262
11271
11275
11279
11282
11287
11294
11298
11302
11310
11315
11318
11325
11326
11335
11341
11341
11351
11355
11360
11366
11366
11374
11376
11384
11386
11392
11399
11403
11410
11416
11417
11425
11428
11431
11438
11443
11451
11454
11457
11465
11470
11472
11479
11486
11487
11495
11499
11504
11509
11511
11520
11526
11531
11533
11539
11544
11547
11554
11558
11563
11568
11575
11579
11586
11588
11593
11600
11603
11606
11614
11620
11625
11629
11632
11640
11643
11649
11653
11658
11666
11667
11672
11677
11684
11688
11693
11701
11701
11707
11711
11718
11721
11727
11733
11740
11745
11748
11753
11761
11764
11766
11773
11781
11782
11791
11794
11801
11804
11810
11812
11817
11824
11829
11836
11840
11844
11848
11856
11858
11866
11869
11874
11879
11882
11891
11892
11901
11901
11910
11915
11919
11923
11927
11932
11936
11943
11951
11951
11959
11962
11967
11975
11978
11984
11986
11992
11996
12004
12008
12012
12016
12025
12026
12031
12037
12041
12050
12053
12056
12061
12067
12074
12076
12084
12091
12095
12097
12104
12107
12116
12117
12125
12128
12131
12138
12144
12146
12151
12158
12162
12167
12174
12180
12183
12190
12195
12201
12202
12208
12215
12216
12225
12230
12232
12241
12242
12247
12256
12261
12263
12270
12271
12280
12286
12289
12294
12301
12303
12310
12315
12319
12323
12326
12331
12339
12342
12347
12354
12356
12366
12371
12374
12377
12381
12387
12391
12397
12405
12406
12412
12419
12422
12426
12433
12436
12441
12448
12456
12460
12464
12470
12473
12476
12485
12487
12493
12498
12502
12509
12516
12520
12522
12529
12532
12538
12543
12548
12553
12558
12563
12566
12572
12580
12586
12587
12596
12596
12604
12607
12613
12619
12625
12626
12635
12636
12645
12651
12651
12659
12664
12669
12671
12681
12683
12690
12695
12699
12703
12707
12716
12716
12725
12726
12731
12739
12743
12751
12754
12758
12766
12771
12771
12780
12782
12790
12796
12796
12804
12807
12813
12821
12826
12827
12832
12841
12841
12849
12852
12856
12863
12869
12876
12876
12885
12887
12895
12900
12903
12911
12911
12920
12922
12931
12934
12940
12943
12947
12952
12961
12961
12966
12975
12981
12986
12988
12991
12996
13001
13011
13016
13021
13022
13031
13032
13037
13043
13048
13051
13056
13062
13069
13073
13076
13085
13089
13091
13100
13104
13110
13111
13118
13123
13126
13131
13140
13144
13148
13152
13160
13163
13166
13174
13177
13184
13190
13192
13200
13204
13206
13214
13219
13225
13231
13231
13237
13246
13246
13256
13261
13265
13268
13273
13278
13282
13289
13296
13299
13303
13309
13313
13317
13326
13329
13334
13339
13341
13349
13353
13358
13364
13366
13376
13376
13385
13390
13394
13400
13401
13409
13412
13420
13424
13428
13433
13437
13445
13449
13451
13460
13461
13469
13471
13476
13481
13486
13492
13496
13503
13506
13512
13516
13525
13530
13533
13541
13541
13547
13553
13560
13562
13566
13576
13581
13582
13590
13591
13596
13604
13609
13615
13617
13626
13628
13634
13636
13645
13651
13656
13657
13663
13667
13674
13679
13683
13691
13693
13699
13702
13707
13713
13718
13725
13730
13734
13740
13742
13746
13756
13759
13761
13770
13773
13781
13781
13790
13794
13801
13805
13807
13815
13821
13826
13827
13836
13836
13846
13847
13851
13861
13864
13871
13876
13881
13886
13890
13893
13899
13902
13910
13911
13917
13922
13927
13934
13937
13944
13951
13954
13960
13962
13968
13976
13977
13986
13987
13996
13998
14001
14009
14011
14020
14022
14030
14032
14039
14041
14047
14051
14061
14064
14069
14074
14077
14081
14090
14091
14099
14101
14109
14111
14120
14124
14131
14135
14139
14144
14148
14153
14160
14161
14170
14174
14179
14186
14191
14192
14198
14204
14208
14213
14219
14225
14230
14231
14240
14246
14250
14251
14261
14265
14268
14273
14278
14283
14289
14293
14297
14306
14309
14311
14316
14323
14331
14333
14338
14342
14350
14353
14356
14363
14370
14376
14377
14383
14386
14393
14401
14405
14409
14412
14421
14422
14430
14431
14439
14446
14451
14453
14459
14463
14466
14471
14480
14482
14487
14492
14497
14504
14511
14511
14519
14523
14528
14531
14539
14545
14546
14553
14559
14561
14566
14573
14577
14585
14590
14594
14600
14606
14609
14611
14620
14624
14629
14633
14637
14646
14651
14653
14658
14661
14669
14673
14678
14682
14689
14695
14696
14704
14708
14713
14716
14726
14727
14736
14739
14744
14747
14753
14759
14762
14766
14776
14778
14782
14790
14793
14796
14802
14808
14811
14816
14822
14828
14832
14837
14843
14849
14851
14861
14866
14869
14873
14879
14883
14888
14892
14899
14902
14911
14914
14920
14926
14929
14932
14941
14945
14947
14956
14958
14965
14971
14971
14977
14983
14989
14994
14999
15005
15007
15016
15016
15021
15030
15031
15039
15042
15050
15055
15057
15065
15068
15071
15079
15081
15087
15096
15096
15101
15108
15112
15117
15125
15131
15132
15140
15142
15147
15152
15156
15166
15166
15171
15177
15186
15191
15194
15201
15202
15208
15216
15219
15226
15226
15235
15237
15243
15248
15252
15257
15261
15268
15271
15279
15285
15287
15293
15297
15306
15309
15313
15321
15325
15327
15334
15338
15344
15346
15356
15357
15362
15370
15376
15379
15385
15390
15394
15401
15405
15408
15411
15417
15425
15426
15433
15436
15446
15449
15453
15458
15461
15471
15475
15479
15484
15490
15492
15497
15505
15508
15511
15517
15521
15527
15535
15536
15541
15547
15555
15558
15564
15567
15576
15580
15581
15588
15593
15600
15601
15608
15613
15617
15622
15629
15634
15636
15645
15647
15655
15659
15661
15671
15675
15678
15681
15691
15691
15697
15701
15707
15711
15721
15725
15726
15736
15739
15744
15747
15755
15757
15766
15771
15772
15779
15782
15791
15792
15797
15803
15809
15814
15821
15824
15829
15833
15836
15845
15851
15855
15859
15861
15866
15872
15878
15886
15887
15893
15900
15906
15911
15911
15921
15925
15931
15932
15939
15944
15946
15955
15957
15963
15966
15973
15978
15985
15990
15995
15998
16003
16007
16014
16018
16024
16031
16032
16040
16046
16046
16055
16059
16063
16066
16074
16079
16082
16087
16095
16098
16104
16109
16115
16116
16124
16130
16131
16137
16146
16146
16152
16161
16162
16166
16173
16177
16183
16187
16192
16200
16203
16207
16214
16216
16224
16228
16233
16241
16241
16250
16253
16257
16262
16266
16274
16281
16285
16288
16291
16297
16304
16307
16312
16318
16326
16326
16332
16336
16345
16347
16356
16359
16366
16366
16371
16377
16382
16386
16391
16399
16401
16411
16416
16421
16421
16426
16433
16438
16441
16449
16454
16456
16461
16466
16475
16477
16486
16488
16495
16498
16503
16507
16516
16520
16524
16530
16531
16538
16543
16549
16552
16560
16564
16569
16575
16579
16582
16591
16596
16600
16604
16610
16612
16621
16622
16626
16634
16640
16646
16648
16652
16657
16661
16667
16674
16680
16681
16688
16694
16701
16701
16707
16716
16717
16724
16730
16735
16737
16745
16746
16753
16758
16762
16771
16771
16778
16783
16791
16792
16801
16802
16808
16816
16818
16823
16831
16832
16838
16842
16849
16856
16859
16865
16870
16874
16881
16885
16890
16891
16897
16906
16908
16914
16918
16925
16929
16931
16938
16943
16947
16952
16959
16961
16971
16971
16980
16984
16986
16995
17000
17005
17008
17011
17021
17025
17030
17034
17040
17044
17048
17051
17060
17066
17068
17072
17078
17081
17089
17095
17099
17105
17109
17115
17118
17122
17129
17131
17138
17143
17150
17151
17157
17161
17166
17176
17177
17186
17188
17192
17201
17206
17207
17216
17219
17225
17229
17233
17239
17244
17249
17252
17260
17263
17267
17275
17277
17286
17286
17293
17297
17305
17306
17316
17320
17321
17326
17333
17339
17341
17346
17356
17356
17366
17371
17373
17378
17384
17390
17392
17401
17403
17411
17415
17417
17424
17430
17431
17438
17446
17446
17454
17460
17461
17468
17472
17477
17483
17490
17495
17500
17501
17507
17514
17518
17525
17527
17531
17536
17543
17548
17555
17558
17566
17567
17575
17576
17586
17586
17593
17600
17606
17606
17613
17621
17626
17627
17634
17641
17644
17647
17656
17660
17664
17666
17671
17679
17684
17687
17692
17696
17706
17708
17714
17716
17721
17727
17733
17739
17745
17751
17754
17759
17765
17766
17776
17778
17781
17787
17796
17800
17801
17808
17811
17816
17825
17831
17831
17840
17846
17851
17855
17860
17863
17866
17872
17881
17884
17886
17892
17896
17906
17909
17915
17918
17921
17927
17935
17939
17942
17950
17955
17960
17966
17969
17972
17976
17983
17986
17991
17996
18001
18010
18016
18017
18026
18029
18035
18038
18046
18046
18054
18057
18066
18071
18072
18080
18085
18090
18093
18097
18101
18111
18111
18121
18121
18131
18135
18136
18144
18151
18155
18158
18161
18170
18175
18179
18185
18189
18191
18198
18205
18209
18216
18220
18221
18226
18233
18239
18246
18247
18254
18256
18261
18271
18276
18277
18286
18288
18291
18300
18306
18310
18311
18316
18321
18328
18334
18336
18345
18350
18355
18359
18362
18370
18374
18380
18383
18391
18396
18396
18406
18411
18413
18417
18423
18430
18434
18438
18442
18446
18453
18456
18465
18468
18474
18480
18486
18486
18492
18500
18504
18509
18512
18521
18524
18527
18533
18541
18545
18547
18552
18558
18563
18568
18575
18580
18581
18589
18594
18600
18605
18606
18613
18617
18623
18627
18631
18638
18646
18651
18652
18660
18665
18669
18674
18677
18683
18691
18693
18700
18701
18708
18711
18717
18721
18727
18733
18739
18743
18747
18756
18759
18765
18769
18774
18778
18786
18788
18792
18801
18802
18810
18812
18819
18822
18828
18831
18840
18841
18850
18852
18859
18866
18867
18872
18880
18882
18891
18891
18899
18903
18910
18911
18917
18922
18927
18933
18938
18941
18946
18955
18961
18965
18968
18973
18976
18985
18991
18994
18997
19004
19010
19012
19016
19021
19031
19035
19041
19046
19047
19052
19057
19061
19066
19074
19079
19084
19086
19091
19100
19103
19108
19115
19118
19124
19128
19134
19139
19145
19151
19151
19156
19162
19170
19172
19177
19183
19191
19195
19197
19206
19206
19213
19217
19226
19228
19236
19238
19246
19249
19251
19257
19261
19266
19273
19277
19284
19288
19291
19301
19302
19307
19315
19321
19326
19328
19336
19336
19343
19346
19355
19361
19361
19369
19375
19377
19386
19389
19394
19400
19405
19408
19411
19421
19424
19431
19433
19441
19445
19447
19453
19459
19466
19471
19473
19480
19485
19490
19494
19497
19503
19507
19512
19516
19522
19529
19536
19538
19546
19550
19553
19561
19566
19571
19573
19581
19585
19591
19593
19596
19603
19606
19612
19619
19625
19628
19635
19639
19643
19650
19656
19660
19665
19666
19675
19677
19683
19687
19692
19701
19704
19709
19714
19720
19721
19729
19733
19739
19746
19751
19752
19756
19764
19771
19775
19780
19782
19791
19795
19801
19803
19811
19811
19816
19824
19830
19831
19836
19841
19848
19855
19857
19863
19871
19874
19881
19884
19888
19894
19896
19902
19906
19911
19918
19923
19927
19933
19937
19946
19950
19951
19961
19964
19969
19974
19976
19983
19989
19995
19998
20005
20009
20012
20016
20025
20026
20032
20038
20042
20048
20055
20059
20062
20068
20071
20076
20082
20087
20095
20097
20102
20107
20116
20121
20121
20128
20132
20137
20143
20148
20154
20161
20166
20169
20176
20179
20186
20187
20194
20197
20204
20207
20216
20221
20224
20228
20232
20239
20243
20250
20253
20257
20265
20267
20272
20278
20284
20290
20291
20298
20306
20308
20312
20320
20324
20328
20336
20341
20345
20347
20355
20360
20365
20371
20376
20379
20386
20388
20393
20398
20401
20410
20416
20417
20421
20427
20432
20436
20445
20451
20455
20460
20462
20466
20475
20479
20484
20486
20494
20499
20503
20511
20512
20518
20524
20526
20531
20540
20546
20550
20555
20556
20564
20571
20573
20578
20583
20587
20591
20601
20606
20610
20616
20616
20623
20626
20633
20641
20645
20649
20656
20660
20662
20667
20671
20680
20681
20691
20691
20697
20703
20707
20715
20719
20722
20726
20734
20736
20744
20746
20755
20756
20766
20766
20772
20780
20786
20787
20793
20799
20803
20808
20813
20821
20822
20826
20831
20836
20842
20849
20855
20859
20862
20868
20874
20881
20886
20888
20892
20900
20904
20911
20912
20921
20923
20926
20933
20941
20946
20950
20953
20958
20964
20969
20975
20980
20985
20990
20991
20999
21006
21007
21016
21017
21025
21027
21032
21041
21041
21051
21055
21057
21061
21068
21071
21080
21084
21087
21091
21099
21103
21110
21114
21119
21126
21131
21132
21141
21144
21149
21153
21159
21161
21167
21173
21179
21182
21189
21194
21197
21201
21208
21211
21217
21223
21231
21236
21239
21245
21246
21254
21258
21265
21271
21271
21278
21284
21291
21295
21300
21306
21306
21316
21318
21325
21329
21334
21340
21345
21351
21352
21360
21362
21370
21372
21379
21382
21387
21391
21398
21401
21409
21411
21418
21424
21430
21434
21437
21443
21449
21452
21460
21462
21469
21474
21477
21482
21488
21493
21501
21501
21509
21514
21516
21524
21527
21534
21538
21546
21547
21552
21560
21562
21571
21572
21577
21581
21589
21592
21599
21605
21609
21616
21621
21625
21627
21634
21636
21645
21649
21651
21659
21666
21669
21672
21681
21684
21687
21694
21696
21702
21709
21712
21716
21723
21729
21735
21737
21741
21746
21755
21756
21765
21766
21772
21776
21782
21790
21793
21798
21805
21811
21811
21817
21822
21830
21836
21838
21846
21851
21851
21858
21862
21871
21873
21879
21886
21887
21892
21898
21903
21908
21915
21916
21926
21931
21931
21937
21945
21946
21956
21960
21963
21970
21974
21976
21985
21990
21993
21998
22001
22007
22016
22021
22022
22031
22032
22041
22041
22051
22052
22057
22062
22068
22073
22078
22082
22088
22094
22101
22105
22108
22114
22117
22123
22126
22135
22141
22143
22148
22153
22159
22164
22166
22171
22180
22183
22187
22195
22199
22202
22207
22212
22220
22226
22229
22232
22238
22245
22250
22256
22260
22264
22268
22275
22277
22282
22286
22294
22297
22302
22307
22311
22321
22324
22331
22332
22340
22344
22347
22356
22358
22361
22371
22376
22381
22381
22390
22395
22397
22402
22406
22412
22416
22425
22429
22435
22436
22446
22449
22454
22458
22464
22469
22471
22479
22481
22488
22496
22499
22503
22510
22515
22518
22524
22526
22534
22536
22546
22548
22551
22561
22562
22569
22574
22580
22586
22588
22592
22598
22601
22611
22613
22618
22621
22631
22635
22640
22646
22648
22653
22660
22665
22671
22671
22679
22685
22690
22693
22696
22702
22710
22712
22721
22721
22731
22731
22739
22742
22750
22755
22761
22761
22770
22775
22776
22783
22788
22796
22799
22804
22807
22816
22817
22825
22830
22836
22840
22841
22848
22852
22858
22864
22866
22871
22879
22886
22886
22893
22898
22903
22908
22915
22919
22926
22928
22931
22938
22946
22951
22951
22958
22963
22968
22975
22976
22984
22988
22995
22999
23006
23006
23012
23020
23021
23028
23036
23039
23042
23046
23053
23059
23061
23070
23074
23081
23085
23088
23093
23101
23102
23111
23116
23121
23121
23130
23136
23136
23146
23149
23153
23161
23163
23168
23171
23178
23186
23188
23195
23198
23203
23209
23211
23216
23225
23226
23233
23237
23244
23248
23255
23257
23264
23271
23276
23277
23286
23290
23295
23296
23303
23309
23311
23318
23326
23326
23334
23340
23343
23349
23353
23360
23363
23368
23374
23376
23386
23388
23395
23397
23404
23406
23411
23420
23421
23430
23432
23437
23441
23447
23454
23458
23466
23468
23476
23479
23482
23491
23491
23499
23505
23508
23511
23516
23524
23529
23531
23540
23541
23550
23554
23560
23562
23567
23571
23581
23583
23590
23595
23597
23606
23607
23616
23621
23624
23628
23633
23640
23645
23648
23653
23661
23663
23668
23674
23676
23684
23686
23694
23697
23704
23711
23712
23718
23726
23728
23734
23740
23745
23750
23751
23760
23766
23769
23776
23780
23786
23786
23792
23797
23804
23811
23813
23819
23826
23829
23834
23837
23844
23847
23851
23859
23861
23870
23876
23879
23886
23890
23896
23898
23901
23908
23913
23916
23925
23929
23932
23941
23944
23948
23956
23959
23963
23969
23975
23977
23983
23990
23991
23998
24005
24010
24016
24021
24022
24030
24034
24036
24044
24048
24051
24059
24066
24067
24076
24080
24086
24086
24093
24099
24101
24107
24113
24120
24126
24129
24132
24141
24144
24147
24152
24158
24164
24169
24175
24179
24184
24189
24196
24197
24206
24210
24215
24216
24225
24227
24231
24241
24243
24250
24253
24256
24263
24269
24276
24280
24286
24286
24293
24299
24306
24311
24316
24321
24324
24331
24332
24336
24343
24346
24354
24360
24362
24369
24374
24381
24381
24388
24393
24400
24401
24407
24414
24418
24422
24430
24436
24439
24442
24450
24452
24457
24461
24471
24471
24479
24486
24487
24495
24498
24505
24507
24515
24517
24523
24530
24534
24539
24544
24547
24552
24556
24561
24566
24575
24581
24583
24588
24595
24596
24601
24606
24611
24618
24623
24627
24635
24637
24644
24647
24654
24657
24664
24667
24675
24678
24686
24691
24691
24701
24705
24707
24713
24720
24722
24731
24735
24740
24745
24747
24756
24757
24764
24767
24773
24780
24781
24788
24795
24801
24805
24806
24813
24819
24825
24827
24834
24841
24846
24846
24856
24860
24866
24870
24871
24878
24881
24889
24895
24898
24902
24909
24915
24921
24926
24929
24931
24938
24946
24950
24953
24957
24966
24966
24973
24976
24981
24989
24996
24999
25004
25006
25011
25016
25024
25028
25031
25039
25043
25047
25055
25061
25065
25069
25076
25077
25082
25086
25096
25101
25102
25107
25111
25121
25123
25127
25136
25137
25141
25150
25155
25158
25166
25170
25172
25178
25185
25187
25194
25197
25203
25208
25216
25221
25221
25226
25235
25238
25242
25247
25256
25260
25261
25266
25276
25281
25285
25288
25291
25301
25302
25306
25312
25321
25324
25331
25334
25341
25344
25349
25351
25357
25361
25371
25371
25376
25381
25388
25393
25401
25401
25410
25413
25417
25421
25429
25435
25439
25446
25446
25451
25458
25466
25467
25475
25477
25486
25491
25492
25498
25506
25510
25515
25519
25523
25526
25536
25541
25546
25551
25553
25558
25565
25570
25576
25578
25583
25587
25594
25600
25605
25610
25615
25621
25624
25629
25634
25640
25643
25650
25652
25658
25661
25668
25674
25677
25681
25688
25691
25696
25702
25711
25712
25718
25723
25728
25734
25737
25746
25750
25756
25758
25761
25770
25776
25778
25786
25789
25794
25800
25806
25807
25814
25820
25825
25827
25836
25839
25842
25849
25853
25856
25864
25869
25876
25876
25881
25888
25894
25900
25906
25906
25912
25919
25922
25931
25935
25939
25945
25949
25955
25956
25961
25969
25973
25977
25983
25990
25995
25998
26003
26006
26014
26020
26025
26026
26036
26041
26045
26046
26055
26061
26066
26068
26073
26077
26084
26088
26094
26101
26101
26106
26116
26118
26121
26127
26133
26140
26146
26149
26155
26157
26161
26171
26174
26178
26184
26186
26193
26199
26202
26210
26214
26219
26226
26227
26234
26240
26241
26247
26255
26257
26265
26270
26271
26281
26283
26290
26291
26301
26303
26311
26314
26317
26323
26326
26336
26338
26344
26346
26353
26359
26362
26367
26372
26378
26385
26389
26394
26399
26403
26410
26411
26418
26422
26428
26434
26438
26443
26451
26453
26456
26466
26469
26476
26476
26483
26490
26495
26498
26501
26511
26514
26516
26522
26528
26536
26537
26545
26551
26556
26559
26561
26568
26572
26577
26585
26587
26596
26597
26606
26607
26613
26618
26621
26627
26634
26636
26643
26646
26655
26657
26665
26668
26671
26676
26684
26690
26695
26700
26702
26709
26714
26716
26722
26728
26732
26736
26746
26749
26752
26759
26766
26771
26772
26779
26781
26786
26795
26797
26802
26809
26811
26818
26823
26828
26831
26841
26846
26850
26852
26856
26866
26869
26876
26880
26881
26890
26891
26898
26904
26911
26916
26916
26923
26929
26934
26939
26943
26946
26953
26958
26965
26967
26975
26976
26986
26990
26994
27001
27005
27007
27013
27020
27023
27026
27035
27037
27045
27049
27054
27059
27062
27069
27071
27079
27081
27086
27093
27097
27101
27110
27111
27117
27122
27127
27135
27141
27143
27146
27152
27157
27162
27167
27171
27181
27182
27186
27192
27196
27203
27209
27211
27220
27222
27226
27235
27240
27245
27249
27252
27259
27262
27267
27275
27279
27286
27291
27294
27297
27304
27309
27315
27321
27325
27331
27334
27336
27345
27351
27351
27358
27363
27369
27375
27378
27383
27387
27392
27397
27406
27406
27413
27419
27425
27431
27433
27440
27444
27448
27452
27461
27463
27469
27474
27481
27484
27488
27493
27501
27501
27508
27512
27518
27523
27528
27535
27536
27543
27550
27554
27558
27564
27571
27572
27581
27583
27590
27593
27597
27604
27609
27613
27617
27626
27626
27635
27636
27641
27649
27651
27657
27662
27668
27674
27677
27684
27687
27691
27700
27703
27711
27711
27719
27721
27726
27733
27737
27745
27748
27755
27758
27766
27766
27775
27778
27783
27786
27794
27796
27803
27811
27815
27819
27825
27830
27832
27840
27841
27847
27855
27861
27862
27870
27875
27876
27881
27891
27896
27896
27903
27906
27915
27921
27923
27929
27934
27939
27941
27946
27954
27959
27962
27971
27976
27979
27981
27990
27992
27999
28002
28007
28016
28020
28025
28030
28035
28038
28043
28046
28052
28056
28063
28068
28076
28081
28086
28090
28093
28100
28104
28107
28114
28119
28122
28130
28136
28138
28146
28151
28153
28161
28163
28171
28172
28177
28185
28187
28196
28197
28202
28209
28214
28221
28222
28228
28234
28239
28243
28251
28252
28258
28264
28267
28272
28281
28281
28287
28293
28297
28301
28308
28315
28321
28324
28329
28331
28338
28344
28346
28356
28357
28361
28366
28375
28378
28386
28391
28393
28399
28401
28406
28411
28418
28425
28428
28436
28441
28443
28446
28455
28456
28465
28467
28471
28481
28481
28488
28491
28497
28501
28511
28512
28518
28522
28531
28533
28537
28543
28549
28555
28558
28561
28571
28571
28579
28581
28589
28596
28597
28603
28610
28612
28619
28626
28631
28633
28641
28643
28648
28652
28659
28665
28666
28671
28681
28685
28689
28691
28701
28703
28707
28713
28718
28725
28728
28733
28738
28743
28748
28754
28757
28764
28771
28771
28778
28782
28790
28794
28801
28805
28806
28812
28818
28823
28826
28833
28838
28845
28847
28856
28857
28863
28870
28875
28877
28886
28887
28896
28897
28903
28910
28916
28921
28923
28931
28932
28938
28941
28947
28956
28956
28962
28966
28976
28979
28983
28990
28996
29000
29003
29006
29015
29021
29023
29027
29035
29040
29041
29046
29056
29060
29065
29071
29073
29079
29083
29087
29093
29100
29101
29108
29115
29116
29121
29128
29134
29139
29142
29150
29155
29158
29164
29167
29176
29178
29181
29187
29193
29200
29206
29208
29214
29220
29224
29227
29233
29237
29241
29246
29253
29257
29263
29268
29271
29276
29285
29289
29292
29296
29301
29311
29316
29316
29325
29329
29333
29341
29342
29350
29354
29361
29362
29369
29372
29377
29381
29390
29396
29398
29402
29406
29415
29418
29421
29427
29433
29438
29446
29446
29455
29458
29466
29470
29473
29477
29482
29486
29493
29501
29503
29508
29515
29520
29525
29527
29532
29538
29546
29546
29552
29558
29564
29571
29574
29581
29581
29589
29596
29601
29603
29611
29615
29618
29622
29630
29631
29636
29646
29651
29656
29657
29663
29667
29673
29678
29686
29689
29694
29698
29704
29711
29711
29721
29724
29729
29734
29741
29742
29747
29754
29757
29765
29770
29774
29779
29784
29791
29795
29800
29806
29807
29813
29821
29825
29831
29834
29836
29845
29850
29855
29857
29861
29867
29871
29881
29881
29889
29892
29898
29902
29907
29911
29919
29924
29931
29932
29939
29941
29951
29956
29958
29964
29966
29972
29979
29981
29987
29993
29997
30005
30008
30013
30021
30023
30030
30035
30041
30045
30046
30052
30060
30066
30067
30072
30076
30085
30086
30091
30101
30101
30110
30114
30120
30123
30130
30136
30139
30141
30146
30151
30160
30162
30171
30176
30176
30184
30189
30192
30197
30201
30206
30212
30217
30223
30229
30236
30237
30244
30247
30254
30257
30264
30266
30272
30277
30286
30288
30295
30298
30303
30311
30316
30321
30322
30331
30335
30341
30346
30348
30351
30359
30363
30370
30374
30381
30386
30389
30394
30397
30405
30407
30412
30418
30422
30426
30432
30440
30445
30449
30451
30458
30462
30466
30474
30480
30483
30487
30495
30497
30504
30510
30513
30516
30521
30529
30535
30539
30543
30547
30553
30559
30566
30571
30574
30579
30583
30587
30592
30596
30604
30610
30611
30616
30626
30631
30631
30641
30641
30651
30652
30658
30664
30667
30674
30678
30684
30688
30696
30701
30704
30709
30716
30719
30721
30728
30735
30736
30743
30747
30751
30759
30764
30770
30772
30776
30785
30788
30791
30798
30804
30811
30813
30819
30821
30831
30834
30839
30842
30850
30855
30859
30866
30868
30873
30877
30882
30886
30894
30899
30904
30908
30913
30918
30923
30930
30935
30941
30945
30946
30955
30959
30966
30967
30973
30978
30985
30986
30992
30997
31003
31007
31015
31021
31026
31031
31033
31036
31043
31050
31052
31058
31064
31067
31071
31080
31081
31086
31092
31100
31106
31110
31116
31118
31125
31126
31134
31139
31146
31148
31151
31157
31166
31167
31176
31181
31185
31188
31191
31199
31206
31210
31215
31219
31223
31229
31234
31240
31243
31250
31254
31257
31262
31268
31271
31276
31281
31287
31292
31296
31304
31308
31315
31320
31321
31328
31331
31338
31345
31350
31353
31360
31364
31369
31375
31380
31385
31389
31394
31401
31402
31411
31415
31418
31424
31429
31431
31441
31442
31448
31454
31456
31465
31468
31471
31481
31483
31486
31495
31501
31504
31511
31511
31520
31525
31531
31531
31537
31546
31550
31553
31557
31563
31567
31574
31580
31584
31588
31591
31598
31604
31608
31613
31621
31624
31626
31635
31637
31646
31647
31653
31661
31665
31669
31676
31681
31685
31686
31695
31699
31701
31710
31715
31718
31726
31728
31731
31736
31742
31746
31751
31758
31766
31770
31776
31779
31782
31788
31791
31801
31804
31808
31811
31817
31822
31831
31836
31839
31844
31848
31855
31859
31865
31869
31876
31881
31881
31891
31891
31901
31902
31911
31916
31920
31923
31928
31936
31939
31944
31950
31953
31961
31965
31970
31974
31978
31983
31991
31994
31999
32006
32011
32012
32018
32025
32031
32035
32040
32044
32046
32053
32061
32061
32071
32072
32080
32085
32086
32094
32097
32104
32106
32111
32117
32126
32130
32132
32138
32146
32147
32153
32156
32164
32170
32174
32176
32184
32189
32196
32200
32204
32209
32212
32221
32225
32227
32232
32238
32244
32248
32252
32260
32262
32271
32273
32278
32284
32290
32295
32299
32306
32307
32311
32320
32321
32330
32333
32339
32343
32350
32353
32356
32364
32367
32372
32380
32381
32388
32393
32400
32401
32410
32413
32419
32425
32431
32431
32441
32442
32449
32453
32460
32462
32469
32471
32480
32481
32488
32493
32496
32505
32507
32516
32520
32525
32529
32533
32536
32542
32549
32553
32557
32566
32568
32571
32577
32581
32589
32592
32601
32603
32608
32613
32619
32623
32627
32632
32641
32645
32650
32656
32659
32661
32670
32671
32679
32682
32690
32696
32699
32702
32707
32711
32719
32725
32727
32733
32737
32744
32746
32752
32757
32762
32768
32772
32778
32783
32788
32795
32799
32806
32811
32812
32816
32824
32831
32835
32836
32846
32848
32852
32857
32863
32870
32872
32876
32881
32887
32895
32901
32903
32908
32912
32916
32924
32927
32931
32941
32946
32947
32951
32957
32966
32968
32974
32978
32983
32988
32991
32999
33002
33007
33013
33017
33023
33030
33032
33039
33043
33046
33052
33056
33063
33071
33076
33081
33084
33086
33095
33097
33102
33109
33114
33119
33121
33131
33134
33137
33146
33148
33153
33161
33162
33166
33173
33179
33183
33190
33196
33198
33203
33207
33214
33220
33223
33228
33234
33236
33241
33246
33251
33261
33262
33269
33276
33281
33283
33289
33292
33296
33301
33307
33312
33317
33322
33326
33335
33338
33344
33351
33355
33357
33361
33368
33372
33381
33382
33388
33394
33400
33404
33407
33414
33420
33421
33427
33436
33438
33444
33450
33454
33459
33463
33467
33473
33476
33481
33490
33496
33498
33502
33511
33512
33518
33525
33526
33531
33541
33545
33549
33552
33560
33561
33567
33575
33577
33581
33586
33594
33599
33605
33608
33613
33617
33626
33627
33633
33636
33644
33651
33651
33657
33663
33669
33671
33679
33684
33691
33693
33697
33704
33708
33714
33717
33722
33731
33736
33738
33742
33748
33753
33758
33765
33771
33775
33778
33783
33791
33795
33797
33804
33806
33815
33816
33824
33831
33833
33841
33844
33846
33853
33860
33861
33870
33874
33878
33882
33887
33894
33899
33903
33910
33916
33920
33923
33931
33931
33938
33943
33946
33953
33958
33964
33971
33972
33981
33986
33990
33993
33998
34001
34011
34011
34020
34026
34029
34033
34036
34046
34047
34053
34060
34064
34066
34072
34079
34081
34086
34095
34100
34101
34111
34113
34116
34121
34128
34134
34138
34145
34146
34154
34160
34163
34171
34171
34177
34185
34186
34196
34196
34201
34211
34216
34221
34226
34226
34233
34236
34241
34249
34256
34260
34264
34270
34274
34281
34282
34289
34295
34297
34301
34311
34315
34316
34325
34326
34331
34339
34344
34349
34355
34357
34363
34366
34375
34377
34381
34390
34391
34397
34402
34410
34416
34417
34426
34431
34436
34436
34442
34451
34452
34460
34463
34470
34471
34480
34481
34487
34495
34499
34503
34511
34516
34521
34521
34529
34535
34536
34546
34551
34551
34559
34562
34568
34576
34579
34584
34588
34595
34600
34603
34607
34614
34617
34622
34628
34634
34641
34642
34649
34651
34659
34663
34667
34671
34678
34681
34691
34694
34700
34701
34709
34715
34716
34724
34728
34736
34739
34742
34750
34754
34758
34764
34766
34773
34781
34785
34787
34794
34799
34802
34807
34816
34816
34822
34831
34831
34836
34841
34848
34854
34857
34864
34870
34872
34878
34881
34891
34894
34899
34903
34910
34912
34917
34921
34928
34932
34941
34942
34950
34955
34958
34963
34970
34973
34981
34986
34988
34991
34998
35005
35007
35015
35021
35022
35026
35036
35040
35045
35047
35056
35058
35064
35066
35071
35077
35082
35089
35092
35099
35104
35109
35111
35119
35121
35126
35135
35141
35142
35149
35151
35157
35161
35167
35176
35179
35185
35187
35195
35197
35201
35206
35214
35217
35226
35230
35233
35238
35242
35248
35255
35258
35263
35266
35276
35276
35282
35291
35293
35301
35301
35310
35315
35318
35326
35330
35335
35337
35343
35346
35351
35360
35363
35367
35376
35379
35381
35388
35396
35396
35403
35410
35415
35419
35425
35430
35436
35439
35442
35449
35456
35461
35465
35468
35475
35479
35481
35488
35495
35499
35505
35510
35512
35517
35526
35529
35531
35541
35542
35548
35552
35559
35563
35568
35576
35579
35581
35590
35591
35598
35606
35611
35615
35619
35622
35629
35634
35640
35641
35650
35656
35660
35666
35671
35672
35676
35685
35690
35695
35700
35702
35711
35713
35718
35723
35730
35731
35738
35741
35746
35755
35756
35762
35766
35771
35780
35785
35790
35792
35796
35801
35809
35814
35821
35821
35831
35834
35836
35843
35849
35855
35858
35861
35871
35872
35876
35882
35890
35891
35901
35906
35907
35916
35919
35925
35929
35935
35938
35941
35950
35955
35960
35966
35969
35973
35981
35984
35990
35991
36001
36006
36011
36015
36021
36026
36031
36035
36040
36045
36049
36054
36058
36065
36066
36076
36079
36084
36086
36092
36100
36104
36110
36116
36118
36123
36127
36135
36139
36145
36149
36154
36157
36165
36171
36171
36176
36181
36187
36196
36200
36202
36208
36211
36220
36224
36228
36233
36241
36244
36247
36254
36259
36261
36267
36273
36280
36286
36288
36293
36299
36305
36308
36311
36320
36322
36329
36334
36338
36344
36351
36356
36358
36363
36367
36371
36380
36382
36391
36396
36400
36404
36409
36413
36419
36422
36429
36436
36439
36445
36448
36456
36461
36463
36470
36472
36477
36485
36491
36494
36500
36502
36510
36514
36516
36525
36531
36536
36536
36543
36549
36556
36558
36562
36566
36574
36576
36581
36589
36594
36600
36604
36609
36615
36618
36624
36629
36631
36638
36643
36650
36654
36660
36663
36667
36671
36677
36682
36688
36693
36699
36703
36710
36714
36719
36725
36729
36733
36740
36745
36748
36754
36756
36766
36770
36771
36777
36785
36789
36795
36801
36801
36810
36816
36817
36826
36826
36836
36840
36841
36847
36854
36857
36865
36866
36875
36879
36886
36887
36891
36901
36902
36908
36911
36921
36925
36929
36932
36941
36945
36950
36955
36958
36963
36968
36972
36980
36982
36986
36994
36996
37002
37007
37013
37020
37022
37026
37031
37041
37046
37049
37056
37058
37065
37070
37073
37079
37085
37089
37093
37098
37105
37110
37116
37117
37126
37129
37133
37140
37141
37150
37153
37157
37161
37171
37171
37181
37185
37186
37193
37197
37203
37208
37214
37221
37223
37230
37231
37241
37246
37251
37254
37257
37264
37268
37276
37278
37282
37287
37294
37298
37305
37307
37313
37317
37323
37329
37332
37336
37344
37348
37351
37359
37366
37366
37373
37376
37383
37389
37392
37398
37404
37407
37412
37421
37423
37427
37433
37439
37443
37447
37451
37456
37461
37467
37472
37478
37482
37487
37494
37497
37506
37509
37515
37521
37522
37527
37533
37537
37545
37547
37552
37557
37562
37566
37576
37579
37583
37588
37591
37599
37603
37609
37616
37619
37624
37628
37635
37640
37641
37648
37651
37659
37665
37667
37676
37679
37684
37691
37696
37696
37702
37706
37715
37716
37724
37731
37732
37740
37741
37749
37753
37756
37765
37767
37776
37777
37785
37786
37792
37801
37804
37806
37815
37817
37821
37826
37833
37839
37845
37851
37855
37859
37866
37867
37871
37878
37883
37887
37891
37896
37902
37911
37916
37916
37925
37930
37934
37938
37946
37951
37956
37959
37963
37971
37971
37976
37981
37988
37995
38000
38004
38006
38016
38019
38023
38028
38033
38038
38044
38049
38051
38061
38062
38067
38074
38081
38085
38088
38096
38101
38105
38108
38112
38116
38125
38127
38132
38139
38142
38148
38155
38160
38165
38168
38175
38180
38185
38190
38192
38200
38201
38211
38214
38218
38226
38227
38236
38240
38244
38250
38254
38259
38261
38269
38276
38281
38281
38288
38291
38299
38306
38306
38311
38317
38324
38331
38331
38339
38346
38349
38354
38357
38365
38366
38372
38379
38386
38389
38392
38401
38405
38407
38414
38417
38425
38429
38433
38437
38441
38446
38453
38457
38464
38468
38476
38478
38482
38486
38492
38496
38505
38509
38513
38517
38521
38529
38534
38540
38542
38546
38554
38560
38566
38570
38571
38580
38582
38587
38591
38601
38606
38606
38616
38618
38624
38626
38634
38638
38642
38647
38656
38656
38663
38671
38673
38681
38682
38687
38691
38700
38705
38711
38716
38716
38726
38727
38733
38739
38746
38751
38754
38757
38761
38768
38772
38778
38786
38790
38796
38796
38806
38807
38813
38817
38821
38828
38832
38836
38841
38848
38853
38856
38864
38867
38876
38877
38881
38890
38896
38900
38905
38906
38911
38916
38925
38927
38935
38941
38943
38950
38951
38960
38963
38970
38974
38980
38984
38991
38994
38998
39002
39006
39013
39020
39022
39029
39032
39039
39044
39050
39051
39060
39062
39069
39071
39077
39084
39089
39096
39100
39103
39110
39115
39116
39123
39131
39132
39141
39146
39151
39151
39158
39162
39169
39173
39179
39183
39191
39193
39196
39201
39207
39211
39220
39222
39230
39235
39237
39244
39248
39255
39258
39264
39267
39275
39280
39284
39290
39291
39298
39306
39306
39313
39319
39324
39326
39333
39340
39343
39348
39352
39358
39366
39366
39372
39381
39386
39388
39392
39397
39405
39409
39412
39419
39422
39429
39436
39441
39446
39451
39455
39460
39466
39468
39475
39476
39486
39487
39496
39498
39503
39509
39512
39518
39521
39528
39534
39536
39543
39551
39553
39561
39563
39568
39573
39580
39585
39591
39595
39598
39601
39607
39613
39618
39625
39628
39631
39637
39642
39651
39655
39660
39665
39667
39676
39681
39684
39688
39691
39699
39704
39706
39715
39720
39726
39731
39731
39737
39745
39749
39751
39758
39761
39771
39773
39781
39782
39788
39794
39801
39804
39811
39815
39818
39822
39829
39836
39840
39841
39848
39856
39861
39864
39871
39874
39876
39883
39890
39894
39896
39901
39908
39914
39916
39921
39927
39934
39937
39946
39947
39952
39960
39961
39970
39974
39977
39983
39991
39992
39998
40005
40008
40016
40018
40025
40026
40034
40037
40046
40051
40051
40059
40065
40067
40071
40081
40082
40086
40093
40099
40106
40106
40116
40116
40126
40126
40131
40140
40145
40147
40155
40160
40166
40170
40176
40176
40185
40186
40194
40200
40201
40210
40215
40219
40221
40231
40233
40238
40243
40250
40254
40257
40261
40269
40272
40281
40283
40291
40292
40299
40302
40310
40312
40318
40322
40326
40335
40337
40342
40350
40356
40359
40366
40366
40375
40379
40384
40390
40393
40400
40401
40408
40412
40419
40425
40428
40435
40437
40446
40450
40455
40460
40465
40471
40475
40476
40486
40491
40491
40498
40505
40507
40516
40520
40524
40531
40531
40540
40546
40549
40553
40558
40561
40568
40575
40579
40581
40587
40593
40596
40603
40609
40613
40618
40626
40628
40633
40640
40645
40646
40651
40656
40663
40671
40673
40677
40685
40686
40693
40700
40702
40710
40712
40718
40724
40727
40733
40740
40741
40747
40756
40758
40763
40771
40772
40780
40781
40787
40792
40798
40803
40809
40815
40818
40825
40830
40832
40836
40844
40847
40852
40859
40863
40868
40875
40879
40884
40887
40891
40898
40904
40911
40913
40918
40925
40928
40933
40941
40941
40948
40951
40959
40961
40970
40972
40981
40982
40987
40994
41000
41002
41010
41011
41021
41024
41026
41035
41036
41045
41050
41053
41058
41062
41071
41076
41076
41085
41090
41092
41101
41104
41106
41116
41118
41123
41130
41132
41141
41146
41151
41154
41159
41162
41166
41176
41176
41185
41186
41195
41198
41202
41211
41212
41217
41224
41229
41231
41236
41246
41246
41254
41257
41266
41268
41273
41281
41286
41286
41294
41298
41301
41307
41312
41319
41321
41328
41332
41340
41345
41348
41352
41357
41362
41366
41373
41379
41386
41391
41394
41397
41404
41407
41413
41420
41421
41426
41433
41436
41446
41451
41455
41460
41462
41466
41472
41480
41486
41488
41493
41501
41502
41506
41516
41521
41525
41528
41535
41537
41541
41546
41551
41557
41564
41567
41576
41581
41586
41590
41596
41599
41605
41609
41616
41621
41624
41627
41633
41636
41643
41648
41656
41661
41666
41668
41673
41678
41686
41690
41696
41698
41702
41707
41716
41718
41721
41726
41734
41740
41741
41749
41754
41758
41766
41769
41776
41778
41786
41788
41792
41797
41804
41808
41813
41817
41825
41830
41832
41840
41842
41850
41852
41861
41865
41869
41871
41879
41883
41889
41892
41898
41902
41906
41912
41917
41924
41928
41934
41937
41942
41950
41954
41956
41963
41968
41972
41981
41981
41990
41995
41998
42006
42008
42015
42020
42024
42029
42034
42040
42042
42050
42053
42057
42065
42067
42071
42078
42085
42086
42092
42098
42103
42110
42111
42121
42122
42128
42136
42139
42142
42146
42156
42160
42164
42168
42175
42180
42184
42188
42191
42196
42204
42209
42211
42221
42223
42229
42236
42237
42242
42251
42251
42258
42263
42267
42275
42277
42283
42291
42294
42301
42302
42308
42316
42317
42326
42328
42331
42337
42344
42346
42355
42356
42365
42369
42371
42376
42381
42390
42396
42397
42405
42409
42412
42417
42422
42431
42434
42437
42443
42451
42452
42457
42462
42469
42473
42480
42481
42487
42496
42501
42504
42511
42516
42517
42526
42531
42535
42541
42545
42546
42551
42559
42563
42567
42576
42580
42583
42590
42596
42598
42601
42611
42616
42619
42622
42627
42635
42636
42642
42650
42651
42658
42661
42669
42672
42678
42681
42687
42692
42700
42706
42708
42715
42718
42726
42729
42731
42737
42743
42747
42755
42756
42761
42766
42773
42778
42785
42791
42796
42801
42801
42809
42815
42820
42822
42828
42833
42840
42844
42851
42855
42859
42864
42867
42874
42880
42884
42887
42896
42897
42904
42911
42913
42918
42923
42931
42932
42941
42945
42947
42954
42957
42963
42968
42972
42979
42981
42989
42993
43000
43001
43007
43015
43020
43025
43028
43033
43036
43046
43048
43053
43060
43066
43070
43072
43079
43083
43086
43091
43100
43105
43107
43116
43120
43126
43131
43132
43138
43143
43150
43154
43158
43164
43169
43175
43179
43182
43189
43194
43196
43205
43210
43215
43217
43223
43229
43233
43237
43246
43246
43252
43260
43262
43268
43275
43277
43282
43290
43293
43300
43301
43307
43314
43318
43321
43329
43334
43341
43343
43351
43351
43359
43365
43369
43373
43377
43382
43391
43392
43401
43406
43408
43416
43417
43421
43431
43436
43436
43446
43450
43451
43458
43465
43467
43471
43477
43482
43489
43494
43501
43502
43511
43513
43519
43524
43526
43531
43540
43542
43546
43554
43556
43564
43571
43576
43578
43582
43589
43592
43601
43603
43607
43612
43616
43621
43628
43631
43638
43643
43651
43653
43656
43666
43668
43676
43679
43686
43688
43696
43699
43706
43711
43713
43717
43724
43731
43731
43739
43742
43750
43755
43756
43762
43768
43774
43777
43786
43786
43796
43797
43804
43806
43811
43816
43823
43827
43833
43840
43842
43848
43854
43861
43861
43871
43873
43879
43883
43887
43894
43901
43905
43910
43913
43920
43926
43931
43931
43940
43941
43946
43954
43960
43963
43968
43972
43976
43985
43986
43993
43996
44004
44007
44011
44016
44024
44030
44031
44036
44046
44049
44056
44058
44062
44070
44075
44076
44086
44091
44092
44096
44104
44109
44113
44121
44125
44129
44134
44137
44143
44150
44156
44159
44166
44168
44171
44179
44183
44191
44195
44200
44206
44210
44211
44221
44226
44226
44234
44236
44244
44250
44252
44257
44263
44268
44273
44279
44285
44288
44294
44296
44305
44311
44314
44321
44325
44327
44334
44337
44342
44351
44351
44361
44366
44369
44373
44377
44386
44386
44392
44396
44406
44407
44415
44419
44422
44429
44434
44438
44444
44451
44456
44457
44461
44468
44475
44481
44484
44488
44496
44499
44506
44508
44511
44519
44521
44526
44536
44536
44545
44548
44552
44557
44563
44570
44571
44577
44581
44591
44593
44601
44604
44609
44614
44619
44624
44628
44634
44637
44643
44651
44654
44656
44666
44667
44674
44680
44685
44689
44693
44701
44703
44709
44713
44719
44722
44727
44731
44737
44741
44746
44751
44760
44765
44769
44773
44779
44786
44791
44796
44796
44804
44808
44815
44816
44825
44830
44831
44839
44843
44846
44855
44858
44863
44871
44874
44878
44882
44887
44895
44896
44903
44908
44912
44920
44922
44931
44933
44939
44945
44946
44954
44961
44961
44970
44972
44978
44983
44989
44991
44999
45002
45010
45011
45017
45024
45031
45034
45036
45042
45047
45054
45060
45064
45068
45071
45076
45084
45086
45094
45097
45102
45109
45116
45116
45126
45127
45133
45136
45146
45150
45152
45158
45161
45171
45176
45180
45185
45189
45196
45200
45204
45211
45216
45217
45225
45226
45235
45240
45246
45247
45252
45257
45263
45266
45272
45281
45281
45286
45295
45296
45306
45308
45313
45320
45322
45328
45336
45339
45346
45347
45353
45357
45361
45368
45376
45378
45382
45386
45394
45396
45401
45410
45415
45416
45422
45427
45431
45436
45441
45451
45455
45461
45464
45470
45476
45477
45481
45490
45491
45500
45501
45510
45511
45516
45522
45528
45535
45539
45543
45548
45556
45557
45563
45571
45576
45579
45581
45586
45592
45597
45605
45611
45615
45621
45624
45627
45636
45639
45645
45649
45652
45660
45665
45667
45671
45681
45681
45686
45693
45700
45701
45711
45711
45719
45723
45729
45734
45737
45744
45747
45756
45756
45763
45767
45773
45778
45782
45789
45796
45798
45804
45806
45811
45820
45822
45831
45836
45839
45842
45850
45853
45860
45864
45867
45875
45879
45884
45891
45896
45898
45901
45907
45915
45920
45922
45930
45933
45938
45944
45946
45951
45957
45961
45967
45971
45977
45984
45990
45991
45997
46006
46011
46013
46017
46024
46026
46033
46039
46046
46051
46054
46058
46061
46066
46074
46080
46083
46088
46091
46098
46104
46109
46113
46119
46121
46128
46133
46139
46143
46147
46155
46160
46165
46171
46172
46179
46186
46188
46191
46200
46203
46209
46213
46219
46226
46231
46235
46236
46245
46249
46252
46257
46266
46268
46273
46277
46286
46286
46292
46296
46305
46311
46314
46320
46323
46327
46334
46339
46344
46348
46351
46357
46362
46368
46371
46379
46384
46388
46393
46400
46404
46409
46413
46418
46424
46429
46431
46436
46445
46448
46453
46456
46461
46469
46471
46478
46486
46491
46494
46498
46505
46509
46515
46516
46522
46527
46534
46541
46544
46551
46554
46556
46566
46570
46572
46576
46581
46590
46593
46599
46601
46611
46611
46616
46625
46630
46632
46640
46644
46646
46651
46656
46662
46667
46672
46676
46681
46688
46695
46697
46706
46708
46714
46721
46723
46726
46735
46739
46744
46748
46753
46756
46765
46769
46776
46778
46781
46791
46792
46799
46803
46807
46815
46818
46825
46829
46834
46841
46846
46847
46855
46860
46864
46870
46872
46880
46885
46886
46896
46899
46903
46910
46912
46918
46926
46931
46935
46938
46945
46951
46951
46961
46961
46970
46975
46979
46986
46990
46992
47001
47004
47011
47013
47020
47026
47027
47031
47041
47041
47048
47052
47059
47066
47070
47076
47078
47083
47088
47096
47098
47106
47106
47112
47118
47125
47128
47133
47137
47145
47147
47153
47156
47163
47168
47176
47178
47181
47186
47196
47201
47202
47209
47213
47221
47222
47230
47236
47238
47246
47249
47251
47261
47261
47266
47276
47281
47282
47288
47293
47296
47302
47310
47313
47316
47323
47330
47334
47336
47342
47350
47351
47361
47363
47370
47376
47380
47383
47388
47392
47396
47406
47406
47414
47421
47421
47426
47435
47437
47445
47449
47455
47457
47463
47470
47473
47481
47484
47488
47491
47498
47505
47508
47512
47518
47522
47531
47534
47537
47542
47548
47556
47559
47565
47571
47576
47581
47583
47587
47595
47599
47601
47608
47615
47616
47621
47631
47631
47638
47646
47647
47656
47661
47661
47666
47673
47678
47682
47689
47694
47698
47704
47710
47715
47721
47725
47726
47734
47736
47743
47751
47754
47759
47765
47771
47771
47777
47781
47788
47793
47796
47805
47811
47811
47817
47821
47829
47831
47839
47842
47847
47855
47861
47861
47866
47873
47878
47886
47887
47895
47900
47906
47907
47914
47921
47922
47931
47936
47937
47942
47950
47952
47959
47964
47969
47972
47981
47982
47991
47992
48001
48006
48006
48012
48020
48021
48031
48034
48039
48044
48051
48053
48060
48065
48069
48073
48080
48083
48086
48091
48096
48102
48108
48112
48117
48121
48131
48133
48137
48146
48151
48154
48156
48166
48167
48172
48181
48183
48190
48195
48199
48201
48208
48213
48220
48226
48226
48233
48241
48242
48248
48255
48260
48263
48266
48275
48279
48286
48291
48293
48299
48302
48311
48313
48319
48326
48326
48336
48339
48345
48348
48353
48359
48364
48371
48376
48378
48384
48388
48395
48401
48404
48408
48414
48421
48426
48427
48435
48436
48441
48447
48454
48460
48465
48466
48476
48478
48485
48490
48495
48500
48502
48510
48512
48519
48526
48531
48536
48539
48546
48549
48556
48557
48561
48567
48574
48576
48586
48589
48595
48600
48602
48611
48612
48617
48622
48631
48632
48637
48642
48651
48652
48659
48666
48667
48674
48681
48684
48686
48692
48701
48703
48707
48711
48719
48721
48727
48735
48737
48744
48749
48756
48758
48761
48770
48773
48780
48786
48790
48796
48798
48805
48807
48813
48818
48825
48826
48835
48838
48843
48851
48854
48858
48866
48870
48871
48879
48886
48886
48896
48899
48902
48911
48916
48921
48923
48929
48935
48940
48946
48949
48956
48960
48962
48967
48973
48981
48984
48990
48994
48996
49002
49009
49016
49017
49026
49028
49035
49038
49042
49051
49056
49060
49061
49068
49076
49081
49082
49091
49096
49100
49102
49108
49111
49119
49122
49128
49132
49139
49142
49150
49153
49158
49164
49169
49172
49177
49181
49187
49193
49200
49206
49206
49212
49217
49226
49227
49236
49241
49242
49246
49252
49258
49265
49271
49275
49280
49283
49288
49293
49298
49305
49308
49311
49316
49325
49328
49334
49339
49346
49348
49353
49356
49366
49368
49376
49376
49385
49390
49395
49397
49403
49411
49411
49417
49425
49430
49433
49441
49446
49448
49455
49457
49463
49469
49472
49477
49483
49489
49494
49500
49505
49507
49513
49517
49523
49526
49536
49538
49543
49548
49551
49559
49564
49568
49572
49580
49584
49591
49594
49600
49605
49608
49614
49621
49621
49631
49635
49639
49645
49650
49651
49661
49661
49667
49671
49676
49681
49686
49696
49696
49702
49707
49714
49721
49721
49727
49735
49737
49741
49747
49754
49761
49764
49768
49776
49777
49785
49790
49796
49798
49803
49811
49816
49818
49821
49827
49831
49840
49842
49846
49852
49859
49861
49867
49872
49879
49881
49889
49894
49900
49905
49910
49916
49919
49926
49927
49931
49938
49941
49951
49951
49961
49963
49970
49974
49976
49981
49989
49995
50000
