2
9
12
21
26
27
32
40
41
46
52
59
64
68
72
78
83
91
95
97
106
107
113
119
124
127
132
141
143
149
156
160
161
167
171
178
183
190
196
201
204
211
214
220
222
228
236
241
243
246
255
260
261
268
275
277
282
291
291
298
303
307
315
321
322
329
333
337
345
347
353
361
361
369
371
378
385
388
391
397
405
411
414
417
426
430
433
436
443
451
451
456
465
469
476
479
486
490
496
497
502
509
514
520
522
529
535
540
544
549
552
559
566
569
574
579
581
587
591
597
603
608
611
616
624
630
634
640
643
649
652
656
663
669
674
677
682
690
692
696
701
710
716
716
724
730
736
738
744
746
753
760
764
771
775
776
784
790
794
798
805
807
816
818
822
828
832
836
845
848
854
857
865
870
873
876
886
889
895
897
905
908
911
921
921
926
931
940
944
951
953
956
965
969
976
976
981
988
994
998
1003
1009
1015
1016
1025
1029
1034
1038
1041
1051
1055
1061
1061
1068
1074
1079
1081
1090
1094
1101
1106
1110
1112
1121
1121
1127
1133
1140
1143
1149
1154
1157
1162
1170
1174
1177
1182
1189
1192
1198
1205
1209
1213
1217
1222
1229
1236
1239
1243
1251
1256
1261
1266
1270
1271
1280
1282
1289
1292
1298
1305
1311
1313
1318
1324
1329
1332
1336
1344
1346
1352
1358
1363
1366
1376
1380
1384
1389
1394
1396
1403
1409
1411
1418
1425
1431
1435
1438
1446
1448
1453
1457
1464
1469
1473
1481
1484
1489
1495
1497
1505
1507
1511
1519
1522
1528
1536
1539
1546
1550
1551
1558
1566
1566
1571
1579
1583
1586
1594
1598
1605
1607
1611
1618
1621
1626
1634
1637
1642
1647
1653
1660
1666
1671
1673
1677
1684
1686
1693
1698
1705
1709
1712
1716
1725
1728
1732
1740
1743
1746
1756
1761
1763
1767
1775
1780
1785
1791
1793
1799
1803
1807
1815
1817
1824
1827
1832
1837
1842
1849
1852
1860
1866
1866
1876
1876
1886
1887
1893
1901
1906
1909
1911
1919
1926
1928
1931
1938
1946
1951
1951
1956
1966
1970
1974
1976
1986
1990
1993
1999
2003
2009
2016
2019
2026
2027
2034
2038
2043
2049
2054
2061
2062
2066
2072
2076
2085
2088
2093
2101
2102
2106
2113
2121
2121
2129
2134
2138
2142
2148
2152
2157
2163
2167
2174
2181
2184
2188
2196
2200
2206
2207
2212
2217
2226
2230
2232
2239
2241
2247
2255
2258
2264
2266
2276
2276
2283
2290
2291
2299
2306
2310
2316
2321
2325
2328
2334
2339
2346
2346
2356
2361
2363
2367
2376
2377
2386
2388
2395
2401
2403
2406
2413
2416
2424
2426
2432
2440
2443
2451
2456
2458
2466
2471
2476
2478
2486
2491
2496
2496
2504
2509
2514
2517
2525
2526
2532
2538
2546
2549
2555
2556
2564
2571
2573
2576
2586
2586
2593
2597
2601
2610
2616
2618
2625
2628
2636
2640
2646
2648
2653
2658
2662
2670
2671
2676
2684
2689
2695
2698
2701
2706
2714
2721
2722
2729
2735
2736
2743
2748
2756
2757
2761
2766
2774
2779
2782
2790
2794
2797
2803
2808
2812
2819
2822
2831
2836
2840
2845
2850
2853
2858
2865
2869
2876
2876
2885
2887
2891
2896
2902
2906
2915
2916
2926
2929
2931
2940
2946
2950
2952
2959
2963
2967
2975
2978
2982
2986
2993
3001
3004
3008
3014
3020
3023
3028
3033
3038
3042
3047
3054
3060
3064
3067
3075
3078
3084
3089
3095
3097
3104
3107
3113
3121
3123
3128
3131
3138
3143
3147
3156
3157
3164
3167
3176
3180
3184
3187
3195
3201
3204
3211
3216
3220
3222
3230
3234
3239
3241
3250
3256
3257
3264
3269
3271
3277
3281
3288
3292
3300
3303
3306
3313
3319
3326
3330
3336
3336
3341
3350
3354
3359
3366
3371
3375
3376
3385
3391
3391
3400
3405
3407
3416
3420
3424
3428
3436
3438
3444
3447
3456
3457
3465
3469
3475
3481
3485
3487
3491
3496
3502
3506
3516
3516
3522
3529
3533
3538
3544
3547
3556
3559
3563
3570
3576
3578
3584
3587
3596
3598
3601
3610
3615
3620
3624
3626
3636
3639
3642
3649
3656
3659
3663
3671
3671
3678
3683
3691
3695
3698
3702
3710
3716
3717
3725
3730
3735
3740
3743
3751
3753
3760
3761
3770
3775
3779
3784
3790
3791
3797
3801
3809
3811
3816
3826
3827
3832
3837
3845
3847
3856
3856
3862
3868
3871
3881
3883
3889
3896
3901
3904
3911
3912
3918
3925
3928
3931
3936
3944
3951
3951
3959
3965
3966
3975
3980
3983
3990
3993
3996
4003
4008
4014
4017
4022
4029
4032
4036
4046
4050
4054
4061
4066
4071
4076
4077
4082
4087
4093
4097
4103
4110
4112
4117
4125
4128
4131
4140
4144
4146
4154
4158
4163
4166
4174
4179
4182
4191
4194
4201
4205
4207
4213
4220
4222
4226
4236
4238
4246
4250
4256
4256
4264
4268
4275
4278
4283
4288
4293
4301
4305
4309
4316
4321
4322
4331
4336
4337
4343
4347
4352
4358
4366
4368
4371
4377
4386
4387
4395
4399
4404
4410
4411
4416
4425
4429
4435
4439
4444
4450
4452
4461
4462
4466
4473
4481
4484
4486
4495
4499
4504
4508
4516
4521
4524
4530
4531
4541
4541
4548
4555
4561
4561
4571
4573
4579
4582
4586
4592
4596
4602
4610
4611
4621
4626
4626
4635
4638
4642
4650
4653
4660
4663
4669
4675
4677
4685
4689
4694
4697
4701
4711
4714
4718
4721
4729
4736
4740
4742
4748
4752
4759
4763
4770
4774
4779
4785
4788
4793
4801
4806
4809
4816
4816
4822
4831
4835
4837
4846
4851
4852
4861
4861
4869
4872
4880
4884
4890
4896
4899
4906
4907
4912
4921
4923
4927
4936
4936
4941
4947
4951
4961
4966
4967
4972
4979
4983
4988
4991
4998
5001
5007
5013
5021
5024
5028
5032
5041
5042
5046
5053
5058
5061
5068
5074
5079
5084
5091
5096
5101
5102
5109
5116
5121
5125
5127
5136
5141
5143
5147
5154
5159
5166
5171
5172
5180
5185
5190
5192
5201
5202
5211
5213
5216
5224
5231
5235
5238
5245
5246
5256
5260
5266
5271
5275
5281
5285
5289
5292
5299
5301
5309
5315
5317
5321
5330
5336
5340
5341
5350
5353
5360
5362
5367
5373
5381
5382
5388
5393
5396
5403
5409
5413
5420
5426
5426
5435
5440
5443
5446
5451
5459
5464
5468
5472
5477
5486
5489
5493
5496
5506
5509
5511
5517
5524
5526
5533
5541
5542
5546
5554
5561
5563
5569
5576
5578
5584
5591
5594
5596
5604
5609
5612
5619
5622
5631
5636
5636
5642
5651
5654
5657
5663
5670
5673
5680
5682
5687
5695
5696
5703
5709
5714
5720
5725
5726
5735
5741
5743
5750
5756
5760
5763
5771
5771
5778
5786
5787
5792
5801
5806
5810
5815
5821
5821
5827
5836
5841
5841
5849
5854
5860
5866
5867
5872
5879
5884
5888
5891
5899
5902
5907
5911
5921
5924
5929
5933
5937
5942
5946
5953
5958
5962
5971
5974
5979
5986
5991
5996
5997
6005
6006
6013
6016
6025
6031
6034
6036
6043
6048
6054
6060
6066
6068
6073
6076
6085
6090
6093
6101
6105
6109
6113
6118
6122
6128
6132
6138
6144
6151
6155
6157
6164
6167
6174
6179
6185
6189
6196
6198
6204
6207
6216
6221
6223
6229
6235
6237
6241
6251
6252
6261
6265
6268
6274
6280
6284
6287
6295
6296
6302
6311
6314
6316
6323
6328
6334
6341
6343
6346
6354
6360
6363
6370
6372
6378
6386
6390
6393
6399
6402
6409
6415
6416
6425
6427
6431
6440
6441
6446
6455
6456
6465
6466
6475
6481
6482
6487
6494
6500
6501
6506
6512
6519
6523
6530
6532
6539
6542
6549
6551
6558
6564
6566
6571
6576
6582
6588
6594
6597
6602
6609
6613
6617
6624
6627
6636
6636
6642
6646
6651
6661
6666
6670
6673
6681
6685
6688
6692
6698
6704
6707
6713
6721
6722
6731
6733
6741
6741
6747
6752
6760
6766
6767
6771
6776
6782
6789
6793
6801
6806
6811
6816
6816
6825
6830
6835
6839
6845
6848
6851
6859
6861
6870
6875
6879
6884
6891
6891
6898
6904
6911
6912
6916
6925
6930
6933
6936
6946
6951
6955
6960
6964
6967
6972
6978
6984
6989
6993
6996
7006
7011
7014
7018
7026
7031
7031
7036
7044
7049
7054
7059
7061
7068
7075
7081
7081
7090
7096
7098
7102
7111
7112
7118
7123
7131
7132
7140
7144
7150
7156
7160
7165
7170
7172
7176
7183
7186
7196
7199
7206
7206
7216
7217
7226
7229
7234
7240
7245
7246
7254
7259
7266
7269
7271
7279
7286
7291
7296
7299
7304
7306
7316
7316
7325
7330
7335
7336
7345
7349
7353
7356
7366
7368
7376
7381
7382
7391
7393
7398
7405
7406
7414
7421
7421
7429
7435
7437
7442
7446
7453
7460
7463
7470
7472
7480
7483
7488
7492
7498
7502
7507
7515
7519
7524
7527
7533
7541
7544
7550
7552
7561
7561
7568
7572
7576
7584
7588
7595
7600
7602
7608
7616
7616
7625
7629
7635
7636
7643
7650
7654
7659
7663
7667
7676
7681
7684
7689
7696
7700
7706
7707
7713
7720
7721
7728
7736
7736
7745
7747
7755
7759
7764
7767
7775
7778
7784
7787
7796
7798
7801
7807
7813
7820
7826
7828
7831
7839
7846
7849
7853
7861
7861
7869
7873
7880
7884
7890
7896
7898
7901
7907
7916
7921
7921
7926
7933
7937
7941
7947
7953
7958
7965
7969
7971
7976
7986
7988
7996
7996
8004
8007
8015
8016
8025
8028
8034
8041
8042
8046
8056
8057
8066
8067
8075
8078
8086
8087
8092
8101
8104
8111
8114
8121
8121
8127
8135
8138
8142
8150
8154
8157
8164
8168
8174
8176
8183
8189
8196
8201
8206
8208
8211
8216
8224
8231
8236
8240
8246
8251
8254
8259
8264
8267
8273
8276
8286
8288
8291
8297
8301
8307
8316
8319
8323
8331
8334
8336
8346
8348
8352
8359
8364
8369
8375
8376
8384
8386
8392
8398
8403
8409
8411
8421
8422
8428
8434
8436
8441
8451
8455
8458
8461
8466
8475
8480
8484
8489
8492
8496
8505
8507
8516
8521
8522
8528
8534
8540
8541
8551
8551
8556
8562
8568
8573
8577
8586
8591
8596
8599
8602
8606
8615
8618
8625
8631
8633
8641
8646
8647
8656
8657
8661
8670
8671
8680
8685
8690
8691
8697
8702
8710
8712
8719
8726
8727
8733
8737
8745
8749
8754
8757
8764
8767
8773
8781
8782
8791
8795
8800
8805
8809
8811
8819
8825
8829
8832
8836
8843
8847
8854
8857
8863
8866
8875
8881
8886
8886
8892
8897
8905
8908
8911
8919
8925
8931
8932
8938
8941
8948
8952
8958
8961
8968
8975
8981
8982
8988
8995
9001
9005
9010
9016
9019
9023
9030
9036
9038
9041
9047
9052
9058
9063
9067
9071
9081
9086
9090
9096
9098
9106
9109
9115
9120
9123
9131
9133
9136
9143
9150
9153
9158
9165
9170
9171
9179
9185
9186
9193
9200
9202
9211
9213
9217
9223
9228
9233
9239
9243
9248
9254
9258
9264
9269
9273
9277
9285
9287
9291
9297
9305
9308
9311
9320
9322
9329
9334
9338
9345
9349
9353
9361
9365
9367
9375
9379
9386
9387
9396
9400
9406
9407
9413
9416
9424
9430
9436
9439
9441
9450
9454
9459
9462
9469
9472
9476
9485
9488
9493
9501
9504
9507
9513
9519
9525
9526
9531
9540
9542
9548
9554
9561
9561
9567
9576
9580
9583
9588
9594
9600
9603
9608
9615
9619
9621
9627
9631
9640
9641
9651
9655
9659
9663
9666
9671
9681
9682
9688
9694
9699
9703
9708
9715
9721
9722
9728
9736
9737
9742
9748
9751
9759
9761
9766
9775
9776
9783
9787
9794
9796
9806
9807
9813
9819
9826
9830
9831
9838
9845
9846
9852
9860
9864
9868
9871
9877
9881
9889
9894
9896
9901
9906
9913
9921
9923
9929
9934
9940
9942
9950
9952
9956
9965
9970
9974
9977
9986
9990
9992
10001
10005
10010
10015
10020
10022
10026
10035
10036
10041
10049
10056
10059
10063
10066
10074
10079
10084
10087
10093
10096
10101
10106
10111
10120
10123
10127
10136
10138
10144
10146
10156
10161
10164
10167
10175
10181
10183
10190
10196
10199
10205
10209
10212
10216
10222
10230
10236
10240
10244
10246
10252
10260
10266
10268
10276
10278
10285
10290
10293
10296
10306
10310
10311
10319
10322
10328
10332
10337
10346
10349
10352
10357
10366
10367
10375
10381
10383
10386
10391
10396
10401
10408
10413
10417
10421
10426
10436
10440
10444
10450
10456
10458
10466
10466
10476
10481
10485
10488
10493
10498
10505
10510
10515
10516
10522
10528
10536
10537
10542
10548
10555
10558
10564
10570
10571
10576
10585
10591
10591
10600
10601
10609
10611
10617
10625
10629
10631
10638
10642
10646
10656
10657
10662
10668
10672
10679
10683
10690
10691
10699
10702
10708
10712
10719
10724
10727
10731
10737
10744
10750
10755
10757
10766
10766
10776
10779
10781
10789
10795
10799
10805
10810
10813
10820
10823
10828
10836
10837
10846
10849
10854
10857
10862
10871
10873
10876
10885
10886
10896
10897
10903
10909
10914
10918
10922
10931
10936
10936
10944
10946
10952
10958
10965
10970
10975
10976
10985
10987
10991
10997
11003
11009
11011
11021
11023
11026
11035
11040
11044
11047
11054
11059
11062
11068
11074
11081
11084
11091
11094
11101
11105
11109
11111
11118
11121
11129
11136
11139
11145
11150
11151
11156
11166
11169
11172
11178
11183
11190
11192
11201
11201
11207
11216
11216
11224
11227
11234
11239
11243
11249
11251
11259
11266
11268
11276
11278
11285
11286
11293
11300
11303
11307
11311
11316
11321
11329
11335
11341
11343
11348
11354
11357
11361
11368
11374
11381
11382
11388
11393
11400
11402
11407
11411
11421
11424
11429
11435
11440
11443
11449
11452
11461
11466
11467
11476
11476
11482
11487
11492
11496
11502
11509
11514
11518
11521
11531
11534
11537
11545
11549
11551
11561
11562
11566
11575
11577
11586
11587
11591
11598
11601
11611
11615
11620
11625
11628
11631
11639
11642
11648
11656
11659
11662
11669
11671
11680
11681
11689
11691
11698
11702
11707
11715
11719
11723
11731
11736
11738
11741
11749
11754
11758
11762
11771
11773
11778
11784
11787
11795
11796
11805
11808
11816
11817
11825
11830
11833
11841
11841
11846
11855
11860
11866
11871
11874
11880
11881
11888
11893
11900
11906
11907
11912
11919
11922
11930
11935
11939
11946
11951
11955
11960
11963
11971
11976
11977
11985
11986
11992
11996
12003
12008
12011
12021
12024
12027
12031
12037
12045
12046
12055
12056
12062
12068
12071
12080
12082
12086
12095
12097
12104
12111
12111
12118
12123
12127
12134
12139
12145
12148
12155
12160
12163
12169
12174
12180
12185
12187
12196
12196
12202
12209
12215
12220
12223
12228
12231
12241
12245
12249
12252
12261
12264
12267
12275
12277
12285
12290
12291
12298
12301
12310
12311
12320
12326
12327
12331
12339
12343
12347
12352
12361
12363
12366
12373
12381
12385
12391
12392
12399
12406
12409
12412
12417
12424
12431
12432
12441
12446
12449
12456
12460
12463
12471
12471
12477
12481
12487
12491
12501
12501
12508
12515
12518
12521
12527
12534
12540
12543
12550
12555
12559
12564
12569
12571
12577
12585
12586
12593
12597
12605
12610
12613
12619
12625
12627
12631
12638
12643
12646
12652
12659
12662
12671
12671
12679
12683
12689
12693
12696
12705
12710
12715
12717
12724
12729
12735
12741
12745
12748
12753
12756
12765
12766
12775
12777
12781
12786
12794
12796
12803
12810
12816
12818
12825
12831
12836
12839
12844
12850
12851
12860
12861
12868
12873
12877
12883
12886
12891
12901
12905
12910
12912
12919
12925
12931
12934
12941
12944
12949
12956
12956
12964
12966
12974
12976
12984
12988
12991
13000
13005
13008
13015
13020
13024
13026
13034
13036
13046
13050
13056
13056
13066
13069
13072
13078
13082
13086
13093
13100
13106
13107
13112
13118
13122
13130
13135
13136
13144
13148
13156
13160
13166
13167
13173
13178
13183
13191
13192
13199
13202
13211
13216
13220
13223
13226
13233
13241
13245
13251
13251
13260
13263
13270
13274
13281
13286
13286
13294
13296
13301
13311
13312
13318
13322
13328
13331
13341
13345
13350
13355
13361
13366
13366
13373
13377
13381
13387
13391
13396
13401
13407
13416
13418
13423
13428
13434
13441
13441
13448
13454
13458
13466
13471
13475
13479
13482
13486
13491
13496
13503
13511
13513
13521
13521
13527
13535
13539
13543
13548
13551
13557
13565
13567
13571
13578
13586
13586
13593
13598
13603
13609
13611
13621
13622
13627
13632
13637
13642
13647
13651
13661
13664
13669
13671
13678
13682
13688
13691
13699
13702
13708
13713
13716
13723
13731
13735
13740
13745
13747
13751
13760
13761
13771
13774
13780
13784
13788
13793
13796
13803
13807
13813
13820
13823
13830
13831
13839
13841
13850
13852
13861
13865
13871
13873
13877
13882
13887
13894
13898
13901
13908
13911
13917
13924
13927
13931
13937
13941
13950
13953
13958
13962
13971
13971
13979
13983
13987
13991
13998
14006
14009
14016
14018
14025
14028
14035
14036
14041
14051
14056
14059
14065
14068
14076
14078
14081
14091
14096
14100
14106
14108
14116
14116
14124
14130
14136
14139
14146
14148
14154
14158
14164
14171
14174
14181
14185
14191
14195
14197
14202
14209
14212
14220
14222
14226
14232
14237
14242
14250
14251
14259
14262
14266
14276
14277
14284
14290
14291
14300
14303
14308
14312
14321
14321
14328
14332
14336
14342
14346
14355
14356
14366
14370
14376
14376
14381
14389
14394
14401
14404
14409
14414
14416
14424
14427
14431
14438
14445
14446
14452
14456
14464
14466
14476
14479
14483
14486
14494
14497
14504
14509
14515
14521
14526
14528
14532
14536
14543
14546
14552
14556
14561
14568
14571
14576
14583
14586
14594
14597
14603
14611
14616
14619
14622
14627
14636
14639
14646
14647
14654
14657
14666
14668
14671
14678
14684
14687
14696
14697
14702
14707
14712
14719
14725
14730
14731
14740
14741
14747
14752
14760
14761
14766
14772
14779
14785
14789
14793
14800
14804
14810
14814
14817
14822
14831
14832
14837
14842
14850
14854
14857
14862
14869
14874
14876
14881
14888
14892
14901
14901
14911
14913
14917
14924
14931
14934
14939
14941
14949
14954
14961
14961
14971
14974
14978
14983
14991
14993
14997
15006
15010
15015
15020
15025
15030
15035
15036
15044
15049
15054
15057
15061
15069
15075
15076
15081
15091
15096
15099
15101
15107
15111
15119
15125
15128
15132
15141
15142
15148
15151
15156
15161
15166
15175
15181
15181
15189
15195
15201
15206
15207
15215
15220
15222
15228
15232
15237
15244
15246
15251
15258
15264
15266
15271
15280
15281
15287
15291
15301
15304
15311
15311
15318
15325
15326
15336
15341
15345
15349
15351
15360
15363
15366
15375
15381
15385
15387
15393
15398
15403
15411
15415
15416
15425
15426
15435
15437
15444
15449
15453
15460
15461
15469
15471
15480
15483
15490
15496
15496
15504
15509
15514
15517
15525
15531
15536
15536
15542
15548
15553
15559
15563
15571
15571
15576
15583
15591
15593
15597
15602
15611
15616
15619
15626
15628
15636
15641
15642
15647
15654
15659
15663
15666
15672
15676
15684
15687
15691
15698
15701
15710
15716
15717
15726
15726
15734
15738
15741
15746
15753
15761
15762
15771
15774
15778
15783
15791
15792
15798
15802
15809
15815
15821
15824
15826
15831
15839
15841
15847
15855
15858
15862
15871
15875
15880
15886
15889
15895
15898
15905
15910
15912
15918
15923
15928
15934
15939
15946
15947
15951
15960
15966
15971
15973
15981
15986
15988
15991
15996
16001
16006
16014
16017
16024
16030
16031
16040
16043
16046
16056
16057
16062
16066
16071
16079
16085
16089
16094
16096
16101
16111
16111
16118
16121
16131
16135
16140
16143
16150
16155
16158
16166
16168
16174
16177
16184
16188
16195
16196
16206
16211
16211
16217
16223
16228
16236
16238
16243
16246
16251
16261
16262
16269
16272
16278
16286
16287
16293
16297
16303
16309
16313
16316
16324
16330
16335
16339
16342
16348
16354
16358
16363
16371
16372
16381
16383
16386
16393
16400
16403
16410
16412
16418
16424
16427
16431
16436
16446
16450
16452
16456
16461
16470
16475
16480
16485
16490
16494
16499
16506
16510
16516
16521
16522
16531
16534
16540
16541
16547
16552
16560
16562
16571
16573
16577
16581
16587
16593
16596
16605
16607
16615
16619
16626
16631
16636
16637
16643
16650
16656
16657
16663
16666
16674
16676
16682
16691
16694
16700
16702
16707
16716
16719
16726
16726
16735
16737
16741
16748
16752
16757
16763
16767
16774
16780
16783
16789
16795
16796
16801
16809
16816
16821
16826
16830
16835
16839
16845
16846
16855
16860
16863
16866
16873
16877
16885
16890
16895
16901
16903
16911
16912
16917
16921
16929
16935
16936
16944
16949
16951
16961
16966
16969
16975
16980
16984
16986
16995
17001
17005
17008
17012
17016
17024
17029
17036
17041
17042
17051
17054
17056
17064
17066
17075
17081
17082
17089
17091
17101
17104
17109
17115
17118
17124
17131
17135
17136
17141
17150
17151
17161
17163
17168
17173
17177
17183
17189
17192
17200
17204
17209
17213
17219
17224
17226
17235
17239
17241
17247
17251
17258
17264
17269
17274
17281
17282
17287
17293
17297
17302
17309
17311
17321
17321
17328
17333
17340
17344
17349
17356
17361
17363
17366
17372
17376
17385
17391
17395
17400
17402
17408
17412
17418
17422
17429
17431
17439
17442
17450
17451
17459
17462
17466
17472
17477
17485
17488
17492
17497
17504
17510
17514
17516
17525
17528
17531
17540
17545
17548
17552
17556
17564
17566
17575
17576
17585
17587
17596
17601
17604
17609
17611
17619
17626
17628
17633
17641
17643
17647
17651
17657
17663
17671
17674
17676
17683
17691
17693
17698
17701
17711
17713
17717
17722
17728
17732
17737
17743
17748
17755
17760
17766
17769
17776
17781
17782
17787
17793
17796
17806
17807
17815
17820
17822
17826
17835
17838
17841
17849
17856
17857
17865
17869
17874
17877
17886
17891
17895
17901
17904
17909
17913
17919
17925
17926
17931
17940
17946
17951
17951
17957
17962
17970
17971
17981
17983
17986
17993
17999
18003
18008
18013
18021
18024
18029
18033
18040
18045
18046
18052
18058
18062
18068
18076
18079
18082
18086
18096
18100
18101
18107
18115
18121
18123
18126
18135
18139
18141
18151
18153
18159
18165
18168
18173
18176
18184
18190
18196
18196
18206
18209
18214
18218
18223
18230
18235
18238
18242
18250
18253
18257
18266
18267
18276
18277
18281
18288
18294
18296
18301
18310
18316
18316
18324
18326
18334
18337
18346
18348
18351
18358
18366
18371
18373
18379
18382
18386
18393
18400
18404
18406
18415
18420
18424
18426
18431
18441
18446
18446
18456
18460
18465
18470
18472
18477
18484
18486
18493
18498
18502
18511
18514
18520
18526
18527
18534
18541
18541
18547
18552
18560
18564
18566
18572
18581
18584
18586
18594
18598
18603
18611
18613
18621
18624
18631
18635
18641
18645
18651
18653
18660
18663
18671
18671
18681
18685
18690
18696
18701
18702
18708
18713
18720
18723
18727
18734
18740
18746
18749
18751
18757
18765
18769
18775
18779
18784
18787
18791
18799
18806
18811
18812
18816
18826
18827
18836
18836
18844
18851
18855
18856
18864
18868
18876
18878
18886
18888
18891
18897
18902
18911
18916
18920
18921
18927
18932
18940
18942
18948
18954
18961
18961
18967
18974
18977
18984
18987
18994
19001
19002
19010
19011
19017
19024
19026
19033
19038
19045
19050
19056
19060
19062
19066
19072
19081
19081
19091
19093
19100
19101
19110
19114
19121
19124
19128
19135
19139
19143
19151
19151
19161
19163
19167
19171
19179
19184
19186
19193
19198
19205
19206
19213
19217
19226
19226
19232
19241
19243
19246
19256
19261
19263
19267
19275
19277
19286
19289
19296
19301
19303
19310
19312
19317
19326
19329
19331
19336
19345
19350
19356
19356
19361
19368
19375
19380
19382
19389
19396
19400
19401
19407
19415
19416
19423
19429
19435
19436
19444
19449
19455
19458
19462
19470
19476
19481
19482
19487
19491
19497
19503
19508
19513
19518
19521
19531
19533
19536
19544
19549
19556
19556
19561
19566
19571
19576
19581
19591
19594
19598
19603
19611
19613
19617
19624
19627
19631
19636
19646
19651
19654
19659
19662
19671
19675
19676
19684
19691
19691
19700
19702
19710
19711
19716
19721
19731
19734
19740
19743
19750
19753
19761
19764
19768
19771
19779
19785
19786
19794
19799
19806
19806
19814
19817
19825
19826
19836
19836
19844
19850
19854
19860
19862
19871
19871
19877
19882
19886
19892
19901
19902
19908
19914
19921
19923
19931
19935
19936
19943
19950
19952
19958
19963
19968
19976
19978
19985
19988
19995
19996
20004
20010
20014
20017
20026
20031
20033
20038
20042
20051
20052
20061
20065
20069
20075
20080
20083
20087
20095
20097
20103
20108
20111
20118
20126
20128
20133
20139
20144
20149
20154
20161
20164
20169
20176
20179
20183
20188
20192
20199
20201
20211
20212
20216
20224
20227
20231
20239
20246
20248
20251
20260
20261
20266
20273
20277
20286
20287
20295
20301
20306
20307
20314
20320
20321
20327
20331
20339
20344
20346
20354
20358
20362
20366
20371
20376
20384
20389
20394
20397
20404
20406
20411
20421
20423
20430
20436
20437
20441
20448
20452
20461
20466
20466
20474
20476
20486
20488
20491
20501
20504
20509
20514
20516
20523
20528
20536
20540
20541
20547
20555
20558
20563
20566
20573
20579
20584
20589
20596
20598
20606
20611
20616
20616
20624
20631
20632
20640
20646
20650
20653
20657
20661
20671
20672
20677
20682
20687
20695
20701
20706
20708
20712
20720
20723
20729
20731
20741
20744
20750
20752
20757
20761
20771
20774
20777
20785
20787
20791
20800
20801
20809
20816
20817
20825
20831
20836
20838
20842
20850
20855
20860
20866
20866
20873
20879
20881
20888
20894
20899
20903
20908
20915
20919
20922
20930
20936
20940
20945
20951
20951
20959
20964
20967
20976
20980
20981
20986
20992
20999
21005
21007
21012
21021
21022
21027
21031
21037
21045
21049
21053
21056
21063
21066
21071
21078
21082
21086
21092
21101
21101
21106
21116
21116
21122
21128
21133
21139
21146
21146
21153
21161
21162
21168
21175
21176
21186
21191
21196
21200
21201
21206
21212
21216
21226
21230
21233
21239
21245
21249
21251
21258
21263
21269
21275
21281
21284
21286
21291
21296
21301
21310
21314
21316
21324
21329
21334
21339
21343
21347
21355
21358
21364
21370
21372
21377
21383
21391
21393
21400
21405
21408
21412
21420
21425
21431
21436
21439
21443
21448
21456
21456
21466
21467
21474
21478
21485
21488
21491
21501
21503
21509
21513
21521
21523
21531
21531
21541
21546
21551
21551
21558
21562
21570
21576
21581
21585
21587
21594
21601
21606
21607
21611
21617
21625
21630
21635
21639
21643
21646
21654
21660
21661
21667
21673
21677
21686
21686
21695
21699
21706
21709
21715
21717
21721
21727
21732
21741
21745
21747
21751
21760
21762
21771
21776
21779
21781
21788
21795
21799
21801
21808
21814
21818
21823
21826
21834
21837
21844
21848
21855
21858
21864
21868
21875
21880
21881
21890
21892
21898
21901
21908
21913
21920
21921
21926
21935
21939
21944
21947
21952
21961
21964
21969
21974
21976
21982
21988
21992
21998
22006
22009
22016
22019
22023
22029
22034
22040
22042
22046
22055
22059
22065
22070
22074
22079
22083
22088
22094
22100
22105
22109
22114
22117
22124
22131
22135
22141
22141
22151
22151
22158
22165
22170
22176
22181
22185
22187
22191
22199
22205
22206
22211
22221
22223
22226
22236
22238
22242
22250
22252
22259
22265
22269
22271
22277
22284
22290
22292
22301
22304
22311
22313
22321
22321
22326
22332
22339
22343
22349
22355
22356
22364
22368
22375
22376
22386
22386
22391
22396
22402
22411
22415
22417
22425
22426
22431
22440
22443
22449
22451
22460
22463
22469
22476
22478
22485
22486
22494
22500
22502
22510
22514
22518
22525
22529
22535
22537
22542
22550
22553
22558
22563
22569
22576
22577
22585
22587
22594
22598
22601
22609
22615
22620
22625
22627
22633
22636
22642
22649
22654
22656
22663
22667
22673
22677
22681
22689
22692
22700
22702
22707
22716
22718
22725
22729
22733
22737
22743
22751
22754
22760
22764
22770
22773
22779
22782
22789
22794
22801
22801
22808
22811
22821
22824
22829
22836
22839
22844
22846
22856
22858
22862
22868
22872
22877
22884
22889
22896
22898
22901
22906
22912
22919
22925
22931
22933
22939
22944
22949
22952
22959
22964
22968
22976
22978
22984
22986
22995
23000
23006
23010
23013
23016
23024
23031
23033
23040
23046
23051
23051
23060
23065
23070
23072
23080
23082
23089
23091
23097
23102
23107
23116
23117
23126
23130
23135
23137
23142
23147
23152
23158
23164
23168
23176
23178
23184
23188
23192
23198
23205
23211
23213
23217
23226
23229
23233
23241
23244
23247
23252
23260
23262
23266
23276
23276
23283
23291
23295
23298
23303
23308
23315
23319
23324
23328
23333
23340
23342
23348
23354
23356
23363
23368
23375
23381
23382
23386
23394
23397
23401
23409
23415
23417
23422
23428
23436
23441
23444
23447
23455
23461
23462
23466
23471
23480
23484
23490
23496
23496
23504
23507
23516
23519
23526
23528
23534
23536
23542
23547
23552
23557
23562
23566
23572
23580
23581
23589
23593
23597
23603
23610
23615
23617
23625
23630
23635
23636
23642
23649
23652
23661
23661
23671
23675
23678
23681
23688
23692
23699
23704
23710
23712
23721
23726
23731
23736
23739
23743
23748
23751
23757
23765
23767
23773
23777
23783
23786
23795
23798
23806
23806
23811
23819
23825
23830
23832
23837
23841
23850
23852
23861
23863
23868
23876
23878
23884
23886
23891
23896
23902
23908
23912
23921
23925
23929
23934
23940
23941
23950
23956
23958
23962
23967
23971
23981
23986
23988
23995
24001
24003
24011
24014
24021
24023
24028
24036
24038
24043
24051
24051
24060
24066
24070
24074
24080
24082
24090
24093
24096
24103
24106
24114
24118
24125
24129
24132
24139
24145
24150
24151
24156
24164
24169
24175
24177
24183
24189
24193
24197
24206
24210
24215
24218
24222
24231
24232
24238
24244
24248
24252
24259
24261
24271
24274
24276
24283
24290
24292
24300
24303
24307
24312
24318
24323
24327
24333
24339
24344
24350
24354
24358
24362
24370
24371
24377
24381
24388
24391
24397
24403
24407
24411
24417
24422
24428
24436
24438
24445
24451
24456
24458
24465
24468
24471
24478
24485
24490
24492
24499
24502
24510
24514
24519
24526
24527
24536
24536
24545
24548
24555
24558
24561
24567
24572
24579
24583
24590
24595
24598
24603
24609
24616
24618
24625
24626
24635
24639
24644
24650
24651
24660
24663
24666
24675
24677
24685
24687
24693
24701
24705
24706
24711
24719
24723
24728
24736
24737
24743
24749
24755
24760
24763
24768
24772
24780
24782
24790
24792
24797
24801
24810
24815
24821
24821
24828
24832
24840
24842
24846
24852
24861
24863
24871
24875
24876
24883
24890
24891
24901
24905
24911
24916
24920
24925
24927
24934
24938
24946
24946
24952
24956
24963
24970
24971
24979
24983
24989
24994
24997
25001
25009
25016
25021
25022
25031
25031
25036
25043
25049
25056
25061
25061
25071
25072
25079
25084
25086
25094
25099
25106
25106
25112
25120
25125
25128
25134
25141
25144
25147
25155
25159
25164
25169
25172
25177
25183
25187
25192
25197
25202
25207
25213
25218
25224
25228
25234
25239
25243
25247
25256
25257
25262
25267
25271
25280
25284
25287
25295
25300
25301
25310
25316
25317
25326
25327
25333
25337
25341
25348
25351
25356
25364
25369
25371
25381
25383
25390
25393
25400
25404
25410
25412
25419
25426
25428
25435
25436
25441
25451
25452
25458
25463
25467
25473
25478
25485
25488
25493
25497
25501
25507
25511
25516
25524
25528
25533
25541
25545
25551
25554
25557
25564
25570
25575
25579
25583
25588
25592
25596
25603
25606
25611
25616
25625
25626
25631
25637
25643
25648
25656
25660
25661
25669
25671
25677
25685
25687
25695
25699
25701
25710
25716
25716
25725
25729
25735
25740
25741
25747
25752
25760
25765
25766
25775
25781
25782
25791
25792
25797
25805
25810
25811
25821
25826
25829
25836
25839
25841
25847
25856
25859
25861
25866
25876
25877
25884
25891
25893
25899
25906
25907
25912
25916
25925
25931
25933
25936
25945
25947
25953
25960
25966
25968
25973
25979
25985
25986
25994
25996
26006
26006
26013
26016
26023
26027
26032
26041
26045
26050
26055
26060
26062
26068
26076
26076
26081
26091
26095
26098
26102
26111
26113
26119
26126
26129
26131
26141
26141
26149
26155
26158
26163
26167
26176
26178
26182
26189
26196
26197
26201
26211
26216
26218
26225
26230
26236
26236
26242
26246
26255
26260
26265
26271
26276
26276
26284
26286
26295
26299
26304
26306
26313
26321
26322
26329
26335
26341
26342
26349
26353
26359
26365
26366
26371
26381
26385
26390
26396
26400
26401
26406
26411
26419
26423
26429
26436
26439
26444
26448
26452
26456
26462
26469
26476
26476
26484
26488
26494
26497
26506
26509
26514
26520
26523
26531
26533
26540
26545
26547
26553
26560
26566
26571
26576
26578
26583
26586
26592
26599
26602
26609
26614
26621
26621
26628
26631
26641
26641
26649
26651
26660
26664
26666
26673
26681
26682
26691
26692
26698
26703
26711
26713
26716
26725
26731
26731
26736
26742
26747
26756
26758
26763
26771
26772
26778
26784
26789
26793
26796
26803
26807
26813
26819
26823
26826
26836
26841
26843
26848
26854
26860
26861
26869
26875
26878
26885
26891
26892
26897
26906
26908
26915
26917
26925
26928
26933
26941
26941
26946
26951
26960
26961
26966
26973
26976
26985
26989
26991
26996
27002
27009
27013
27016
27022
27030
27035
27036
27043
27049
27053
27060
27064
27071
27071
27078
27085
27089
27096
27100
27101
27111
27115
27116
27123
27130
27135
27137
27142
27151
27156
27157
27162
27171
27174
27180
27182
27188
27193
27201
27203
27211
27215
27221
27225
27226
27235
27241
27245
27250
27255
27261
27263
27268
27272
27279
27281
27289
27291
27296
27304
27310
27312
27320
27325
27326
27336
27336
27345
27349
27355
27356
27364
27370
27376
27381
27382
27390
27394
27401
27404
27407
27415
27416
27422
27427
27436
27439
27443
27449
27454
27460
27463
27469
27474
27476
27481
27491
27496
27500
27502
27510
27514
27516
27521
27529
27532
27541
27544
27548
27556
27558
27564
27569
27573
27576
27585
27591
27594
27599
27606
27608
27612
27618
27626
27626
27632
27636
27641
27649
27654
27661
27664
27667
27672
27681
27686
27686
27695
27697
27702
27710
27714
27720
27721
27726
27732
27741
27742
27748
27756
27758
27763
27769
27775
27779
27783
27789
27796
27797
27802
27811
27815
27816
27823
27827
27831
27837
27841
27847
27851
27861
27862
27869
27871
27879
27886
27889
27895
27900
27901
27909
27911
27917
27921
27930
27936
27938
27943
27950
27951
27958
27965
27967
27974
27981
27983
27988
27994
28001
28001
28009
28015
28020
28022
28031
28035
28037
28046
28050
28053
28056
28061
28066
28071
28076
28086
28090
28091
28096
28103
28108
28114
28121
28124
28129
28132
28140
28145
28151
28156
28156
28162
28169
28172
28179
28185
28187
28191
28196
28203
28210
28213
28219
28225
28226
28231
28237
28245
28248
28256
28261
28266
28269
28271
28278
28282
28288
28291
28296
28303
28309
28312
28320
28325
28329
28332
28341
28345
28350
28351
28361
28361
28371
28373
28381
28386
28389
28392
28400
28406
28410
28411
28417
28422
28427
28434
28441
28442
28448
28456
28458
28466
28469
28474
28478
28485
28491
28491
28499
28505
28506
28512
28518
28522
28526
28532
28540
28542
28548
28551
28556
28563
28570
28575
28576
28585
28586
28593
28597
28606
28607
28611
28619
28622
28630
28632
28638
28643
28647
28651
28660
28665
28670
28671
28676
28686
28689
28691
28697
28701
28711
28714
28720
28721
28727
28731
28739
28743
28750
28754
28758
28765
28770
28771
28778
28785
28789
28794
28796
28803
28811
28815
28817
28823
28828
28836
28838
28843
28847
28853
28856
28866
28869
28875
28880
28881
28889
28894
28901
28901
28909
28916
28917
28923
28931
28932
28936
28946
28947
28954
28961
28962
28971
28971
28980
28986
28987
28996
28997
29001
29010
29015
29016
29022
29027
29036
29039
29044
29051
29056
29060
29064
29067
29072
29079
29086
29086
29091
29096
29104
29106
29111
29118
29122
29130
29135
29137
29141
29150
29153
29159
29165
29169
29174
29180
29186
29189
29195
29197
29203
29211
29215
29217
29223
29230
29235
29237
29245
29249
29253
29258
29261
29270
29271
29281
29285
29286
29294
29296
29305
29310
29313
29320
29324
29327
29331
29337
29344
29347
29352
29359
29365
29371
29372
29376
29382
29388
29394
29397
29402
29411
29411
29420
29421
29427
29435
29439
29444
29448
29453
29457
29465
29466
29472
29478
29485
29491
29493
29501
29504
29508
29514
29520
29524
29530
29533
29539
29544
29550
29554
29558
29562
29570
29576
29576
29585
29586
29596
29601
29606
29610
29611
29616
29622
29630
29635
29638
29642
29647
29655
29659
29662
29666
29675
29680
29682
29691
29696
29697
29705
29710
29714
29719
29726
29727
29735
29739
29746
29751
29751
29761
29764
29771
29775
29777
29781
29789
29793
29797
29804
29806
29815
29816
29821
29830
29832
29841
29841
29850
29856
29858
29863
29867
29872
29881
29881
29887
29891
29900
29902
29911
29913
29918
29922
29930
29935
29937
29943
29947
29954
29956
29964
29970
29972
29977
29981
29989
29992
29996
30004
30007
30012
30016
30025
30029
30033
30040
30041
30050
30056
30059
30063
30066
30074
30080
30086
30088
30096
30101
30101
30111
30113
30117
30124
30131
30131
30141
30143
30148
30153
30159
30165
30170
30172
30180
30185
30186
30195
30198
30203
30209
30214
30220
30222
30231
30232
30239
30244
30246
30251
30257
30266
30268
30272
30280
30285
30288
30295
30300
30302
30307
30314
30320
30323
30330
30335
30341
30343
30349
30353
30357
30366
30369
30375
30376
30386
30390
30392
30396
30406
30410
30412
30421
30421
30431
30436
30439
30446
30451
30456
30460
30461
30470
30473
30479
30486
30489
30491
30496
30506
30511
30511
30518
30521
30529
30531
30539
30542
30550
30553
30557
30561
30567
30572
30580
30583
30591
30596
30599
30603
30608
30614
30617
30623
30630
30634
30638
30646
30650
30654
30658
30666
30670
30674
30679
30682
30690
30691
30696
30701
30710
30714
30721
30726
30729
30735
30736
30742
30751
30756
30758
30764
30766
30773
30776
30781
30789
30796
30797
30803
30808
30813
30816
30822
30831
30831
30838
30842
30848
30851
30859
30864
30870
30876
30877
30882
30889
30896
30900
30906
30910
30911
30918
30923
30928
30936
30937
30944
30947
30953
30956
30964
30971
30974
30979
30984
30989
30992
31000
31004
31010
31015
31018
31024
31028
31034
31037
31045
31046
31055
31061
31061
31066
31071
31079
31082
31091
31094
31100
31103
31111
31116
31117
31122
31127
31136
31140
31143
31150
31151
31159
31161
31169
31176
31181
31185
31187
31196
31200
31201
31209
31212
31218
31226
31230
31232
31238
31242
31251
31256
31256
31263
31271
31272
31281
31282
31288
31291
31300
31303
31306
31313
31321
31321
31331
31333
31337
31344
31347
31355
31359
31364
31371
31373
31380
31383
31387
31396
31397
31405
31408
31414
31417
31423
31429
31433
31438
31444
31450
31453
31458
31461
31470
31473
31477
31483
31487
31496
31500
31505
31511
31512
31516
31524
31531
31534
31538
31544
31551
31554
31560
31561
31569
31572
31580
31582
31587
31593
31600
31605
31607
31612
31618
31623
31630
31636
31636
31644
31646
31655
31658
31662
31666
31671
31680
31686
31690
31696
31700
31702
31708
31712
31719
31722
31731
31731
31738
31745
31746
31754
31761
31764
31770
31774
31779
31784
31786
31793
31796
31805
31811
31812
31820
31822
31829
31835
31836
31846
31850
31853
31858
31863
31866
31876
31877
31883
31891
31892
31901
31906
31908
31913
31918
31921
31928
31935
31936
31943
31949
31955
31959
31961
31971
31975
31976
31981
31987
31992
32001
32003
32011
32016
32016
32023
32030
32031
32038
32045
32049
32055
32060
32061
32070
32074
32081
32083
32091
32091
32099
32105
32106
32116
32117
32126
32130
32134
32141
32141
32150
32155
32159
32163
32168
32175
32178
32183
32188
32193
32200
32204
32207
32214
32217
32221
32228
32234
32241
32246
32250
32256
32257
32265
32270
32272
32280
32281
32289
32292
32299
32302
32309
32316
32319
32323
32327
32331
32336
32345
32346
32353
32359
32362
32367
32373
32376
32383
32387
32393
32400
32405
32409
32414
32421
32424
32426
32433
32441
32443
32449
32456
32457
32462
32469
32472
32480
32481
32487
32491
32499
32501
32507
32515
32520
32522
32530
32531
32538
32546
32546
32552
32558
32562
32566
32571
32579
32586
32590
32593
32599
32606
32609
32615
32619
32621
32629
32635
32641
32643
32649
32651
32656
32662
32666
32676
32676
32685
32687
32692
32700
32705
32710
32713
32718
32722
32728
32731
32736
32745
32746
32753
32760
32762
32771
32771
32777
32781
32786
32793
32800
32802
32806
32812
32817
32824
32828
32835
32841
32844
32847
32855
32858
32861
32871
32874
32877
32884
32886
32891
32899
32906
32908
32914
32920
32921
32927
32934
32937
32942
32948
32955
32960
32962
32969
32972
32977
32982
32988
32992
32999
33002
33010
33015
33017
33023
33030
33035
33036
33044
33050
33052
33061
33062
33066
33074
33076
33084
33091
33092
33098
33105
33106
33113
33118
33125
33126
33136
33136
33142
33148
33155
33161
33164
33171
33176
33178
33185
33188
33191
33199
33203
33209
33216
33216
33223
33231
33236
33241
33244
33247
33255
33260
33266
33268
33272
33277
33283
33286
33291
33297
33305
33311
33313
33319
33324
33330
33334
33337
33346
33347
33356
33359
33365
33366
33372
33376
33381
33390
33391
33397
33404
33408
33414
33419
33423
33429
33432
33439
33444
33447
33455
33457
33461
33466
33476
33481
33483
33491
33495
33499
33505
33511
33515
33521
33521
33529
33531
33538
33544
33550
33556
33556
33565
33569
33571
33577
33585
33588
33593
33596
33606
33607
33612
33621
33625
33630
33636
33637
33645
33649
33654
33659
33666
33666
33675
33679
33685
33688
33694
33696
33706
33711
33711
33721
33724
33731
33731
33736
33746
33749
33753
33757
33766
33766
33772
33778
33782
33787
33793
33801
33805
33809
33815
33820
33825
33829
33836
33837
33845
33850
33853
33861
33864
33868
33872
33878
33881
33887
33894
33898
33905
33907
33911
33918
33922
33930
33935
33939
33941
33947
33956
33957
33961
33968
33971
33981
33981
33986
33992
34001
34004
34007
34012
34021
34024
34031
34032
34038
34045
34051
34054
34056
34066
34068
34074
34078
34081
34089
34092
34096
34104
34110
34113
34119
34125
34129
34136
34141
34141
34146
34155
34159
34161
34167
34175
34178
34182
34187
34195
34197
34205
34209
34216
34217
34222
34229
34235
34236
34246
34251
34253
34257
34265
34269
34273
34278
34286
34286
34292
34299
34303
34309
34311
34316
34322
34330
34331
34338
34341
34350
34353
34359
34361
34370
34372
34380
34382
34388
34392
34400
34404
34406
34413
34419
34421
34426
34431
34440
34444
34447
34455
34460
34466
34466
34475
34479
34484
34487
34495
34500
34501
34507
34511
34521
34526
34530
34532
34541
34542
34547
34551
34560
34561
34567
34574
34576
34585
34591
34592
34599
34604
34606
34614
34620
34625
34626
34632
34640
34646
34647
34652
34660
34662
34668
34676
34678
34686
34691
34695
34698
34702
34706
34714
34721
34721
34727
34734
34737
34746
34750
34754
34756
34764
34769
34774
34778
34781
34789
34793
34797
34805
34806
34815
34817
34822
34830
34831
34839
34845
34847
34852
34856
34861
34869
34876
34879
34881
34889
34893
34899
34906
34909
34911
34918
34923
34929
34933
34937
34944
34951
34953
34958
34962
34969
34972
34977
34985
34990
34991
34999
35004
35006
35014
35020
35023
35031
35036
35039
35044
35050
35056
35061
35063
35071
35076
35080
35086
35086
35096
35099
35105
35106
35112
35118
35123
35130
35136
35141
35142
35146
35156
35159
35166
35171
35174
35180
35185
35187
35194
35196
35201
35206
35211
35221
35224
35229
35236
35238
35246
35250
35251
35258
35263
35268
35271
35277
35283
35287
35294
35298
35302
35306
35316
35318
35322
35328
35334
35336
35341
35346
35351
35356
35366
35367
35372
35376
35385
35389
35394
35401
35405
35411
35414
35420
35426
35429
35431
35438
35444
35446
35455
35458
35463
35470
35474
35479
35485
35488
35495
35498
35503
35506
35512
35516
35526
35527
35534
35539
35541
35547
35556
35560
35562
35568
35574
35576
35582
35589
35591
35601
35602
35610
35615
35616
35625
35629
35636
35638
35645
35650
35653
35661
35666
35671
35676
35681
35685
35686
35696
35698
35705
35709
35715
35721
35724
35731
35731
35738
35746
35749
35755
35760
35761
35766
35772
35777
35782
35789
35791
35801
35801
35809
35813
35819
35822
35829
35833
35840
35842
35848
35853
35860
35866
35868
35873
35879
35881
35887
35892
35897
35902
35910
35912
35918
35923
35931
35935
35939
35941
35950
35956
35961
35962
35970
35972
35979
35986
35989
35993
35998
36006
36010
36012
36019
36026
36029
36035
36037
36042
36047
36055
36057
36065
36067
36071
36079
36086
36088
36092
36097
36106
36110
36115
36121
36125
36127
36135
36136
36143
36147
36155
36160
36165
36171
36175
36180
36185
36189
36196
36198
36205
36208
36216
36218
36221
36227
36233
36241
36246
36250
36255
36259
36263
36266
36276
36276
36283
36289
36295
36301
36305
36310
36315
36321
36322
36328
36331
36336
36344
36346
36353
36357
36364
36369
36376
36376
36381
36390
36391
36400
36401
36410
36411
36420
36426
36429
36435
36440
36442
36448
36453
36461
36461
36469
36476
36480
36483
36487
36495
36497
36506
36510
36513
36517
36523
36531
36533
36541
36546
36548
36556
36558
36564
36570
36575
36580
36584
36587
36593
36599
36604
36609
36611
36619
36623
36628
36635
36637
36645
36646
36651
36658
36664
36668
36673
36680
36685
36690
36694
36696
36702
36708
36716
36716
36721
36730
36734
36739
36745
36751
36754
36759
36761
36766
36772
36781
36785
36790
36794
36798
36805
36811
36815
36817
36823
36830
36834
36838
36846
36850
36854
36857
36865
36871
36875
36880
36884
36889
36893
36897
36904
36911
36915
36920
36923
36926
36934
36940
36941
36947
36954
36956
36962
36968
36976
36979
36983
36991
36993
37001
37003
37009
37016
37018
37026
37026
37036
37037
37042
37047
37055
37060
37062
37067
37076
37081
37084
37089
37093
37098
37102
37106
37113
37119
37126
37130
37136
37140
37142
37150
37156
37160
37163
37167
37171
37179
37186
37191
37191
37199
37201
37207
37212
37220
37223
37228
37236
37237
37241
37246
37252
37258
37265
37270
37271
37281
37283
37287
37295
37301
37305
37311
37311
37318
37321
37329
37336
37339
37343
37347
37355
37358
37363
37366
37372
37376
37383
37386
37393
37396
37402
37407
37415
37420
37421
37431
37432
37438
37442
37450
37456
37461
37464
37471
37472
37480
37484
37486
37494
37497
37505
37510
37515
37519
37521
37526
37531
37536
37546
37550
37554
37561
37563
37568
37575
37579
37581
37588
37591
37596
37606
37610
37613
37618
37624
37631
37632
37641
37642
37651
37654
37660
37666
37668
37675
37681
37682
37691
37691
37700
37703
37706
37712
37720
37726
37728
37731
37738
37742
37750
37755
37758
37763
37769
37773
37779
37781
37787
37796
37801
37801
37810
37813
37819
37822
37826
37834
37837
37841
37849
37853
37857
37866
37868
37875
37877
37882
37890
37894
37900
37903
37908
37912
37920
37923
37931
37931
37936
37944
37951
37953
37957
37963
37967
37974
37976
37986
37987
37994
38001
38006
38010
38011
38017
38021
38026
38033
38037
38044
38048
38051
38056
38061
38067
38071
38078
38086
38091
38094
38097
38104
38111
38112
38116
38124
38128
38136
38137
38141
38147
38151
38156
38166
38167
38174
38179
38183
38189
38194
38197
38204
38206
38212
38221
38225
38226
38234
38237
38246
38250
38251
38256
38264
38270
38272
38278
38283
38290
38295
38297
38305
38310
38314
38321
38325
38328
38334
38339
38345
38350
38354
38357
38361
38368
38374
38381
38383
38390
38393
38400
38406
38408
38413
38421
38426
38429
38435
38440
38443
38448
38452
38458
38466
38469
38476
38478
38482
38491
38496
38498
38505
38509
38515
38520
38523
38530
38535
38541
38545
38550
38556
38557
38562
38571
38573
38577
38586
38587
38593
38598
38603
38607
38612
38620
38621
38630
38636
38641
38645
38651
38653
38659
38662
38669
38674
38680
38681
38686
38691
38698
38704
38710
38711
38721
38722
38730
38733
38739
38741
38748
38752
38760
38765
38767
38772
38779
38786
38788
38793
38799
38802
38810
38811
38819
38823
38829
38833
38838
38845
38849
38856
38856
38866
38868
38873
38879
38881
38887
38892
38901
38902
38911
38913
38916
38925
38926
38935
38938
38942
38950
38954
38956
38965
38969
38975
38981
38981
38988
38991
38996
39001
39011
39013
39021
39021
39031
39032
39039
39046
39048
39056
39058
39061
39068
39071
39076
39085
39087
39091
39098
39102
39110
39112
39117
39121
39131
39132
39137
39145
39150
39152
39157
39166
39169
39176
39180
39183
39189
39194
39196
39203
39208
39211
39218
39223
39228
39234
39239
39244
39247
39252
39257
39264
39268
39273
39276
39285
39290
39291
39299
39302
39309
39315
39321
39325
39327
39336
39339
39346
39347
39353
39356
39363
39371
39376
39379
39381
39387
39395
39401
39406
39408
39412
39417
39424
39426
39433
39436
39441
39449
39456
39457
39462
39470
39474
39476
39482
39486
39492
39501
39504
39511
39514
39521
39525
39530
39535
39539
39544
39550
39555
39558
39561
39571
39571
39576
39584
39589
39595
39596
39604
39611
39612
39619
39621
39627
39634
39639
39645
39650
39651
39660
39661
39670
39673
39678
39681
39689
39692
39696
39705
39706
39714
39721
39724
39729
39732
39741
39744
39750
39751
39756
39762
39770
39773
39780
39783
39789
39793
39797
39801
39807
39812
39820
39821
39831
39833
39837
39843
39849
39852
39861
39863
39871
39875
39877
39884
39888
39894
39900
39906
39907
39915
39920
39924
39929
39936
39936
39942
39946
39956
39961
39966
39971
39975
39979
39981
39991
39993
39998
40001
40007
40014
40018
40021
40031
40035
40038
40043
40050
40054
40058
40061
40066
40075
40076
40086
40088
40091
40101
40101
40108
40114
40119
40125
40129
40132
40140
40144
40146
40153
40159
40166
40167
40172
40176
40182
40189
40191
40201
40206
40209
40216
40217
40223
40229
40236
40237
40243
40250
40255
40258
40261
40269
40275
40277
40281
40289
40294
40297
40302
40310
40314
40319
40324
40331
40335
40336
40342
40350
40353
40357
40361
40369
40373
40379
40382
40387
40394
40398
40401
40411
40415
40417
40426
40430
40436
40439
40445
40448
40451
40459
40462
40467
40473
40477
40484
40490
40491
40496
40502
40507
40512
40517
40526
40529
40535
40539
40545
40548
40552
40561
40563
40568
40574
40578
40585
40586
40592
40599
40603
40606
40615
40621
40626
40631
40635
40637
40641
40650
40655
40661
40664
40669
40672
40679
40683
40691
40692
40698
40706
40709
40716
40720
40725
40730
40736
40736
40741
40750
40753
40757
40761
40771
40775
40781
40782
40789
40792
40797
40801
40810
40811
40817
40823
40829
40831
40838
40841
40847
40853
40859
40864
40867
40875
40876
40882
40890
40894
40898
40905
40910
40911
40917
40922
40930
40933
40941
40946
40950
40956
40957
40961
40969
40974
40977
40983
40990
40996
41000
41001
41007
41016
41018
41023
41030
41034
41037
41044
41048
41053
41058
41066
41066
41075
41076
41081
41091
41094
41096
41101
41106
41116
41119
41122
41126
41134
41140
41141
41147
41155
41159
41163
41169
41173
41178
41183
41189
41194
41196
41202
41206
41212
41218
41223
41229
41232
41240
41242
41249
41254
41256
41262
41266
41271
41279
41281
41291
41296
41300
41303
41307
41314
41316
41321
41330
41332
41341
41344
41346
41354
41357
41361
41367
41376
41380
41383
41389
41392
41399
41401
41409
41412
41419
41421
41430
41434
41441
41441
41450
41454
41461
41464
41466
41473
41479
41485
41486
41491
41496
41504
41508
41515
41521
41526
41527
41532
41540
41541
41551
41554
41561
41563
41567
41571
41581
41583
41589
41591
41601
41603
41608
41615
41618
41621
41631
41636
41641
41646
41648
41651
41660
41665
41668
41673
41676
41682
41690
41695
41701
41704
41708
41711
41721
41723
41731
41733
41739
41742
41748
41753
41759
41765
41769
41773
41776
41783
41790
41795
41796
41803
41808
41816
41817
41824
41828
41834
41836
41843
41850
41854
41861
41865
41869
41872
41879
41883
41886
41896
41898
41903
41910
41914
41918
41923
41931
41935
41940
41941
41949
41952
41961
41961
41968
41972
41978
41983
41986
41993
42001
42005
42011
42015
42017
42022
42029
42036
42037
42042
42050
42053
42057
42063
42069
42071
42080
42085
42087
42095
42101
42103
42108
42113
42121
42124
42129
42136
42141
42145
42149
42155
42161
42165
42169
42176
42179
42183
42190
42191
42201
42206
42210
42213
42217
42224
42226
42236
42237
42243
42251
42252
42259
42264
42270
42271
42277
42283
42288
42296
42299
42305
42308
42311
42316
42326
42330
42336
42337
42343
42346
42353
42361
42365
42371
42376
42379
42384
42388
42394
42399
42406
42408
42415
42419
42421
42429
42431
42437
42443
42448
42453
42458
42464
42470
42473
42481
42482
42487
42492
42501
42504
42511
42516
42517
42523
42529
42536
42541
42544
42551
42555
42561
42562
42569
42576
42577
42583
42586
42593
42599
42602
42608
42615
42620
42624
42631
42632
42638
42645
42647
42654
42658
42666
42666
42676
42676
42681
42689
42692
42701
42706
42706
42712
42719
42724
42727
42735
42736
42742
42749
42751
42757
42761
42766
42773
42780
42782
42791
42796
42800
42805
42808
42811
42820
42821
42827
42832
42841
42845
42846
42854
42858
42864
42871
42872
42879
42881
42890
42894
42899
42903
42907
42913
42919
42922
42929
42932
42936
42944
42949
42953
42957
42966
42968
42972
42977
42984
42987
42993
42999
43004
43010
43012
43019
43024
43030
43035
43038
43045
43046
43056
43060
43062
43069
43076
43080
43083
43091
43094
43099
43104
43110
43116
43118
43124
43129
43131
43139
43145
43148
43156
43158
43165
43171
43171
43176
43182
43188
43191
43197
43201
43211
43212
43218
43222
43227
43234
43236
43241
43247
43255
43256
43266
43268
43272
43281
43284
43290
43291
43298
43304
43311
43313
43319
43321
43328
43335
43337
43343
43351
43352
43358
43361
43368
43372
43379
43384
43391
43391
43400
43404
43411
43416
43419
43421
43430
43435
43438
43444
43451
43454
43457
43462
43471
43472
43479
43485
43489
43491
43497
43503
43507
43511
43517
43522
43531
43531
43541
43541
43551
43556
43561
43565
43571
43572
43576
43582
43589
43593
43597
43604
43611
43612
43617
43623
43627
43632
43637
43644
43647
43656
43656
43661
43670
43672
43677
43681
43686
43692
43696
43702
43707
43711
43721
43723
43731
43731
43737
43746
43748
43753
43761
43765
43769
43776
43781
43784
43786
43795
43798
43806
43808
43816
43821
43823
43826
43832
43840
43843
43847
43851
43857
43863
43869
43873
43877
43883
43889
43893
43896
43901
43906
43912
43921
43926
43930
43933
43938
43943
43946
43953
43957
43964
43968
43972
43980
43983
43986
43996
43998
44006
44011
44012
44021
44022
44029
44036
44039
44045
44050
44054
44058
44062
44071
44075
44081
44086
44091
44092
44101
44106
44106
44112
44117
44126
44127
44134
44137
44144
44151
44156
44156
44166
44167
44172
44180
44184
44191
44195
44199
44204
44211
44215
44220
44225
44228
44231
44237
44242
44247
44255
44261
44261
44268
44273
44278
44282
44291
44293
44300
44303
44309
44314
44319
44323
44329
44335
44340
44345
44350
44356
44361
44363
44368
44371
44381
44385
44387
44396
44398
44402
44407
44413
44420
44425
44427
44432
44440
44446
44446
44453
44456
44466
44467
44472
44481
44484
44488
44492
44498
44503
44509
44515
44517
44521
44527
44535
44536
44545
44546
44556
44557
44561
44569
44573
44580
44581
44591
44595
44600
44604
44606
44611
44617
44622
44631
44635
44640
44641
44649
44656
44661
44662
44670
44674
44681
44685
44687
44692
44700
44702
44711
44711
44717
44721
44728
44735
44740
44743
44751
44755
44760
44763
44767
44772
44776
44781
44790
44796
44796
44804
44810
44816
44819
44826
44826
44833
44838
44844
44850
44855
44857
44866
44867
44875
44879
44883
44887
44893
44897
44903
44907
44912
44919
44922
44931
44936
44936
44944
44948
44954
44961
44962
44968
44972
44979
44983
44991
44991
45001
45003
45008
45013
45021
45026
45030
45035
45041
45043
45049
45056
45060
45064
45070
45074
45078
45084
45091
45092
45097
45105
45111
45116
45121
45122
45127
45136
45137
45143
45146
45155
45158
45165
45169
45173
45176
45185
45186
45193
45199
45203
45209
45212
45219
45226
45231
45235
45236
45246
45248
45256
45258
45263
45271
45273
45277
45281
45289
45292
45296
45306
45307
45312
45318
45321
45329
45335
45336
45346
45350
45353
45357
45366
45368
45373
45378
45384
45388
45392
45399
45402
45411
45412
45419
45423
45430
45431
45437
45445
45451
45454
45458
45466
45466
45474
45476
45484
45487
45496
45499
45501
45509
45513
45517
45525
45526
45535
45539
45543
45551
45551
45556
45561
45569
45576
45576
45581
45591
45595
45597
45605
45609
45612
45617
45623
45630
45636
45638
45644
45647
45651
45659
45664
45671
45675
45680
45683
45691
45695
45701
45705
45711
45716
45716
45725
45726
45732
45740
45746
45747
45751
45757
45761
45770
45771
45778
45783
45790
45791
45800
45805
45808
45814
45821
45824
45831
45832
45840
45843
45851
45855
45861
45863
45868
45871
45878
45885
45888
45892
45896
45905
45910
45914
45916
45926
45930
45933
45937
45942
45949
45954
45958
45961
45967
45973
45976
45984
45990
45993
45998
46003
46010
46013
46019
46026
46031
46031
46041
46043
46046
46051
46056
46062
46066
46071
46078
46081
46091
46093
46100
46102
46108
46111
46119
46121
46128
46133
46137
46142
46149
46151
46161
46163
46171
46173
46178
46186
46187
46195
46196
46205
46209
46215
46220
46221
46230
46235
46241
46243
46246
46252
46260
46265
46270
46275
46276
46285
46286
46293
46297
46302
46307
46316
46316
46326
46330
46335
46337
46341
46348
46354
46356
46365
46371
46374
46381
46384
46387
46396
46397
46402
46409
46416
46421
46426
46427
46432
46440
46445
46448
46451
46458
46462
46469
46476
46479
46485
46486
46491
46500
46503
46507
46514
46518
46522
46531
46534
46541
46544
46548
46554
46556
46565
46570
46575
46580
46584
46587
46591
46599
46604
46611
46612
46620
46622
46628
46632
46637
46646
46648
46656
46656
46665
46670
46675
46679
46686
46690
46694
46696
46704
46711
46715
46718
46726
46726
46731
46738
46742
46746
46756
46756
46763
46768
46773
46776
46782
46790
46795
46797
46801
46808
46813
46817
46825
46831
46833
46837
46841
46850
46853
46856
46865
46868
46873
46879
46884
46889
46896
46901
46904
46907
46911
46921
46925
46931
46935
46936
46946
46948
46952
46959
46965
46971
46971
46980
46985
46986
46993
46996
47002
47008
47013
47018
47021
47028
47033
47037
47044
47046
47051
47061
47063
47066
47075
47079
47083
47090
47094
47100
47105
47110
47112
47118
47124
47127
47135
47141
47145
47151
47154
47156
47163
47171
47173
47180
47185
47188
47194
47196
47202
47211
47213
47218
47223
47230
47235
47238
47241
47246
47256
47256
47262
47266
47274
47280
47284
47291
47296
47300
47304
47311
47316
47321
47326
47328
47332
47338
47341
47348
47356
47359
47365
47369
47375
47376
47381
47386
47396
47396
47402
47406
47411
47419
47425
47431
47434
47440
47442
47448
47454
47456
47463
47466
47475
47479
47484
47489
47496
47497
47501
47507
47512
47519
47522
47526
47532
47538
47545
47546
47556
47561
47563
47571
47573
47579
47585
47588
47591
47598
47602
47606
47613
47619
47621
47627
47631
47636
47644
47647
47652
47657
47665
47669
47672
47676
47683
47690
47693
47696
47702
47706
47713
47721
47724
47728
47734
47740
47743
47748
47753
47758
47763
47766
47775
47781
47784
47787
47795
47800
47805
47808
47812
47817
47825
47826
47834
47841
47845
47850
47856
47859
47863
47868
47875
47876
47884
47888
47894
47900
47904
47907
47915
47917
47926
47928
47931
47938
47943
47951
47952
47960
47964
47967
47972
47977
47982
47986
47996
47998
48001
48010
48014
48017
48025
48028
48036
48036
48041
48051
48055
48058
48062
48067
48076
48080
48082
48089
48091
48097
48105
48107
48116
48120
48123
48128
48135
48139
48146
48151
48156
48161
48161
48167
48176
48179
48182
48188
48196
48197
48204
48206
48215
48220
48224
48226
48235
48238
48241
48250
48251
48261
48264
48270
48275
48280
48281
48287
48293
48300
48304
48308
48315
48320
48326
48328
48333
48341
48345
48349
48351
48358
48362
48366
48375
48378
48382
48390
48394
48397
48404
48411
48416
48418
48423
48429
48433
48438
48442
48451
48455
48461
48466
48471
48476
48477
48481
48487
48495
48498
48503
48509
48511
48520
48523
48531
48533
48540
48543
48547
48556
48556
48566
48569
48576
48580
48581
48587
48593
48599
48601
48610
48612
48618
48624
48627
48632
48639
48641
48651
48654
48656
48662
48667
48672
48678
48682
48691
48691
48698
48701
48706
48715
48718
48722
48729
48733
48738
48741
48749
48755
48759
48761
48768
48776
48778
48785
48787
48791
48797
48805
48809
48814
48819
48825
48826
48835
48841
48841
48849
48855
48856
48865
48871
48873
48879
48886
48889
48895
48898
48905
48908
48915
48916
48925
48930
48935
48937
48945
48951
48954
48959
48963
48966
48976
48981
48983
48989
48996
49001
49002
49007
49013
49019
49026
49029
49031
49040
49044
49048
49056
49060
49062
49066
49071
49076
49084
49089
49091
49100
49104
49111
49113
49119
49124
49128
49131
49136
49141
49147
49155
49157
49164
49171
49173
49176
49181
49189
49194
49199
49201
49209
49215
49221
49223
49229
49235
49241
49241
49251
49251
49257
49265
49271
49276
49280
49285
49286
49294
49296
49306
49308
49314
49317
49326
49331
49335
49339
49345
49349
49351
49361
49363
49367
49375
49381
49386
49387
49395
49401
49402
49408
49411
49418
49425
49426
49431
49436
49444
49450
49452
49461
49463
49470
49475
49478
49482
49488
49492
49497
49505
49507
49511
49517
49523
49530
49536
49539
49541
49547
49553
49557
49561
49566
49573
49580
49585
49590
49595
49597
49601
49610
49614
49621
49626
49626
49636
49637
49644
49647
49655
49661
49664
49668
49672
49678
49681
49688
49693
49700
49703
49707
49715
49716
49722
49729
49731
49736
49741
49751
49752
49757
49764
49768
49772
49779
49783
49789
49791
49801
49803
49807
49815
49818
49825
49830
49834
49836
49842
49850
49855
49856
49863
49870
49874
49877
49882
49891
49891
49900
49904
49910
49913
49921
49924
49928
49933
49940
49941
49946
49956
49961
49961
49969
49972
49976
49981
49986
49992
49999
50005
50006
50015
50016
50022
50028
50031
50037
50042
50047
50051
50057
50064
50067
50076
50076
50085
50091
50093
50098
50101
50110
50115
50120
50126
50129
50136
50137
50143
50147
50151
50157
50163
50169
50175
50181
50186
50190
50194
50201
50202
50209
50215
50221
50226
50228
50235
50240
50243
50247
50251
50256
50262
50271
50272
50277
50282
50288
50296
50298
50302
50308
50316
50319
50324
50326
50331
50337
50346
50346
50353
50358
50362
50369
50371
50379
50382
50390
50395
50401
50404
50409
50412
50418
50424
50426
50434
50438
50441
50449
50456
50456
50461
50470
50472
50479
50485
50486
50495
50500
50506
50508
50512
50517
50524
50526
50534
50537
50544
50551
50554
50559
50565
50567
50576
50577
50585
50590
50593
50601
50606
50606
50611
50617
50623
50628
50631
50636
50642
50649
50655
50661
50663
50671
50675
50677
50681
50686
50693
50701
50704
50709
50716
50721
50726
50729
50734
50736
50741
50746
50754
50759
50764
50769
50776
50778
50783
50786
50793
50796
50802
50806
50814
50817
50823
50828
50832
50839
50846
50846
50856
50857
50866
50867
50872
50880
50886
50890
50893
50896
50902
50909
50911
50920
50925
50928
50936
50937
50945
50951
50954
50956
50963
50966
50971
50980
50982
50989
50991
50997
51002
51007
51011
51019
51022
51031
51035
51039
51042
51046
51054
51057
51065
51070
51076
51081
51086
51091
51093
51098
51101
51108
51111
51116
51123
51130
51133
51140
51142
51149
51154
51157
51161
51166
51173
51177
51182
51190
51196
51198
51206
51210
51214
51220
51221
51227
51231
51236
51241
51249
51251
51258
51266
51271
51272
51280
51282
51288
51293
51296
51302
51307
51312
51318
51321
51330
51336
51337
51344
51349
51354
51358
51366
51369
51375
51379
51383
51389
51394
51398
51403
51409
51415
51416
51421
51427
51433
51441
51445
51446
51451
51457
51463
51470
51471
51476
51483
51489
51495
51499
51505
51506
51516
51521
51522
51529
51532
51537
51546
51551
51553
51556
51561
51569
51573
51578
51583
51590
51591
51601
51601
51611
51614
51618
51623
51630
51635
51641
51641
51648
51653
51656
51664
51670
51672
51677
51683
51690
51692
51698
51702
51706
51713
51720
51722
51726
51731
51741
51745
51751
51752
51756
51761
51766
51774
51780
51784
51786
51795
51798
51804
51806
51813
51818
51821
51826
51834
51838
51842
51847
51855
51861
51865
51867
51873
51880
51882
51886
51895
51897
51905
51910
51911
51917
51921
51931
51934
51937
51945
51946
51954
51957
51963
51967
51976
51979
51983
51986
51995
51997
52003
52011
52016
52021
52024
52028
52035
52041
52041
52051
52053
52057
52065
52069
52075
52081
52085
52088
52091
52098
52102
52106
52116
52116
52123
52128
52132
52138
52142
52148
52155
52161
52162
52169
52173
52180
52181
52188
52191
52201
52201
52210
52212
52221
52226
52229
52231
52238
52246
52250
52251
52257
52261
52271
52272
52276
52285
52288
52295
52298
52302
52307
52316
52320
52324
52329
52332
52337
52341
52346
52354
52357
52364
52369
52374
52377
52384
52389
52396
52399
52403
52410
52413
52420
52421
52431
52433
52438
52441
52450
52454
52461
52463
52471
52473
52476
52483
52489
52493
52500
52506
52508
52515
52520
52525
52526
52536
52540
52546
52546
52554
52559
52562
52567
52574
52578
52584
52588
52592
52599
52604
52609
52616
52618
52626
52628
52634
52637
52644
52649
52652
52661
52665
52667
52673
52680
52681
52686
52694
52701
52703
52708
52714
52716
52726
52726
52736
52736
52746
52746
52752
52761
52764
52766
52774
52779
52785
52789
52796
52796
52802
52810
52814
52817
52825
52829
52834
52838
52843
52849
52854
52860
52863
52866
52871
52881
52885
52888
52891
52896
52901
52909
52915
52920
52921
52927
52936
52938
52943
52951
52954
52961
52965
52966
52974
52981
52985
52989
52995
53001
53006
53009
53015
53017
53024
53026
53035
53041
53045
53049
53055
53058
53062
53067
53073
53078
53084
53086
53095
53098
53101
53107
53116
53121
53124
53129
53135
53137
53146
53146
53153
53159
53163
53168
53176
53178
53182
53189
53196
53198
53206
53206
53216
53217
53222
53228
53234
53240
53246
53251
53254
53257
53265
53269
53274
53280
53282
53288
53293
53297
53303
53310
53315
53320
53326
53330
53331
53338
53345
53347
53352
53358
53364
53367
53374
53378
53381
53389
53393
53396
53406
53411
53414
53420
53426
53426
53433
53439
53445
53451
53454
53458
53463
53466
53474
53477
53484
53486
53496
53497
53503
53511
53514
53517
53525
53531
53534
53540
53546
53551
53552
53557
53565
53567
53576
53577
53581
53586
53594
53598
53601
53606
53613
53621
53626
53627
53635
53641
53645
53646
53655
53658
53662
53667
53673
53679
53684
53689
53692
53700
53701
53706
53713
53720
53722
53726
53736
53741
53741
53749
53754
53756
53766
53769
53774
53778
53785
53788
53793
53798
53802
53806
53815
53817
53826
53828
53836
53836
53841
53849
53856
53859
53866
53869
53871
53879
53885
53886
53894
53899
53904
53909
53916
53917
53922
53926
53934
53939
53942
53949
53956
53960
53965
53971
53976
53978
53981
53989
53994
53998
54002
54007
54012
54021
54021
54028
54036
54038
54043
54047
54056
54057
54062
54069
54073
54079
54085
54088
54095
54099
54106
54110
54111
54116
54125
54131
54135
54138
54144
54146
54151
54160
54165
54170
54174
54176
54186
54190
54195
54200
54204
54208
54214
54217
54224
54229
54232
54240
54243
54251
54255
54256
54265
54266
54273
54276
54283
54291
54294
54297
54304
54310
54313
54318
54322
54331
54331
54336
54341
54350
54353
54356
54362
54368
54373
54380
54385
54390
54394
54399
54402
54406
54415
54418
54424
54428
54435
54439
54445
54450
54451
54460
54461
54468
54473
54480
54482
54489
54493
54499
54502
54506
54516
54521
54526
54530
54535
54538
54542
54546
54551
54558
54561
54571
54574
54580
54586
54586
54593
54598
54605
54609
54615
54620
54624
54626
54635
54638
54642
54650
54651
54661
54662
54669
54673
54679
54684
54689
54693
54701
54704
54710
54715
54721
54723
54728
54732
54737
54741
54749
54756
54761
54764
54771
54771
54778
54786
54788
54793
54801
54804
54806
54814
54819
54826
54828
54836
54837
54846
54850
54855
54861
54863
54870
54873
54880
54886
54890
54892
54901
54904
54911
54912
54919
54924
54927
54932
54937
54944
54946
54956
54958
54966
54967
54971
54976
54982
54989
54995
54997
55005
55010
55014
55017
55025
55030
55034
55037
55042
55050
55052
55061
55061
55067
55075
55076
55086
55089
55092
55101
55103
55110
55114
55118
55123
55131
55132
55141
55143
55147
55154
55158
55166
55166
55174
55178
55186
55187
55195
55197
55201
55207
55216
55216
55222
55230
55235
55239
55246
55249
55251
55256
55266
55269
55275
55281
55282
55286
55294
55296
55302
55306
55316
55319
55324
55327
55336
55340
55342
55349
55356
55358
55364
55371
55374
55381
55381
55390
55394
55398
55404
55409
55411
55416
55422
55430
55436
55437
55446
55451
55456
55457
55463
55470
55474
55476
55484
55488
55494
55498
55504
55511
55516
55516
55524
55531
55532
55539
55542
55546
55556
55561
55564
55568
55574
55577
55583
55588
55591
55598
55606
55608
55615
55616
55621
55630
55634
55637
55645
55646
55653
55657
55666
55668
55673
55680
55686
55688
55691
55699
55702
55709
55713
55719
55724
55726
55736
55741
55746
55749
55751
55759
55762
55767
55771
55776
55783
55789
55795
55801
55806
55811
55812
55819
55825
55830
55836
55837
55841
55849
55856
55858
55861
55868
55875
55879
55881
55888
55895
55900
55905
55909
55913
55919
55925
55928
55931
55941
55946
55948
55953
55957
55966
55969
55976
55978
55984
55986
55993
55996
56002
56006
56015
56018
56024
56027
56033
56036
56046
56049
56055
56058
56062
56066
56075
56076
56086
56089
56094
56098
56106
56111
56115
56116
56126
56131
56133
56136
56146
56151
56154
56161
56161
56169
56175
56181
56182
56191
56194
56200
56202
56207
56212
56221
56224
56227
56233
56239
56244
56250
56253
56260
56263
56267
56275
56280
56281
56287
56296
56300
56302
56308
56315
56319
56321
56326
56331
56341
56345
56346
56351
56360
56364
56370
56372
56378
56385
56389
56394
56401
56404
56409
56411
56417
56423
56427
56433
56438
56443
56446
56451
56456
56461
56468
56474
56477
56485
56491
56496
56501
56502
56508
56515
56521
56523
56531
56532
56540
56543
56548
56551
56558
56562
56569
56574
56578
56584
56590
56594
56600
56606
56608
56612
56616
56625
56628
56635
56637
56642
56651
56656
56661
56663
56667
56675
56680
56681
56686
56691
56699
56705
56709
56711
56717
56724
56729
56731
56737
56746
56747
56753
56758
56762
56766
56776
56777
56782
56791
56792
56798
56803
56806
56814
56816
56826
56827
56834
56836
56846
56846
56852
56856
56861
56866
56876
56880
56883
56887
56893
56901
56904
56906
56912
56916
56922
56928
56932
56939
56945
56948
56951
56958
56965
56969
56971
56976
56983
56988
56993
57001
57003
57011
57013
57020
57026
57028
57032
57040
57045
57046
57056
57061
57066
57069
57073
57078
57083
57091
57094
57101
57105
57110
57111
57120
57124
57131
57135
57140
57143
57150
57155
57159
57165
57168
57172
57177
57181
57188
57195
57196
57204
57210
57216
57216
57222
57231
57236
57236
57242
57250
57252
57259
57261
57271
57274
57280
57281
57289
57296
57301
57303
57306
57314
57319
57323
57331
57332
57339
57344
57351
57355
57356
57364
57369
57372
57377
57384
57389
57395
57399
57403
57407
57415
57420
57422
57430
57431
57436
57446
57446
57455
57459
57462
57469
57474
57481
57485
57487
57493
57498
57502
57510
57512
57517
57524
57531
57532
57539
57545
57549
57552
57558
57566
57567
57574
57579
57582
57588
57591
57598
57606
57606
57615
57619
57621
57631
57634
57640
57642
57650
57655
57659
57662
57669
57672
57679
57686
57688
57695
57698
57702
57711
57715
57721
57721
57729
57735
57740
57744
57746
57751
57757
57763
57770
57772
57777
57784
57788
57795
57799
57806
57806
57812
57818
57826
57826
57832
57837
57846
57850
57855
57859
57862
57867
57873
57876
57885
57887
57896
57897
57902
57906
57916
57919
57925
57929
57931
57938
57946
57950
57956
57960
57964
57971
57975
57980
57981
57989
57991
57996
58002
58010
58011
58016
58022
58027
58033
58039
58045
58046
58056
58061
58065
58071
58076
58076
58084
58087
58092
58100
58106
58108
58116
58121
58125
58131
58134
58136
58143
58149
58152
58156
58163
58171
58175
58178
58186
58190
58192
58197
58201
58209
58211
58219
58222
58228
58234
58238
58246
58250
58253
58256
58266
58271
58274
58281
58286
58287
58293
58297
58303
58306
58314
58318
58326
58327
58335
58340
58341
58350
58356
58359
58365
58367
58376
58379
58383
58387
58391
58398
58405
58411
58413
58417
58425
58431
58436
58436
58444
58451
58456
58457
58464
58469
58471
58478
58481
58491
58491
58500
58505
58508
58515
58516
58524
58527
58534
58541
58546
58549
58553
58557
58566
58570
58574
58579
58583
58588
58595
58599
58604
58608
58614
58619
58626
58626
58632
58638
58641
58651
58655
58661
58665
58667
58671
58678
58686
58687
58696
58701
58706
58710
58711
58716
58725
58727
58736
58740
58746
58748
58755
58761
58765
58771
58773
58780
58786
58786
58794
58799
58805
58810
58812
58821
58822
58831
58833
58841
58844
58849
58853
58861
58861
58867
58871
58876
58886
58888
58894
58896
58904
58910
58916
58917
58924
58930
58936
58940
58942
58946
58954
58958
58961
58969
58971
58979
58982
58987
58991
58999
59005
59010
59013
59021
59022
59027
59033
59038
59043
59048
59055
59059
59061
59067
59071
59081
59085
59087
59095
59101
59106
59110
59113
59118
59126
59128
59132
59140
59141
59147
59153
59158
59166
59166
59174
59178
59183
59190
59195
59199
59206
59209
59213
59218
59226
59230
59232
59239
59244
59248
59255
59259
59266
59266
59273
59277
59285
59287
59296
59298
59301
59308
59312
59321
59324
59330
59331
59340
59343
59346
59351
59358
59363
59371
59373
59376
59384
59386
59391
59398
59406
59411
59416
59418
59422
59426
59432
59439
59445
59450
59452
59456
59463
59469
59476
59480
59481
59488
59496
59498
59504
59510
59514
59519
59521
59530
59533
59539
59544
59547
59553
59556
59561
59567
59572
59580
59582
59587
59594
59599
59601
59610
59611
59621
59622
59630
59636
59637
59643
59650
59651
59659
59665
59668
59671
59681
59681
59688
59694
59700
59701
59711
59711
59719
59724
59727
59734
59741
59741
59751
59752
59760
59766
59769
59773
59780
59786
59786
59792
59798
59805
59810
59812
59816
59824
59830
59832
59839
59844
59850
59856
59857
59863
59866
59875
59879
59885
59890
59893
59899
59903
59907
59911
59920
59926
59930
59933
59937
59941
59947
59953
59959
59964
59971
59975
59979
59986
59991
59991
60001
