2
7
14
18
26
31
34
40
43
49
54
56
66
70
74
80
83
89
95
97
105
109
113
121
124
131
131
140
146
151
156
160
166
171
175
178
181
188
194
196
203
210
213
219
226
226
235
239
242
250
254
258
266
267
274
280
281
289
293
298
302
307
314
319
323
327
333
336
346
347
351
360
362
366
375
377
385
391
396
400
401
406
414
417
425
431
432
439
441
447
455
458
463
468
474
481
482
488
496
499
505
507
513
520
526
531
535
540
542
551
554
557
561
569
573
578
581
591
596
597
603
606
616
620
622
626
633
636
645
649
655
657
662
668
672
678
686
687
693
699
702
709
716
720
725
730
732
737
746
747
756
759
764
768
772
780
783
787
791
800
802
807
816
819
824
828
831
840
846
847
855
861
866
870
874
881
884
886
891
897
904
911
916
920
921
929
931
939
946
950
953
961
962
968
974
976
981
986
992
998
1005
1010
1012
1017
1024
1030
1031
1038
1041
1046
1054
1057
1062
1066
1071
1079
1082
1089
1096
1099
1106
1106
1114
1119
1125
1128
1133
1140
1142
1149
1151
1158
1163
1169
1176
1180
1184
1188
1192
1200
1206
1211
1211
1218
1225
1227
1234
1238
1242
1247
1256
1260
1262
1270
1272
1280
1285
1291
1295
1299
1302
1306
1313
1321
1323
1327
1333
1336
1344
1348
1356
1359
1365
1371
1373
1381
1385
1388
1393
1396
1405
1411
1411
1418
1424
1426
1431
1441
1442
1449
1455
1456
1461
1467
1473
1481
1484
1491
1494
1497
1504
1509
1513
1518
1524
1530
1532
1537
1543
1548
1554
1559
1563
1566
1576
1576
1586
1590
1595
1597
1604
1607
1615
1616
1624
1631
1631
1641
1644
1647
1651
1656
1662
1670
1672
1679
1682
1686
1691
1697
1706
1707
1714
1716
1721
1727
1734
1741
1746
1748
1754
1757
1764
1769
1772
1780
1785
1790
1795
1796
1801
1806
1812
1818
1824
1830
1836
1836
1842
1847
1852
1857
1861
1868
1876
1880
1881
1889
1893
1896
1906
1906
1913
1917
1922
1928
1933
1937
1942
1951
1956
1957
1962
1966
1976
1977
1982
1987
1992
1999
2002
2006
2013
2017
2026
2026
2035
2040
2042
2050
2056
2059
2063
2071
2074
2078
2085
2090
2095
2101
2103
2111
2111
2116
2124
2129
2136
2141
2144
2148
2156
2158
2166
2167
2175
2180
2185
2189
2194
2201
2202
2210
2213
2218
2222
2227
2234
2241
2246
2246
2252
2260
2264
2267
2276
2279
2285
2291
2294
2296
2304
2309
2316
2318
2325
2331
2334
2336
2341
2347
2354
2356
2365
2367
2373
2376
2383
2391
2396
2398
2405
2408
2415
2417
2422
2427
2431
2440
2446
2448
2454
2459
2461
2467
2474
2478
2481
2491
2496
2500
2505
2508
2514
2521
2521
2526
2531
2536
2542
2550
2553
2556
2566
2569
2576
2579
2582
2587
2593
2600
2605
2609
2616
2621
2626
2630
2633
2636
2646
2647
2652
2656
2661
2667
2673
2679
2686
2689
2694
2700
2705
2707
2714
2716
2725
2728
2736
2736
2746
2746
2751
2757
2764
2769
2775
2780
2785
2788
2791
2801
2804
2808
2812
2818
2824
2829
2833
2836
2841
2848
2852
2856
2861
2868
2871
2880
2884
2889
2896
2898
2903
2908
2912
2921
2924
2928
2931
2938
2943
2951
2952
2958
2961
2967
2975
2979
2985
2991
2995
3000
3004
3006
3013
3017
3025
3029
3035
3040
3044
3049
3052
3060
3061
3071
3071
3077
3082
3091
3094
3099
3103
3108
3113
3121
3125
3128
3135
3137
3144
3151
3155
3160
3166
3166
3176
3181
3182
3188
3196
3196
3201
3206
3216
3217
3222
3231
3235
3238
3245
3246
3253
3261
3261
3270
3276
3276
3282
3289
3293
3301
3306
3309
3314
3319
3322
3329
3334
3339
3342
3350
3355
3360
3363
3366
3376
3379
3382
3387
3392
3401
3402
3410
3416
3421
3423
3427
3435
3437
3443
3448
3455
3459
3461
3468
3475
3477
3483
3486
3495
3499
3504
3508
3512
3517
3526
3526
3534
3537
3541
3550
3556
3559
3566
3567
3575
3581
3586
3587
3595
3596
3606
3611
3615
3617
3623
3628
3633
3639
3644
3650
3651
3658
3662
3668
3672
3679
3681
3687
3694
3699
3704
3706
3711
3718
3723
3730
3732
3740
3745
3751
3752
3761
3764
3768
3771
3777
3783
3789
3791
3797
3803
3807
3814
3820
3822
3831
3835
3839
3843
3847
3853
3858
3865
3871
3872
3878
3881
3886
3894
3896
3904
3909
3912
3917
3922
3927
3932
3939
3942
3947
3956
3960
3962
3969
3975
3976
3983
3989
3994
3997
4001
4011
4013
4017
4023
4028
4031
4039
4045
4049
4051
4060
4064
4068
4075
4077
4085
4090
4093
4101
4101
4109
4116
4118
4121
4128
4132
4138
4145
4148
4154
4157
4162
4168
4171
4181
4181
4190
4195
4200
4205
4206
4211
4216
4223
4227
4231
4236
4246
4248
4253
4258
4262
4268
4271
4277
4283
4289
4295
4296
4305
4311
4312
4316
4321
4330
4332
4339
4345
4350
4353
4358
4363
4370
4376
4380
4385
4386
4393
4398
4402
4406
4413
4419
4421
4427
4434
4438
4444
4451
4456
4459
4461
4471
4472
4477
4485
4486
4494
4498
4505
4507
4513
4519
4521
4527
4535
4536
4542
4548
4554
4556
4564
4569
4574
4579
4585
4589
4596
4599
4603
4608
4611
4617
4623
4631
4631
4638
4644
4651
4654
4659
4663
4669
4672
4678
4681
4686
4696
4699
4702
4707
4712
4720
4723
4728
4736
4738
4744
4749
4751
4761
4765
4771
4772
4776
4783
4786
4796
4797
4806
4810
4815
4820
4821
4830
4831
4838
4844
4847
4856
4859
4866
4869
4871
4877
4884
4891
4895
4899
4902
4911
4913
4919
4926
4929
4933
4941
4942
4947
4952
4960
4965
4967
4975
4977
4983
4991
4996
4998
5004
5011
5016
5017
5023
5030
5032
5037
5044
5046
5054
5057
5065
5066
5076
5080
5082
5091
5091
5100
5105
5109
5111
5119
5125
5127
5132
5137
5146
5149
5155
5160
5165
5170
5172
5180
5183
5190
5191
5200
5202
5210
5215
5217
5223
5231
5235
5239
5243
5248
5252
5260
5262
5270
5273
5280
5282
5290
5294
5300
5306
5306
5313
5318
5325
5326
5333
5339
5345
5348
5356
5359
5363
5371
5372
5376
5383
5387
5393
5396
5402
5406
5415
5420
5421
5426
5431
5439
5445
5446
5451
5459
5461
5469
5474
5477
5481
5486
5495
5499
5505
5508
5515
5521
5526
5526
5533
5536
5546
5550
5553
5561
5564
5571
5573
5578
5584
5586
5591
5596
5605
5607
5615
5617
5624
5630
5634
5638
5645
5651
5653
5661
5662
5670
5676
5678
5685
5687
5696
5699
5705
5710
5712
5716
5723
5730
5733
5740
5744
5750
5752
5760
5763
5770
5774
5777
5784
5788
5795
5798
5802
5809
5815
5818
5821
5829
5835
5837
5845
5850
5855
5858
5861
5869
5874
5880
5882
5889
5893
5897
5904
5908
5915
5918
5926
5929
5933
5936
5946
5950
5951
5957
5966
5970
5975
5980
5986
5989
5993
5999
6004
6010
6016
6021
6023
6030
6032
6038
6042
6050
6056
6060
6061
6071
6072
6081
6081
6090
6092
6096
6102
6107
6114
6118
6123
6128
6134
6141
6143
6149
6154
6157
6166
6169
6172
6177
6181
6187
6194
6200
6206
6207
6211
6220
6222
6231
6234
6237
6241
6248
6253
6258
6261
6267
6272
6278
6282
6289
6295
6298
6304
6308
6311
6317
6324
6331
6336
6340
6345
6348
6353
6358
6363
6366
6375
6381
6386
6389
6395
6399
6405
6409
6413
6420
6423
6430
6434
6437
6441
6450
6451
6457
6464
6469
6473
6480
6484
6489
6491
6500
6503
6509
6514
6518
6526
6528
6532
6538
6545
6547
6554
6560
6565
6566
6571
6577
6584
6587
6596
6599
6601
6609
6616
6620
6622
6628
6633
6640
6646
6648
6652
6659
6661
6667
6671
6679
6685
6690
6691
6696
6704
6709
6711
6718
6725
6731
6731
6736
6743
6746
6753
6760
6762
6766
6771
6779
6784
6787
6796
6799
6806
6811
6813
6818
6824
6830
6835
6838
6844
6850
6854
6856
6864
6871
6875
6879
6881
6886
6893
6901
6904
6907
6915
6917
6921
6927
6935
6939
6942
6950
6953
6961
6961
6968
6973
6981
6981
6990
6991
6997
7006
7008
7015
7018
7024
7028
7033
7041
7045
7046
7053
7060
7064
7067
7072
7076
7086
7086
7095
7100
7106
7107
7114
7119
7126
7130
7131
7140
7144
7148
7156
7160
7162
7167
7175
7181
7183
7187
7196
7196
7202
7207
7215
7220
7226
7229
7236
7239
7244
7247
7255
7257
7264
7268
7272
7278
7282
7291
7296
7300
7303
7311
7312
7317
7326
7330
7331
7336
7343
7348
7356
7356
7363
7370
7372
7376
7381
7391
7393
7396
7404
7411
7416
7421
7424
7426
7434
7441
7444
7451
7451
7460
7462
7466
7471
7478
7483
7490
7494
7499
7502
7510
7511
7518
7522
7531
7535
7536
7546
7547
7556
7561
7566
7566
7571
7580
7583
7588
7596
7598
7605
7607
7611
7618
7623
7627
7631
7641
7642
7648
7656
7661
7666
7666
7672
7680
7683
7688
7696
7698
7706
7709
7713
7719
7722
7729
7734
7739
7742
7746
7753
7759
7763
7766
7774
7778
7784
7788
7796
7798
7804
7806
7816
7817
7826
7826
7835
7836
7844
7846
7855
7858
7862
7871
7875
7877
7886
7889
7893
7900
7903
7907
7912
7918
7923
7926
7932
7936
7942
7949
7955
7958
7964
7971
7973
7977
7985
7986
7993
7997
8005
8006
8012
8018
8022
8031
8034
8040
8043
8051
8054
8056
8065
8068
8074
8081
8084
8086
8093
8099
8102
8110
8116
8121
8121
8129
8132
8138
8142
8149
8155
8157
8165
8166
8176
8179
8181
8189
8193
8200
8201
8210
8215
8220
8222
8230
8233
8239
8245
8249
8256
8257
8262
8268
8271
8278
8285
8289
8293
8297
8306
8311
8314
8316
8324
8326
8332
8337
8341
8350
8354
8358
8362
8367
8374
8377
8383
8391
8394
8401
8403
8409
8416
8416
8421
8426
8431
8441
8443
8450
8455
8460
8463
8467
8473
8479
8485
8486
8492
8497
8504
8506
8515
8516
8526
8529
8536
8541
8542
8548
8555
8557
8562
8571
8576
8581
8584
8590
8591
8599
8602
8610
8612
8616
8624
8626
8633
8637
8645
8647
8651
8660
8662
8670
8676
8676
8683
8689
8694
8696
8705
8706
8711
8720
8726
8730
8734
8736
8742
8750
8752
8756
8762
8769
8774
8776
8781
8789
8791
8801
8802
8811
8811
8816
8821
8831
8835
8836
8841
8847
8856
8861
8863
8869
8876
8877
8885
8891
8896
8901
8904
8906
8912
8918
8922
8931
8932
8940
8945
8951
8951
8957
8963
8971
8972
8980
8986
8986
8995
8998
9004
9007
9016
9021
9024
9030
9034
9040
9046
9046
9053
9057
9064
9069
9075
9079
9085
9087
9095
9096
9103
9106
9111
9121
9122
9131
9131
9141
9145
9150
9154
9158
9165
9168
9174
9181
9185
9187
9193
9198
9206
9206
9214
9221
9226
9227
9232
9238
9245
9251
9253
9258
9265
9270
9272
9280
9283
9286
9293
9299
9305
9309
9315
9317
9323
9327
9332
9338
9341
9348
9351
9358
9362
9368
9371
9380
9383
9386
9395
9399
9402
9411
9416
9417
9426
9427
9434
9441
9446
9449
9453
9459
9466
9469
9475
9476
9482
9489
9494
9496
9504
9511
9511
9520
9522
9527
9535
9539
9541
9546
9556
9557
9564
9570
9573
9578
9585
9591
9595
9601
9602
9610
9611
9620
9625
9626
9634
9641
9646
9648
9652
9657
9662
9668
9672
9678
9681
9686
9691
9698
9701
9706
9712
9721
9723
9728
9733
9740
9743
9750
9752
9760
9765
9771
9775
9778
9781
9790
9791
9798
9801
9808
9816
9819
9826
9826
9835
9837
9841
9851
9854
9860
9863
9869
9874
9878
9881
9890
9896
9899
9901
9910
9912
9921
9925
9927
9932
9936
9946
9946
9953
9959
9964
9968
9975
9978
9982
9986
9996
9999
10006
10006
10013
10021
10025
10026
10034
10036
10043
10047
10053
10057
10064
10066
10075
10079
10086
10090
10094
10096
10106
10106
10111
10118
10122
10127
10133
10138
10144
10148
10152
10158
10164
10171
10171
10181
10185
10188
10196
10197
10203
10206
10215
10217
10224
10230
10232
10241
10244
10246
10256
10257
10265
10270
10275
10281
10285
10290
10293
10300
10301
10306
10312
10316
10322
10326
10332
10336
10345
10350
10351
10361
10362
10368
10376
10381
10386
10391
10391
10401
10402
10410
10414
10419
10425
10426
10434
10441
10445
10449
10452
10459
10464
10469
10476
10476
10484
10491
10493
10501
10502
10506
10511
10519
10525
10528
10533
10536
10546
10550
10555
10560
10562
10567
10571
10576
10586
10589
10596
10599
10602
10610
10612
10620
10626
10627
10633
10636
10644
10647
10652
10659
10662
10670
10671
10677
10684
10686
10694
10701
10705
10706
10714
10718
10723
10731
10733
10736
10741
10747
10755
10758
10763
10771
10774
10777
10781
10786
10794
10796
10803
10810
10813
10819
10821
10826
10833
10840
10843
10846
10853
10861
10865
10871
10875
10881
10884
10887
10894
10896
10904
10907
10913
10920
10924
10928
10935
10939
10941
10947
10955
10960
10964
10969
10972
10976
10983
10988
10991
10999
11002
11010
11012
11020
11022
11031
11034
11040
11042
11051
11052
11057
11065
11068
11074
11078
11081
11086
11095
11099
11105
11108
11114
11118
11125
11127
11132
11141
11146
11150
11152
11157
11164
11171
11175
11180
11183
11189
11195
11201
11204
11206
11212
11221
11225
11229
11231
11236
11246
11249
11252
11259
11266
11269
11276
11276
11283
11291
11292
11297
11303
11306
11316
11316
11321
11328
11336
11338
11342
11349
11355
11361
11364
11368
11376
11379
11383
11386
11392
11401
11403
11408
11415
11419
11425
11430
11434
11437
11441
11448
11456
11456
11461
11468
11473
11481
11481
11486
11495
11501
11505
11507
11512
11516
11524
11530
11532
11536
11545
11546
11555
11556
11561
11569
11575
11577
11581
11588
11594
11598
11602
11611
11614
11619
11626
11631
11632
11637
11644
11651
11655
11660
11662
11666
11675
11677
11685
11689
11693
11697
11704
11710
11714
11719
11722
11731
11734
11736
11743
11751
11756
11761
11766
11768
11774
11781
11786
11786
11796
11797
11806
11807
11812
11817
11826
11827
11831
11840
11843
11848
11851
11859
11861
11870
11873
11876
11885
11891
11896
11897
11905
11906
11915
11920
11922
11930
11934
11936
11944
11950
11954
11956
11966
11968
11975
11979
11981
11988
11996
11997
12004
12008
12012
12017
12022
12031
12032
12037
12046
12046
12055
12060
12062
12071
12073
12076
12083
12089
12091
12101
12102
12110
12116
12119
12125
12126
12136
12139
12146
12147
12153
12157
12163
12168
12171
12181
12186
12191
12194
12197
12201
12209
12211
12217
12221
12229
12232
12241
12242
12246
12252
12256
12264
12269
12271
12281
12284
12287
12291
12299
12301
12306
12313
12318
12325
12329
12335
12341
12342
12351
12351
12359
12361
12369
12375
12377
12383
12391
12395
12397
12406
12407
12415
12418
12423
12428
12431
12440
12441
12446
12452
12456
12462
12469
12476
12479
12484
12488
12493
12499
12505
12507
12515
12517
12523
12531
12536
12537
12544
12546
12555
12557
12562
12570
12571
12580
12581
12589
12593
12596
12604
12609
12611
12617
12625
12627
12632
12640
12644
12651
12655
12661
12663
12671
12674
12679
12682
12688
12695
12697
12704
12710
12713
12719
12725
12728
12735
12737
12746
12750
12754
12758
12765
12769
12771
12776
12783
12789
12795
12796
12805
12807
12812
12820
12823
12827
12831
12839
12843
12848
12853
12856
12866
12866
12873
12877
12883
12888
12893
12898
12905
12911
12911
12917
12922
12927
12932
12937
12941
12950
12953
12958
12964
12966
12974
12979
12985
12986
12994
12997
13003
13011
13014
13021
13023
13029
13036
13040
13045
13048
13054
13058
13063
13071
13073
13081
13081
13086
13095
13096
13101
13106
13115
13121
13125
13126
13131
13139
13143
13148
13152
13157
13161
13169
13176
13177
13182
13187
13195
13196
13201
13209
13215
13220
13226
13230
13232
13238
13242
13249
13252
13256
13264
13269
13276
13277
13286
13289
13295
13301
13304
13310
13316
13319
13323
13329
13335
13340
13346
13349
13356
13359
13363
13370
13373
13379
13382
13388
13394
13396
13405
13410
13416
13421
13424
13426
13435
13439
13444
13446
13456
13456
13465
13467
13475
13477
13481
13489
13492
13500
13503
13506
13513
13517
13521
13529
13534
13540
13543
13549
13554
13561
13561
13566
13573
13577
13586
13586
13591
13600
13606
13609
13615
13621
13626
13630
13635
13639
13645
13649
13651
13656
13666
13671
13674
13680
13681
13686
13696
13701
13701
13711
13716
13718
13724
13730
13732
13741
13742
13746
13752
13759
13766
13771
13773
13777
13785
13790
13791
13796
13801
13806
13816
13819
13821
13827
13836
13838
13845
13848
13854
13860
13862
13867
13874
13880
13886
13887
13896
13901
13904
13906
13914
13916
13922
13928
13931
13938
13942
13946
13952
13959
13964
13967
13971
13976
13985
13991
13996
13997
14003
14007
14011
14021
14025
14026
14036
14041
14044
14049
14056
14056
14063
14070
14074
14078
14084
14086
14095
14097
14104
14108
14113
14121
14123
14129
14131
14136
14141
14148
14156
14157
14162
14171
14172
14181
14184
14187
14194
14197
14205
14211
14212
14220
14226
14228
14234
14236
14242
14250
14251
14257
14261
14271
14275
14280
14285
14286
14292
14298
14304
14307
14312
14317
14322
14327
14333
14340
14341
14349
14355
14359
14361
14370
14372
14379
14382
14388
14392
14399
14401
14411
14412
14418
14421
14426
14434
14436
14444
14451
14453
14461
14461
14469
14474
14476
14484
14489
14492
14500
14502
14507
14512
14516
14521
14531
14531
14539
14546
14550
14555
14557
14561
14566
14576
14580
14581
14587
14591
14600
14603
14606
14611
14616
14622
14630
14631
14637
14644
14648
14656
14656
14663
14667
14675
14680
14684
14688
14692
14697
14704
14711
14716
14719
14726
14729
14736
14738
14745
14750
14753
14759
14763
14767
14774
14777
14786
14787
14791
14798
14803
14807
14811
14816
14826
14831
14832
14840
14844
14850
14854
14860
14864
14870
14872
14878
14881
14891
14893
14901
14904
14910
14912
14918
14922
14928
14936
14939
14945
14947
14951
14958
14963
14971
14973
14978
14983
14991
14991
15000
15001
15009
15014
15018
15025
15030
15032
15037
15045
15047
15056
15056
15062
15070
15071
15077
15085
15088
15096
15099
15103
15108
15115
15119
15122
15128
15131
15140
15143
15151
15152
15156
15166
15170
15171
15176
15181
15191
15196
15198
15204
15211
15213
15218
15222
15227
15235
15238
15246
15246
15254
15260
15263
15267
15271
15278
15283
15288
15292
15297
15303
15311
15316
15320
15325
15326
15331
15336
15343
15346
15351
15359
15362
15369
15372
15376
15383
15390
15393
15397
15405
15407
15413
15421
15422
15429
15431
15437
15446
15447
15451
15457
15465
15469
15476
15477
15484
15487
15494
15500
15501
15508
15513
15516
15524
15529
15533
15538
15546
15549
15555
15556
15563
15567
15574
15578
15581
15588
15594
15599
15603
15607
15613
15621
15624
15628
15636
15638
15641
15651
15655
15661
15662
15671
15674
15678
15682
15688
15692
15699
15705
15707
15715
15720
15726
15726
15733
15737
15745
15746
15756
15761
15761
15771
15776
15777
15784
15787
15792
15797
15806
15811
15815
15817
15822
15831
15834
15837
15842
15848
15851
15860
15864
15868
15876
15876
15882
15886
15894
15900
15902
15909
15915
15920
15921
15927
15932
15939
15944
15948
15954
15958
15962
15971
15972
15979
15984
15991
15996
15997
16001
16009
16015
16018
16026
16027
16033
16037
16041
16047
16056
16058
16061
16070
16074
16076
16084
16088
16092
16100
16105
16106
16113
16121
16121
16131
16132
16136
16144
16148
16156
16160
16165
16166
16175
16180
16184
16187
16194
16201
16205
16210
16211
16220
16221
16227
16234
16241
16245
16249
16251
16259
16266
16268
16272
16278
16283
16286
16296
16298
16301
16309
16315
16318
16326
16329
16334
16341
16344
16346
16356
16361
16366
16366
16372
16381
16383
16391
16395
16401
16403
16410
16413
16417
16422
16430
16434
16440
16445
16451
16452
16459
16461
16466
16471
16476
16482
16486
16495
16500
16506
16509
16511
16517
16526
16526
16535
16540
16542
16548
16554
16560
16563
16570
16575
16581
16584
16589
16594
16601
16602
16607
16615
16621
16626
16630
16631
16637
16644
16649
16655
16657
16661
16666
16674
16678
16683
16688
16695
16696
16701
16708
16716
16719
16726
16731
16733
16741
16743
16747
16754
16759
16762
16770
16775
16779
16781
16791
16794
16796
16804
16808
16811
16818
16824
16831
16832
16839
16842
16848
16852
16856
16864
16866
16876
16879
16882
16886
16892
16901
16902
16906
16912
16920
16924
16927
16932
16940
16944
16949
16953
16961
16965
16966
16971
16980
16982
16986
16995
16998
17005
17007
17012
17019
17021
17026
17033
17036
17042
17050
17053
17058
17062
17068
17071
17076
17083
17088
17092
17101
17104
17107
17111
17117
17121
17131
17135
17138
17143
17146
17153
17158
17162
17166
17174
17181
17183
17187
17194
17201
17204
17208
17211
17218
17226
17226
17236
17240
17242
17250
17254
17257
17265
17268
17272
17277
17284
17289
17292
17299
17306
17309
17314
17319
17321
17328
17332
17338
17345
17348
17354
17359
17364
17371
17373
17380
17384
17391
17391
17400
17406
17406
17414
17416
17421
17426
17431
17439
17444
17450
17453
17460
17463
17469
17473
17481
17481
17489
17495
17500
17501
17510
17512
17521
17524
17531
17536
17539
17542
17550
17551
17556
17564
17567
17576
17577
17586
17590
17593
17598
17602
17606
17614
17620
17621
17629
17632
17638
17645
17648
17652
17659
17665
17671
17674
17681
17683
17690
17693
17699
17703
17708
17713
17720
17725
17726
17734
17740
17744
17750
17756
17760
17766
17766
17773
17778
17782
17788
17796
17800
17803
17806
17816
17821
17826
17826
17836
17841
17845
17848
17851
17859
17865
17871
17871
17880
17883
17888
17893
17901
17901
17909
17911
17919
17923
17926
17936
17936
17941
17947
17953
17960
17962
17970
17972
17977
17985
17988
17994
17997
18002
18007
18015
18019
18022
18031
18035
18041
18043
18046
18055
18059
18063
18067
18072
18078
18083
18086
18091
18100
18105
18111
18116
18120
18122
18130
18135
18139
18145
18150
18152
18158
18164
18167
18172
18181
18182
18188
18192
18199
18202
18208
18214
18217
18222
18231
18233
18237
18242
18246
18254
18258
18261
18267
18275
18279
18283
18287
18293
18299
18302
18307
18314
18319
18321
18331
18335
18336
18341
18349
18356
18357
18364
18366
18373
18381
18381
18389
18396
18397
18406
18411
18412
18419
18422
18427
18434
18439
18442
18450
18453
18458
18466
18466
18473
18476
18482
18488
18492
18501
18503
18511
18512
18519
18522
18527
18536
18538
18541
18546
18552
18560
18564
18571
18576
18578
18585
18591
18596
18596
18603
18606
18613
18617
18622
18631
18635
18641
18645
18648
18655
18656
18661
18666
18673
18680
18682
18689
18694
18699
18703
18709
18715
18717
18726
18731
18734
18741
18742
18747
18752
18761
18761
18766
18772
18778
18784
18787
18795
18801
18801
18810
18812
18816
18825
18827
18833
18836
18845
18848
18853
18858
18865
18869
18873
18879
18886
18888
18894
18897
18905
18909
18911
18920
18926
18928
18931
18937
18946
18950
18951
18958
18964
18969
18972
18977
18984
18990
18995
19001
19002
19010
19011
19018
19024
19030
19032
19036
19046
19047
19054
19059
19065
19071
19074
19076
19085
19091
19095
19098
19103
19107
19111
19117
19124
19126
19136
19140
19145
19148
19155
19158
19162
19170
19175
19179
19181
19189
19193
19201
19203
19206
19214
19221
19225
19231
19234
19237
19241
19248
19251
19256
19262
19267
19276
19280
19286
19287
19291
19299
19303
19310
19311
19320
19324
19329
19331
19340
19346
19348
19353
19358
19366
19371
19376
19378
19386
19388
19393
19398
19403
19407
19416
19419
19421
19430
19433
19441
19444
19449
19451
19457
19463
19470
19473
19479
19484
19490
19494
19500
19502
19510
19515
19521
19522
19528
19536
19536
19542
19547
19553
19558
19566
19567
19575
19581
19586
19589
19595
19597
19601
19609
19611
19617
19624
19629
19632
19639
19643
19650
19651
19660
19663
19669
19672
19681
19683
19688
19696
19698
19704
19709
19716
19717
19725
19728
19733
19738
19745
19749
19756
19758
19761
19767
19776
19778
19786
19786
19796
19800
19802
19806
19811
19817
19825
19828
19832
19840
19841
19848
19855
19856
19862
19869
19876
19881
19884
19887
19891
19900
19904
19910
19915
19920
19924
19930
19934
19937
19945
19946
19952
19960
19965
19971
19976
19977
19983
19988
19992
20001
20003
20010
20012
20019
20026
20031
20036
20036
20041
20049
20053
20061
20064
20070
20076
20077
20085
20089
20095
20099
20102
20110
20114
20118
20126
20128
20131
20140
20144
20149
20152
20158
20161
20166
20174
20180
20186
20187
20193
20198
20201
20207
20212
20221
20222
20231
20235
20237
20246
20251
20256
20260
20261
20271
20275
20277
20286
20288
20295
20301
20302
20310
20311
20320
20321
20327
20336
20340
20344
20347
20355
20356
20362
20368
20373
20379
20386
20389
20395
20397
20406
20411
20414
20418
20425
20431
20434
20437
20443
20449
20456
20457
20465
20471
20473
20478
20484
20486
20495
20497
20505
20508
20515
20519
20525
20527
20535
20541
20541
20549
20555
20558
20563
20568
20576
20580
20583
20586
20594
20599
20606
20609
20612
20621
20623
20626
20631
20641
20642
20648
20655
20656
20665
20671
20674
20679
20686
20687
20695
20697
20705
20711
20713
20720
20724
20727
20735
20739
20743
20747
20753
20760
20761
20769
20775
20776
20786
20787
20791
20799
20803
20808
20813
20816
20823
20826
20831
20841
20843
20846
20856
20858
20866
20871
20872
20879
20882
20886
20894
20897
20905
20908
20911
20917
20922
20931
20934
20940
20941
20946
20953
20956
20961
20966
20976
20979
20986
20986
20996
21001
21003
21011
21016
21018
21025
21030
21033
21039
21044
21051
21053
21057
21065
21071
21071
21081
21084
21088
21096
21100
21104
21109
21115
21121
21123
21127
21134
21137
21144
21147
21156
21160
21162
21166
21172
21179
21185
21189
21191
21199
21202
21206
21215
21217
21226
21230
21236
21236
21245
21247
21252
21259
21264
21266
21275
21279
21281
21286
21293
21300
21303
21308
21315
21321
21321
21328
21331
21339
21346
21351
21351
21359
21364
21368
21374
21379
21385
21391
21392
21397
21401
21408
21412
21419
21426
21431
21435
21436
21444
21449
21456
21460
21465
21468
21475
21479
21483
21491
21493
21501
21501
21511
21516
21520
21521
21527
21534
21537
21543
21549
21553
21558
21565
21571
21573
21576
21582
21590
21594
21596
21604
21608
21615
21619
21625
21627
21633
21638
21646
21648
21651
21661
21666
21670
21671
21676
21684
21690
21693
21701
21704
21708
21715
21717
21724
21731
21736
21736
21746
21749
21752
21758
21765
21771
21773
21778
21786
21788
21793
21800
21801
21807
21812
21816
21823
21827
21835
21836
21846
21849
21851
21861
21866
21867
21871
21881
21885
21889
21894
21896
21905
21907
21916
21916
21924
21928
21935
21937
21944
21948
21954
21959
21961
21969
21974
21977
21986
21990
21995
21999
22001
22007
22011
22018
22024
22027
22032
22040
22044
22047
22055
22061
22061
22067
22076
22078
22083
22091
22095
22096
22103
22107
22115
22118
22121
22128
22131
22137
22143
22147
22156
22159
22162
22169
22174
22177
22182
22191
22192
22201
22202
22206
22213
22220
22223
22226
22232
22239
22241
22249
22255
22256
22265
22266
22273
22279
22281
22289
22292
22299
22305
22307
22311
22320
22325
22326
22333
22340
22344
22349
22352
22360
22364
22371
22371
22379
22386
22390
22393
22397
22403
22410
22414
22417
22421
22428
22434
22441
22441
22447
22455
22459
22464
22466
22474
22478
22485
22488
22492
22498
22503
22507
22516
22516
22522
22528
22531
22538
22546
22550
22553
22558
22564
22566
22572
22577
22581
22586
22596
22601
22603
22611
22616
22619
22624
22631
22631
22636
22644
22648
22654
22656
22661
22670
22675
22678
22684
22689
22695
22699
22705
22709
22712
22716
22722
22729
22735
22737
22746
22747
22755
22757
22764
22766
22772
22780
22786
22789
22793
22798
22803
22808
22812
22820
22821
22826
22833
22839
22841
22848
22851
22861
22865
22868
22875
22879
22882
22889
22891
22900
22903
22910
22916
22921
22926
22927
22935
22940
22942
22949
22952
22961
22964
22970
22974
22977
22984
22990
22991
23000
23006
23006
23015
23016
23021
23029
23031
23039
23042
23049
23052
23061
23064
23070
23074
23079
23085
23089
23091
23100
23104
23110
23113
23119
23122
23127
23134
23136
23141
23149
23156
23157
23166
23167
23171
23176
23182
23191
23193
23197
23205
23211
23214
23216
23221
23226
23232
23239
23246
23250
23252
23260
23265
23271
23272
23276
23281
23287
23291
23301
23301
23311
23313
23317
23322
23331
23333
23341
23342
23346
23354
23358
23362
23370
23372
23381
23382
23391
23392
23396
23404
23409
23411
23416
23426
23426
23436
23440
23444
23450
23454
23460
23462
23467
23475
23479
23483
23489
23493
23499
23505
23511
23514
23519
23522
23529
23533
23538
23545
23550
23553
23556
23563
23569
23573
23579
23583
23589
23591
23597
23602
23608
23615
23616
23626
23627
23636
23639
23641
23646
23655
23661
23663
23670
23676
23679
23681
23686
23695
23701
23706
23710
23715
23719
23726
23727
23734
23739
23745
23751
23753
23761
23763
23771
23773
23780
23781
23787
23793
23797
23805
23810
23814
23821
23821
23826
23833
23841
23845
23850
23851
23857
23862
23867
23871
23877
23885
23889
23892
23896
23902
23911
23912
23921
23926
23930
23934
23941
23942
23949
23956
23960
23963
23968
23973
23978
23986
23991
23993
23996
24005
24009
24016
24020
24026
24031
24035
24036
24043
24048
24053
24056
24065
24069
24076
24080
24084
24089
24096
24098
24106
24108
24111
24118
24122
24127
24133
24140
24145
24148
24155
24156
24162
24166
24171
24180
24181
24186
24196
24201
24201
24207
24215
24221
24224
24226
24231
24238
24241
24246
24252
24259
24264
24267
24273
24276
24286
24289
24291
24297
24306
24307
24313
24320
24325
24331
24336
24336
24345
24346
24355
24359
24366
24367
24375
24378
24384
24390
24394
24400
24402
24407
24411
24416
24422
24426
24434
24438
24442
24446
24451
24456
24463
24467
24472
24481
24483
24489
24493
24497
24502
24509
24515
24518
24525
24527
24531
24540
24542
24550
24553
24557
24566
24566
24576
24578
24583
24588
24594
24600
24606
24610
24615
24620
24621
24630
24633
24640
24642
24649
24651
24657
24662
24670
24671
24679
24681
24690
24691
24698
24705
24710
24715
24718
24722
24728
24736
24741
24742
24751
24754
24760
24766
24767
24771
24781
24784
24786
24796
24799
24805
24811
24815
24821
24823
24826
24831
24838
24844
24850
24854
24857
24861
24868
24873
24877
24881
24890
24894
24901
24906
24910
24914
24919
24922
24930
24932
24937
24942
24946
24953
24959
24962
24967
24974
24976
24986
24986
24992
25001
25001
25006
25016
25018
25025
25030
25035
25041
25042
25047
25052
25058
25061
25068
25071
25080
25083
25091
25094
25097
25106
25107
25116
25121
25122
25129
25131
25138
25144
25149
25152
25161
25164
25168
25173
25176
25183
25188
25195
25198
25205
25208
25211
25219
25221
25228
25232
25241
25244
25247
25256
25259
25266
25266
25274
25276
25282
25291
25293
25297
25305
25309
25316
25316
25324
25331
25332
25337
25346
25348
25356
25361
25366
25371
25373
25378
25386
25391
25395
25398
25404
25407
25412
25416
25425
25426
25431
25440
25442
25450
25454
25459
25463
25466
25476
25478
25484
25491
25494
25496
25503
25509
25515
25516
25522
25529
25531
25541
25545
25549
25554
25560
25562
25570
25575
25579
25585
25588
25595
25598
25602
25606
25616
25619
25623
25628
25633
25640
25644
25647
25652
25660
25662
25671
25676
25676
25684
25688
25691
25697
25706
25710
25713
25721
25721
25727
25735
25738
25745
25746
25756
25758
25761
25766
25772
25781
25782
25788
25795
25801
25802
25809
25812
25819
25825
25831
25831
25837
25846
25846
25856
25856
25864
25866
25874
25877
25883
25889
25893
25898
25905
25906
25915
25917
25921
25929
25932
25940
25944
25946
25954
25957
25961
25968
25971
25977
25985
25991
25992
25999
26003
26008
26013
26020
26025
26031
26034
26038
26045
26047
26053
26060
26061
26068
26072
26079
26082
26087
26092
26096
26103
26110
26112
26118
26124
26127
26131
26140
26145
26146
26152
26161
26163
26168
26172
26177
26182
26191
26193
26200
26206
26207
26211
26220
26222
26231
26232
26239
26243
26249
26253
26259
26263
26270
26273
26280
26281
26289
26294
26298
26305
26311
26311
26319
26322
26331
26335
26340
26341
26351
26355
26356
26364
26370
26373
26378
26385
26386
26395
26400
26404
26411
26411
26417
26421
26429
26436
26437
26441
26447
26456
26458
26462
26468
26472
26481
26486
26487
26491
26500
26506
26506
26512
26517
26522
26530
26535
26541
26541
26548
26553
26561
26562
26571
26572
26580
26582
26586
26594
26599
26605
26609
26615
26618
26622
26628
26636
26639
26643
26650
26652
26657
26664
26671
26674
26679
26685
26691
26693
26698
26701
26707
26715
26720
26725
26731
26733
26740
26743
26751
26751
26757
26765
26769
26774
26780
26786
26790
26792
26796
26802
26810
26815
26819
26822
26827
26831
26836
26844
26851
26852
26858
26863
26871
26871
26880
26885
26890
26891
26898
26903
26911
26912
26920
26924
26931
26936
26938
26944
26948
26955
26960
26966
26967
26973
26978
26984
26990
26995
27000
27005
27009
27013
27019
27021
27031
27032
27041
27045
27046
27051
27056
27063
27070
27073
27081
27085
27087
27094
27097
27104
27111
27116
27119
27126
27126
27132
27139
27141
27151
27155
27161
27163
27167
27175
27178
27183
27190
27195
27200
27204
27210
27214
27221
27223
27230
27233
27239
27244
27247
27255
27258
27263
27270
27276
27280
27285
27287
27296
27297
27301
27308
27312
27318
27326
27331
27336
27339
27346
27349
27351
27356
27361
27366
27375
27381
27386
27389
27393
27397
27401
27406
27415
27419
27424
27426
27431
27437
27441
27451
27456
27461
27463
27468
27472
27480
27482
27489
27491
27499
27506
27509
27513
27520
27525
27530
27531
27537
27542
27551
27551
27557
27564
27570
27576
27579
27586
27588
27595
27599
27601
27609
27612
27620
27626
27626
27635
27636
27642
27650
27652
27660
27661
27670
27674
27678
27681
27687
27694
27697
27703
27709
27711
27721
27723
27730
27736
27736
27742
27748
27755
27757
27763
27769
27771
27776
27785
27789
27794
27800
27801
27809
27813
27819
27824
27826
27836
27837
27844
27851
27854
27861
27862
27871
27875
27877
27886
27888
27895
27899
27904
27910
27914
27919
27923
27927
27931
27941
27946
27946
27952
27956
27964
27968
27974
27979
27985
27988
27991
27999
28001
28010
28016
28017
28022
28030
28033
28037
28045
28047
28052
28060
28062
28069
28075
28077
28082
28091
28096
28100
28102
28106
28115
28116
28125
28126
28133
28137
28146
28149
28156
28161
28162
28171
28172
28177
28181
28187
28192
28197
28204
28206
28213
28218
28221
28230
28232
28236
28245
28246
28254
28257
28265
28267
28276
28279
28284
28286
28294
28298
28306
28307
28313
28321
28324
28326
28332
28340
28341
28348
28353
28361
28363
28371
28372
28378
28383
28386
28393
28396
28401
28408
28412
28420
28424
28428
28436
28436
28443
28448
28456
28456
28461
28467
28471
28480
28483
28491
28496
28500
28503
28506
28516
28521
28521
28529
28535
28540
28544
28548
28551
28561
28561
28566
28576
28578
28584
28590
28592
28598
28605
28609
28612
28617
28624
28630
28636
28636
28641
28646
28652
28660
28663
28667
28675
28678
28685
28690
28695
28700
28703
28709
28713
28716
28722
28727
28735
28739
28744
28748
28751
28757
28766
28766
28773
28778
28784
28790
28793
28799
28802
28811
28813
28820
28823
28829
28834
28841
28843
28851
28852
28861
28861
28870
28872
28881
28885
28890
28896
28896
28904
28909
28914
28921
28925
28930
28933
28940
28945
28948
28954
28957
28961
28970
28971
28980
28983
28987
28996
28997
29002
29006
29012
29017
29023
29026
29034
29041
29045
29047
29052
29058
29066
29067
29075
29077
29083
29091
29092
29100
29104
29111
29115
29119
29123
29129
29136
29138
29141
29151
29154
29161
29164
29166
29172
29177
29186
29189
29191
29196
29205
29210
29212
29221
29223
29226
29235
29237
29243
29246
29252
29260
29264
29270
29272
29281
29286
29291
29293
29297
29306
29308
29316
29320
29325
29330
29332
29338
29343
29351
29352
29360
29362
29371
29376
29376
29385
29390
29394
29398
29406
29409
29415
29419
29425
29431
29436
29440
29444
29449
29456
29460
29465
29466
29474
29476
29486
29487
29492
29498
29506
29510
29514
29518
29524
29530
29531
29539
29543
29546
29556
29561
29566
29567
29572
29581
29582
29587
29591
29600
29604
29609
29615
29621
29626
29631
29634
29639
29643
29649
29653
29656
29664
29668
29671
29676
29682
29688
29694
29700
29705
29710
29715
29717
29722
29730
29733
29738
29741
29747
29753
29761
29764
29770
29775
29776
29782
29790
29792
29801
29802
29807
29812
29818
29823
29831
29832
29838
29845
29848
29856
29861
29866
29868
29875
29881
29884
29887
29894
29899
29901
29910
29913
29921
29922
29927
29932
29938
29946
29948
29953
29961
29961
29970
29974
29979
29981
29991
29993
29997
30001
30011
30012
30016
30023
30030
30036
30038
30044
30049
30053
30056
30065
30070
30073
30080
30081
30087
30093
30098
30104
30106
30114
30118
30126
30130
30134
30138
30142
30149
30153
30160
30166
30169
30171
30180
30183
30186
30196
30200
30205
30209
30214
30218
30223
30227
30233
30241
30244
30251
30252
30260
30264
30270
30271
30278
30286
30287
30292
30298
30306
30311
30312
30320
30326
30326
30336
30337
30345
30350
30352
30359
30362
30371
30374
30376
30386
30391
30394
30397
30403
30409
30414
30420
30426
30429
30432
30440
30441
30448
30456
30456
30464
30466
30475
30477
30485
30488
30491
30499
30501
30507
30511
30517
30522
30527
30532
30539
30541
30549
30555
30556
30565
30568
30574
30580
30585
30588
30594
30601
30604
30611
30614
30620
30621
30627
30632
30641
30645
30650
30654
30661
30666
30666
30673
30679
30683
30691
30696
30697
30701
30711
30714
30716
30724
30727
30735
30738
30744
30748
30751
30761
30761
30770
30775
30777
30786
30791
30792
30800
30805
30806
30813
30819
30824
30826
30834
30837
30845
30851
30853
30859
30865
30871
30875
30878
30886
30890
30896
30896
30903
30906
30912
30921
30924
30931
30933
30937
30943
30951
30955
30961
30962
30971
30975
30979
30985
30991
30991
30998
31005
31008
31015
31018
31025
31026
31035
31039
31041
31051
31053
31056
31065
31066
31076
31081
31086
31086
31094
31098
31104
31108
31112
31121
31125
31127
31134
31138
31142
31150
31154
31160
31165
31171
31176
31176
31184
31189
31194
31196
31201
31209
31213
31221
31223
31229
31231
31237
31243
31250
31252
31256
31262
31267
31274
31279
31286
31287
31292
31300
31304
31311
31313
31318
31321
31328
31332
31336
31344
31350
31356
31356
31366
31366
31371
31380
31384
31390
31396
31400
31404
31411
31413
31417
31425
31428
31433
31439
31442
31446
31452
31456
31463
31467
31474
31479
31486
31487
31496
31501
31506
31510
31512
31518
31524
31530
31531
31537
31542
31546
31552
31558
31563
31571
31574
31578
31584
31589
31596
31599
31604
31606
31614
31617
31624
31628
31631
31636
31641
31650
31656
31659
31662
31667
31675
31680
31681
31687
31692
31701
31705
31707
31715
31716
31724
31730
31734
31741
31745
31750
31754
31757
31761
31768
31771
31779
31785
31789
31794
31798
31806
31810
31816
31819
31826
31830
31831
31840
31844
31848
31853
31859
31864
31868
31874
31880
31882
31888
31895
31901
31906
31910
31913
31917
31924
31930
31934
31937
31942
31951
31951
31961
31965
31971
31976
31979
31982
31987
31994
31999
32002
32008
32016
32020
32024
32031
32036
32037
32045
32047
32054
32061
32066
32067
32076
32079
32082
32087
32092
32097
32104
32107
32113
32117
32126
32129
32132
32138
32144
32147
32152
32160
32162
32171
32175
32180
32185
32188
32192
32198
32204
32207
32215
32216
32224
32226
32236
32240
32243
32248
32255
32261
32264
32269
32274
32280
32286
32287
32296
32298
32305
32310
32312
32319
32321
32327
32335
32341
32345
32347
32352
32357
32363
32371
32376
32378
32385
32386
32395
32401
32405
32408
32414
32417
32422
32428
32433
32437
32442
32446
32456
32459
32466
32470
32471
32481
32481
32486
32496
32497
32505
32506
32512
32520
32525
32530
32536
32538
32542
32548
32553
32556
32562
32567
32576
32581
32585
32587
32595
32600
32604
32610
32614
32616
32624
32628
32635
32639
32645
32648
32655
32658
32665
32670
32671
32678
32682
32691
32695
32698
32703
32711
32715
32720
32721
32727
32731
32739
32741
32747
32754
32758
32764
32767
32774
32779
32782
32790
32794
32796
32801
32811
32815
32821
32821
32826
32836
32838
32843
32850
32853
32861
32864
32868
32871
32879
32886
32886
32895
32897
32902
32906
32916
32916
32926
32931
32935
32938
32945
32948
32956
32961
32965
32971
32971
32981
32983
32989
32991
33001
33001
33011
33011
33018
33025
33031
33034
33040
33044
33050
33056
33056
33064
33070
33076
33079
33084
33090
33091
33100
33102
33107
33116
33121
33122
33130
33134
33138
33143
33151
33152
33160
33162
33171
33173
33176
33183
33191
33195
33199
33202
33206
33215
33217
33222
33230
33236
33240
33242
33246
33256
33258
33263
33268
33273
33281
33282
33290
33296
33296
33304
33307
33313
33320
33325
33327
33332
33337
33342
33346
33351
33356
33361
33366
33375
33378
33386
33388
33393
33401
33405
33406
33416
33417
33423
33431
33431
33437
33445
33447
33455
33459
33466
33466
33476
33480
33482
33491
33493
33501
33501
33506
33513
33518
33525
33526
33532
33538
33543
33548
33556
33560
33564
33567
33575
33581
33584
33591
33596
33599
33606
33607
33616
33621
33622
33626
33636
33638
33643
33650
33652
33657
33663
33666
33671
33677
33681
33686
33692
33699
33705
33710
33716
33718
33721
33726
33736
33736
33742
33747
33753
33759
33761
33768
33774
33778
33785
33788
33796
33799
33801
33809
33812
33819
33825
33830
33831
33839
33843
33848
33852
33856
33866
33870
33871
33879
33883
33890
33891
33896
33904
33911
33914
33916
33921
33930
33933
33938
33944
33949
33954
33956
33961
33970
33973
33976
33983
33990
33994
33999
34006
34007
34011
34020
34021
34031
34033
34036
34041
34047
34051
34057
34065
34069
34075
34079
34083
34090
34096
34100
34105
34108
34112
34120
34125
34130
34131
34140
34142
34149
34151
34158
34163
34167
34172
34180
34184
34190
34191
34197
34203
34209
34214
34217
34224
34226
34235
34241
34244
34248
34252
34258
34265
34268
34271
34280
34282
34287
34293
34299
34306
34310
34311
34318
34322
34328
34336
34339
34345
34346
34351
34359
34361
34367
34375
34377
34382
34387
34395
34401
34404
34406
34414
34421
34426
34426
34432
34441
34443
34451
34452
34458
34466
34468
34476
34478
34484
34490
34494
34500
34504
34507
34513
34521
34525
34527
34535
34537
34543
34549
34553
34557
34561
34570
34576
34581
34583
34589
34596
34601
34606
34610
34613
34619
34626
34630
34631
34641
34641
34649
34651
34661
34666
34666
34675
34676
34681
34686
34691
34701
34703
34707
34716
34721
34723
34726
34735
34740
34743
34751
34751
34758
34762
34766
34774
34780
34781
34791
34796
34799
34802
34808
34813
34819
34821
34826
34836
34838
34845
34849
34856
34861
34866
34867
34876
34878
34882
34886
34893
34897
34902
34906
34912
34916
34925
34931
34936
34936
34941
34946
34951
34959
34966
34969
34974
34976
34982
34987
34994
35000
35004
35007
35015
35019
35024
35028
35035
35041
35046
35051
35053
35058
35062
35070
35071
35077
35086
35090
35094
35098
35104
35110
35114
35120
35124
35126
35135
35140
35144
35149
35153
35159
35165
35167
35176
35179
35184
35188
35195
35200
35206
35206
35216
35216
35223
35229
35234
35236
35246
35247
35251
35260
35262
35270
35275
35280
35284
35288
35291
35300
35302
35311
35315
35320
35323
35331
35332
35336
35342
35348
35353
35360
35364
35366
35371
35376
35386
35387
35395
35399
35401
35408
35413
35418
35423
35427
35434
35438
35445
35446
35456
35459
35465
35468
35475
35476
35481
35486
35495
35496
35502
35511
35514
35520
35524
35530
35533
35536
35546
35550
35553
35557
35562
35567
35575
35576
35584
35591
35596
35601
35602
35609
35612
35616
35626
35629
35636
35636
35642
35649
35653
35657
35662
35666
35673
35680
35685
35687
35692
35697
35702
35711
35711
35720
35721
35731
35734
35741
35741
35750
35756
35758
35764
35771
35771
35779
35786
35787
35792
35800
35801
35811
35816
35817
35825
35831
35833
35836
35844
35849
35855
35859
35863
35866
35875
35881
35884
35891
35895
35898
35901
35908
35916
35920
35921
35929
35934
35939
35946
35951
35952
35960
35963
35967
35971
35977
35984
35989
35995
35997
36003
36008
36011
36018
36023
36030
36032
36041
36044
36050
36054
36060
36064
36066
36073
36078
36081
36090
36096
36096
36104
36110
36113
36119
36122
36130
36132
36137
36143
36146
36153
36157
36165
36170
36175
36181
36182
36189
36196
36199
36206
36208
36216
36217
36223
36231
36235
36237
36241
36246
36253
36256
36262
36271
36271
36276
36284
36291
36293
36300
36306
36306
36313
36320
36321
36326
36331
36340
36341
36348
36355
36358
36365
36370
36372
36379
36386
36388
36396
36401
36401
36410
36411
36416
36425
36427
36436
36440
36444
36446
36454
36456
36463
36471
36473
36477
36483
36489
36492
36498
36502
36506
36512
36516
36523
36527
36536
36536
36542
36547
36552
36560
36563
36569
36572
36580
36586
36590
36594
36596
36602
36611
36615
36618
36622
36627
36631
36639
36643
36649
36652
36656
36664
36668
36676
36681
36683
36691
36694
36699
36704
36709
36715
36716
36722
36728
36735
36738
36744
36750
36755
36760
36764
36770
36775
36777
36785
36787
36791
36801
36806
36809
36813
36817
36824
36830
36831
36839
36844
36851
36856
36857
36865
36866
36875
36881
36882
36887
36891
36898
36902
36909
36915
36917
36921
36927
36933
36937
36941
36950
36954
36961
36963
36971
36974
36978
36982
36988
36995
36996
37003
37007
37013
37018
37026
37030
37034
37040
37043
37050
37053
37058
37066
37069
37071
37078
37084
37090
37092
37101
37105
37107
37113
37119
37122
37127
37134
37136
37144
37150
37155
37159
37166
37166
37172
37178
37181
37189
37193
37201
37206
37206
37215
37221
37225
37228
37235
37239
37244
37249
37256
37260
37262
37269
37272
37280
37286
37287
37294
37297
37302
37310
37314
37318
37324
37330
37335
37336
37345
37347
37351
37358
37361
37368
37376
37378
37384
37390
37392
37400
37403
37410
37415
37418
37424
37430
37431
37439
37441
37450
37452
37458
37464
37468
37471
37481
37482
37490
37494
37499
37504
37508
37516
37520
37525
37526
37534
37541
37543
37551
37552
37559
37562
37568
37576
37577
37582
37586
37592
37599
37605
37610
37616
37619
37624
37630
37633
37639
37642
37646
37656
37661
37663
37669
37671
37676
37681
37689
37692
37698
37703
37710
37714
37718
37721
37728
37734
37740
37744
37749
37754
37759
37762
37771
37771
37777
37784
37787
37791
37796
37803
37810
37811
37818
37823
37830
37831
37836
37841
37849
37851
37859
37865
37866
37876
37879
37885
37887
37891
37897
37904
37910
37913
37920
37925
37928
37935
37939
37942
37948
37954
37959
37966
37968
37976
37979
37983
37986
37994
37997
38006
38009
38013
38020
38022
38030
38034
38040
38044
38049
38054
38057
38063
38069
38072
38080
38082
38090
38091
38098
38103
38107
38114
38116
38125
38127
38133
38138
38143
38149
38156
38158
38161
38166
38171
38181
38186
38186
38191
38199
38203
38209
38212
38220
38222
38231
38231
38239
38242
38251
38254
38260
38262
38271
38275
38281
38286
38290
38294
38299
38302
38308
38311
38321
38325
38328
38335
38340
38343
38348
38355
38360
38361
38366
38376
38380
38386
38388
38396
38401
38405
38410
38411
38417
38423
38430
38434
38436
38446
38446
38454
38459
38461
38469
38471
38481
38482
38489
38495
38496
38502
38506
38512
38521
38522
38528
38535
38540
38545
38549
38551
38558
38565
38568
38575
38577
38585
38588
38591
38598
38602
38610
38613
38621
38625
38626
38633
38639
38646
38646
38651
38657
38661
38666
38672
38680
38684
38691
38693
38698
38702
38711
38716
38720
38722
38727
38734
38741
38744
38746
38752
38761
38762
38766
38776
38780
38783
38789
38794
38798
38806
38808
38814
38817
38824
38826
38831
38840
38845
38847
38853
38861
38864
38867
38874
38880
38884
38891
38891
38896
38903
38906
38913
38917
38923
38927
38933
38938
38945
38946
38954
38959
38966
38967
38973
38980
38981
38991
38992
39000
39006
39009
39015
39020
39023
39026
39034
39036
39045
39051
39056
39059
39063
39068
39072
39080
39082
39091
39095
39097
39104
39111
39114
39117
39126
39127
39131
39139
39145
39151
39151
39156
39161
39169
39176
39176
39184
39189
39193
39196
39203
39206
39215
39218
39222
39230
39232
39241
39242
39246
39254
39260
39266
39266
39271
39280
39282
39288
39292
39299
39304
39311
39315
39318
39321
39327
39333
39341
39343
39351
39352
39357
39362
39367
39375
39377
39385
39391
39395
39399
39402
39407
39413
39420
39424
39428
39431
39440
39442
39446
39456
39461
39462
39469
39473
39478
39486
39491
39493
39499
39504
39509
39513
39516
39526
39529
39535
39538
39542
39547
39555
39558
39561
39566
39573
39578
39586
39586
39595
39596
39601
39606
39613
39616
39626
39631
39634
39640
39645
39650
39656
39661
39665
39668
39673
39678
39681
39690
39693
39697
39701
39708
39712
39720
39723
39730
39736
39736
39746
39750
39754
39760
39763
39766
39775
39780
39782
39791
39796
39799
39802
39806
39812
39816
39822
39831
39833
39836
39845
39851
39854
39861
39865
39866
39874
39881
39884
39890
39896
39901
39901
39909
39916
39916
39924
39931
39932
39937
39941
39948
39956
39960
39961
39968
39976
39978
39982
39987
39996
40000
40005
40006
40012
40018
40025
40030
40036
40037
40043
40046
40054
40056
40066
40067
40076
40078
40084
40091
40092
40096
40104
40110
40115
40121
40126
40130
40134
40137
40144
40151
40154
40160
40164
40168
40174
40177
40184
40190
40194
40197
40203
40209
40215
40217
40226
40231
40235
40237
40241
40250
40253
40261
40261
40270
40272
40277
40282
40289
40293
40300
40304
40306
40312
40318
40323
40327
40331
40339
40343
40349
40353
40359
40362
40367
40372
40380
40383
40389
40392
40399
40404
40409
40412
40416
40424
40427
40432
40436
40442
40448
40454
40461
40465
40469
40476
40479
40482
40491
40493
40497
40506
40508
40515
40518
40523
40530
40535
40539
40542
40547
40554
40557
40561
40570
40574
40576
40586
40588
40594
40600
40605
40608
40612
40621
40622
40628
40636
40637
40643
40647
40652
40658
40663
40666
40673
40679
40683
40688
40695
40699
40702
40706
40715
40718
40724
40730
40733
40738
40744
40746
40753
40756
40761
40768
40772
40777
40785
40791
40795
40797
40804
40809
40814
40818
40826
40830
40833
40837
40841
40848
40854
40856
40866
40871
40872
40879
40885
40886
40893
40898
40903
40909
40914
40918
40924
40930
40936
40940
40944
40951
40956
40957
40963
40969
40974
40981
40983
40990
40991
41000
41002
41009
41014
41017
41022
41028
41035
41037
41043
41050
41053
41057
41064
41069
41075
41081
41085
41087
41095
41098
41103
41109
41116
41117
41125
41131
41134
41139
41146
41146
41155
41157
41161
41168
41175
41176
41181
41189
41196
41197
41203
41210
41211
41218
41226
41230
41234
41240
41245
41250
41256
41257
41266
41266
41272
41279
41283
41288
41293
41300
41305
41307
41311
41316
41326
41329
41331
41339
41341
41347
41352
41360
41365
41370
41374
41379
41384
41386
41391
41400
41402
41409
41412
41419
41426
41426
41431
41437
41446
41448
41451
41458
41466
41467
41473
41477
41486
41486
41495
41497
41505
41510
41515
41519
41524
41526
41535
41540
41545
41548
41552
41558
41566
41569
41574
41581
41583
41591
41596
41600
41605
41608
41612
41620
41626
41628
41636
41639
41645
41649
41652
41658
41661
41668
41673
41681
41685
41688
41691
41700
41704
41709
41714
41718
41721
41727
41733
41741
41746
41748
41756
41759
41765
41771
41773
41776
41786
41790
41795
41798
41801
41809
41814
41817
41821
41830
41832
41840
41842
41851
41854
41858
41865
41869
41871
41876
41884
41887
41893
41897
41902
41908
41912
41917
41924
41928
41935
41936
41946
41948
41951
41960
41961
41968
41971
41978
41983
41988
41991
41997
42004
42007
42013
42019
42023
42030
42031
42041
42046
42051
42056
42060
42061
42068
42071
42079
42082
42089
42094
42098
42106
42110
42112
42117
42123
42131
42136
42140
42145
42150
42153
42159
42166
42170
42174
42180
42185
42190
42193
42198
42206
42210
42215
42219
42224
42228
42236
42238
42246
42251
42253
42257
42261
42270
42272
42279
42281
42291
42293
42300
42305
42311
42314
42318
42325
42327
42332
42337
42342
42349
42353
42360
42365
42369
42376
42379
42381
42390
42394
42396
42403
42411
42412
42420
42423
42431
42434
42438
42444
42446
42453
42458
42466
42468
42476
42479
42481
42487
42491
42500
42502
42509
42516
42521
42525
42527
42533
42538
42541
42549
42552
42560
42563
42571
42576
42580
42582
42587
42594
42601
42606
42606
42615
42616
42625
42630
42632
42640
42644
42649
42653
42659
42663
42671
42672
42679
42685
42688
42694
42700
42702
42706
42713
42717
42723
42730
42731
42737
42745
42750
42754
42759
42762
42768
42773
42780
42782
42786
42791
42797
42802
42806
42811
42820
42823
42830
42836
42841
42841
42847
42853
42861
42864
42866
42871
42881
42882
42887
42892
42898
42905
42908
42916
42920
42925
42930
42932
42939
42944
42951
42954
42961
42962
42970
42973
42978
42986
42989
42992
42996
43004
43008
43014
43016
43022
43028
43036
43036
43042
43048
43055
43056
43063
43068
43075
43077
43085
43086
43096
43097
43102
43106
43112
43116
43125
43127
43134
43140
43144
43151
43155
43156
43164
43170
43176
43181
43185
43187
43191
43196
43204
43206
43213
43221
43224
43229
43231
43239
43243
43247
43252
43257
43266
43271
43276
43281
43285
43291
43292
43297
43306
43308
43312
43318
43325
43329
43336
43336
43344
43351
43355
43361
43361
43366
43375
43377
43386
43386
43393
43401
43403
43407
43412
43419
43422
43428
43436
43436
43441
43447
43456
43458
43463
43466
43473
43480
43484
43487
43493
43496
43502
43509
43512
43517
43525
43530
43533
43536
43546
43546
43552
43557
43566
43566
43573
43576
43581
43586
43596
43597
43602
43607
43615
43619
43623
43631
43636
43637
43641
43650
43653
43658
43662
43668
43671
43681
43684
43690
43694
43701
43703
43710
43715
43721
43721
43729
43731
43736
43744
43748
43751
43756
43765
43770
43773
43777
43785
43788
43794
43798
43806
43807
43814
43817
43821
43829
43832
43841
43845
43851
43854
43857
43862
43870
43872
43876
43884
43886
43892
43896
43902
43907
43915
43919
43926
43929
43934
43939
43943
43946
43952
43957
43963
43966
43975
43980
43982
43991
43991
44000
44001
44011
44014
44017
44023
44027
44031
44038
44042
44051
44051
44061
44062
44071
44073
44080
44082
44088
44092
44100
44101
44111
44115
44121
44125
44128
44136
44137
44142
44151
44153
44158
44164
44166
44175
44176
44186
44187
44191
44201
44205
44207
44215
44216
44224
44227
44232
44240
44243
44251
44253
44261
44262
44269
44273
44277
44281
44288
44295
44296
44306
44307
44315
44317
44322
44329
44335
44341
44346
44349
44355
44360
44363
44367
44374
44377
44385
44390
44395
44400
44404
44407
44414
44418
44422
44427
44436
44436
44446
44447
44453
44456
44461
44467
44476
44477
44482
44489
44494
44499
44505
44508
44516
44518
44521
44530
44534
44536
44542
44548
44553
44561
44563
44569
44576
44580
44583
44589
44596
44597
44601
44610
44615
44619
44622
44630
44633
44640
44642
44650
44653
44658
44661
44666
44672
44680
44686
44686
44696
44699
44705
44706
44711
44716
44725
44728
44732
44740
44745
44751
44751
44761
44765
44767
44771
44780
44786
44789
44792
44797
44806
44809
44811
44816
44825
44830
44834
44836
44846
44846
44852
44858
44864
44866
44874
44879
44881
44890
44895
44896
44904
44907
44915
44918
44922
44928
44932
44938
44943
44950
44952
44961
44966
44971
44972
44980
44984
44987
44992
45000
45001
45009
45013
45020
45026
45030
45033
45039
45044
45050
45055
45058
45062
45069
45071
45079
45084
45090
45095
45100
45103
45110
45113
45119
45123
45127
45133
45137
45145
45151
45151
45156
45161
45168
45176
45177
45181
45188
45192
45196
45205
45206
45216
45216
45226
45230
45233
45238
45245
45247
45256
45259
45264
45266
45276
45279
45283
45291
45296
45298
45301
45309
45316
45319
45321
45326
45331
45339
45345
45347
45356
45361
45365
45368
45376
45376
45383
45386
45395
45400
45406
45406
45412
45420
45422
45427
45434
45440
45442
45451
45455
45457
45461
45468
45472
45480
45482
45486
45493
45500
45503
45511
45515
45516
45526
45529
45532
45538
45544
45551
45555
45558
45562
45567
45573
45578
45583
45590
45592
45597
45604
45609
45616
45619
45622
45628
45634
45639
45644
45648
45656
45658
45664
45670
45673
45676
45684
45687
45695
45698
45702
45711
45712
45719
45726
45728
45731
45741
45743
45749
45753
45756
45766
45767
45776
45779
45781
45790
45792
45797
45803
45808
45811
45818
45821
45831
45832
45838
45843
45849
45851
45861
45862
45870
45873
45876
45882
45889
45893
45900
45906
45907
45916
45916
45922
45929
45934
45936
45943
45950
45953
45956
45966
45970
45975
45979
45986
45986
45991
45998
46003
46010
46012
46016
46022
46030
46032
46040
46041
46048
46053
46060
46066
46066
46074
46077
46083
46088
46092
46099
46103
46111
46113
46121
46122
46128
46134
46140
46141
46151
46152
46160
46164
46170
46176
46180
46184
46186
46195
46198
46202
46211
46215
46219
46221
46228
46232
46237
46245
46246
46254
46260
46266
46270
46276
46276
46281
46290
46293
46300
46305
46309
46313
46316
46323
46329
46334
46336
46345
46348
46352
46358
46362
46367
46373
46378
46385
46389
46391
46396
46404
46409
46415
46417
46421
46429
46433
46439
46443
46449
46456
46456
46461
46466
46476
46478
46486
46487
46492
46499
46504
46508
46511
46516
46525
46528
46531
46537
46544
46546
46555
46558
46562
46570
46575
46581
46583
46587
46592
46598
46604
46611
46612
46617
46626
46631
46635
46637
46642
46649
46653
46660
46665
46669
46671
46677
46686
46689
46693
46698
46706
46708
46714
46718
46723
46728
46735
46741
46742
46750
46751
46761
46764
46768
46775
46778
46786
46791
46794
46797
46805
46808
46813
46820
46824
46828
46834
46837
46841
46846
46854
46861
46864
46871
46874
46881
46881
46891
46896
46898
46903
46907
46914
46916
46921
46930
46935
46938
46946
46951
46951
46958
46961
46966
46973
46977
46985
46991
46994
46996
47001
47011
47015
47018
47021
47027
47034
47037
47043
47050
47052
47059
47066
47070
47071
47077
47085
47088
47096
47098
47102
47107
47111
47116
47124
47130
47133
47140
47141
47148
47153
47161
47166
47170
47174
47177
47183
47186
47193
47199
47204
47207
47215
47220
47223
47226
47232
47239
47246
47246
47252
47257
47266
47271
47273
47280
47284
47291
47296
47297
47303
47306
47312
47321
47325
47329
47333
47337
47342
47349
47356
47359
47365
47368
47375
47379
47385
47388
47393
47400
47401
47409
47415
47417
47422
47431
47433
47439
47445
47448
47452
47456
47462
47469
47473
47481
47481
47489
47494
47496
47504
47511
47513
47517
47524
47526
47532
47536
47543
47550
47555
47558
47566
47568
47572
47576
47584
47587
47593
47597
47604
47610
47613
47618
47626
47630
47635
47641
47642
47647
47652
47660
47661
47669
47674
47677
47686
47691
47695
47701
47703
47708
47714
47717
47724
47728
47731
47736
47744
47749
47756
47756
47766
47768
47774
47779
47782
47789
47796
47798
47803
47810
47812
47820
47824
47827
47832
47839
47845
47850
47855
47861
47862
47870
47872
47879
47886
47891
47893
47896
47906
47907
47911
47918
47924
47926
47934
47936
47942
47947
47952
47961
47962
47966
47971
47976
47985
47991
47992
47998
48004
48011
48016
48017
48025
48031
48034
48037
48041
48049
48056
48059
48063
48068
48074
48080
48086
48088
48093
48100
48106
48106
48116
48121
48124
48128
48134
48139
48146
48149
48152
48158
48166
48171
48176
48181
48185
48186
48193
48200
48203
48208
48213
48220
48223
48229
48236
48237
48243
48248
48256
48258
48262
48266
48273
48279
48286
48287
48294
48297
48302
48310
48313
48320
48325
48326
48331
48338
48342
48347
48355
48360
48361
48367
48375
48377
48385
48388
48396
48398
48401
48410
48413
48418
48426
48429
48432
48436
48442
48448
48453
48459
48463
48468
48475
48476
48483
48487
48496
48499
48502
48511
48515
48521
48522
48529
48534
48541
48543
48550
48552
48560
48565
48569
48571
48578
48581
48586
48596
48600
48605
48606
48612
48616
48622
48626
48631
48637
48642
48647
48654
48656
48666
48669
48674
48677
48682
48690
48696
48701
48701
48706
48711
48717
48721
48726
48736
48738
48744
48748
48753
48757
48765
48766
48774
48778
48781
48789
48791
48800
48801
48807
48811
48817
48824
48826
48836
48840
48843
48851
48855
48859
48861
48867
48873
48877
48881
48887
48896
48897
48904
48911
48912
48919
48926
48931
48933
48941
48944
48950
48954
48958
48962
48966
48971
48979
48984
48990
48993
48997
49002
49010
49014
49020
49024
49031
49031
49040
49041
49050
49056
49057
49066
49067
49076
49076
49084
49089
49091
49099
49103
49107
49115
49116
49122
49130
49133
49141
49144
49146
49156
49160
49162
49170
49176
49181
49183
49189
49194
49198
49203
49208
49214
49220
49223
49226
49232
49236
49245
49249
49256
49260
49264
49269
49276
49279
49284
49290
49291
49298
49303
49308
49315
49320
49322
49327
49333
49337
49342
49348
49352
49360
49365
49371
49375
49378
49384
49389
49391
49399
49402
49407
49413
49416
49425
49428
49434
49438
49442
49447
49456
49457
49463
49467
49474
49478
49484
49486
49493
49500
49505
49506
49511
49516
49524
49530
49535
49541
49546
49550
49556
49558
49562
49570
49572
49576
49581
49588
49594
49598
49603
49607
49613
49621
49621
49630
49635
49640
49644
49650
49651
49658
49663
49666
49672
49678
49686
49690
49692
49700
49705
49708
49716
49717
49724
49728
49731
49738
49746
49750
49751
49761
49764
49769
49774
49776
49781
49791
49795
49798
49802
49811
49814
49819
49825
49829
49833
49841
49845
49847
49853
49861
49862
49867
49875
49876
49882
49889
49891
49897
49904
49910
49915
49919
49921
49930
49934
49939
49944
49946
49951
49956
49961
49971
49971
49978
49981
49989
49995
50000
50001
50007
50011
50016
50025
50027
50031
50040
50046
50051
50051
50060
50064
50069
50073
50078
50085
50088
50094
50101
50103
50109
50113
50117
50124
50128
50132
50139
50142
50151
50156
50160
50164
50167
50171
50179
50181
50188
50191
50201
50202
50206
50211
50220
50225
50227
50231
50236
50242
50250
50256
50258
50261
50271
50274
50279
50283
50289
50292
50297
50305
50308
50312
50316
50321
50330
50336
50340
50341
50350
50355
50358
50361
50370
50371
50380
50385
50386
50395
50400
50406
50408
50412
50421
50421
50430
50432
50440
50444
50448
50456
50459
50463
50469
50475
50481
50481
50487
50493
50497
50504
50509
50511
50520
50523
50529
50536
50538
50545
50547
50552
50560
50563
50570
50573
50578
50585
50591
50593
50597
50606
50611
50614
50620
50625
50627
50636
50639
50643
50647
50655
50660
50664
50668
50676
50677
50686
50686
50695
50701
50704
50709
50714
50717
50723
50729
50736
50738
50744
50749
50753
50760
50762
50766
50772
50779
50782
50788
50793
50799
50802
50807
50813
50819
50823
50830
50835
50839
50846
50850
50852
50857
50866
50867
50876
50876
50885
50889
50892
50898
50905
50911
50916
50919
50926
50930
50936
50938
50946
50947
50956
50960
50965
50971
50976
50977
50986
50987
50995
51001
51002
51011
51015
51017
51023
51026
51034
51037
51043
51047
51056
51059
51065
51066
51075
51079
51084
51086
51095
51096
51102
51107
51116
51121
51123
51127
51132
51141
51141
51147
51151
51158
51164
51168
51173
51178
51183
51186
51191
51200
51201
51211
51213
51216
51221
51229
51233
51241
51241
51250
51255
51261
51264
51266
51274
51280
51286
51288
51292
51300
51301
51310
51313
51319
51326
51328
51333
51339
51341
51346
51351
51361
51366
51371
51372
51378
51385
51389
51395
51396
51405
51406
51415
51419
51423
51430
51432
51439
51441
51447
51453
51456
51465
51466
51475
51478
51482
51487
51493
51497
51505
51511
51514
51518
51522
51526
51534
51540
51545
51550
51554
51557
51562
51571
51572
51579
51585
51590
51594
51601
51606
51606
51616
51619
51623
51627
51635
51639
51641
51650
51655
51659
51664
51670
51671
51679
51683
51688
51692
51696
51701
51708
51713
51717
51721
51726
51736
51737
51743
51748
51755
51756
51762
51768
51774
51776
51786
51786
51792
51800
51801
51811
51811
51819
51826
51828
51832
51838
51845
51847
51851
51860
51861
51869
51872
51880
51886
51890
51895
51897
51906
51910
51912
51919
51922
51926
51936
51941
51943
51948
51956
51958
51963
51970
51974
51976
51984
51989
51995
51997
52001
52011
52016
52018
52024
52027
52032
52040
52041
52051
52056
52061
52066
52070
52071
52080
52083
52087
52091
52097
52101
52107
52111
52121
52124
52126
52132
52137
52141
52148
52156
52159
52165
52168
52176
52180
52183
52191
52196
52201
52205
52211
52213
52217
52221
52228
52234
52238
52244
52246
52254
52257
52261
52269
52271
52276
52284
52288
52296
52301
52304
52308
52312
52316
52326
52328
52331
52339
52345
52350
52352
52358
52361
52367
52372
52377
52384
52387
52396
52401
52406
52409
52413
52420
52425
52429
52434
52440
52446
52447
52452
52459
52465
52469
52471
52478
52484
52491
52491
52501
52506
52506
52514
52518
52526
52526
52533
52536
52541
52546
52552
52561
52562
52571
52574
52581
52581
52590
52591
52598
52606
52610
52612
52617
52622
52631
52632
52640
52645
52647
52655
52658
52665
52669
52673
52678
52686
52690
52693
52701
52706
52711
52716
52720
52724
52729
52731
52740
52743
52750
52753
52756
52766
52768
52776
52777
52781
52787
52794
52800
52805
52810
52813
52816
52824
52831
52831
52839
52841
52849
52856
52860
52862
52870
52874
52881
52884
52888
52893
52898
52904
52911
52912
52919
52926
52930
52936
52938
52943
52951
52956
52957
52963
52966
52972
52979
52985
52988
52995
52998
53001
53006
53013
53020
53026
53026
53033
53037
53044
53047
53054
53059
53065
53070
53074
53078
53081
53088
53095
53096
53103
53109
53114
53120
53126
53127
53132
53136
53143
53151
53154
53159
53161
53167
53174
53177
53181
53190
53196
53199
53205
53210
53211
53220
53222
53230
53232
53237
53244
53246
53251
53258
53263
53267
53271
53277
53281
53290
53291
53298
53306
53308
53316
53319
53322
53331
53332
53341
53345
53350
53356
53358
53364
53371
53376
53379
53381
53388
53395
53401
53402
53409
53414
53420
53423
53429
53432
53440
53442
53450
53452
53457
53465
53467
53474
53481
53486
53488
53494
53501
53502
53510
53512
53521
53526
53526
53531
53536
53541
53547
53553
53561
53561
53571
53574
53578
53582
53586
53596
53600
53606
53610
53611
53621
53622
53627
53634
53640
53646
53651
53651
53660
53661
53668
53676
53677
53686
53691
53691
53698
53704
53708
53714
53720
53725
53731
53735
53739
53744
53748
53753
53761
53766
53766
53774
53781
53781
53788
53791
53798
53801
53807
53813
53821
53822
53828
53834
53841
53844
53850
53855
53856
53863
53866
53876
53877
53882
53891
53891
53898
53906
53909
53915
53920
53921
53926
53931
53936
53943
53946
53954
53958
53966
53971
53971
53980
53984
53986
53993
54000
54003
54009
54013
54019
54026
54028
54035
54040
54044
54047
54053
54056
54064
54067
54073
54077
54083
54090
54094
54100
54105
54109
54113
54118
54122
54128
54133
54139
54146
54147
54151
54160
54162
54166
54174
54177
54185
54189
54194
54196
54203
54208
54211
54218
54222
54231
54232
54240
54246
54248
54253
54259
54266
54270
54272
54276
54283
54288
54293
54296
54301
54308
54316
54321
54326
54330
54331
54339
54342
54351
54353
54357
54362
54370
54375
54376
54383
54386
54394
54396
54406
54409
54412
54421
54423
54431
54435
54437
54443
54451
54453
54458
54462
54471
54475
54478
54482
54489
54493
54497
54501
54510
54512
54516
54524
54528
54531
54536
54546
54547
54556
54558
54564
54571
54576
54579
54584
54588
54595
54596
54602
54607
54611
54617
54623
54626
54634
54639
54644
54650
54655
54658
54664
54666
54675
54677
54684
54688
54694
54697
54703
54707
54715
54721
54726
54727
54734
54736
54746
54751
54753
54757
54765
54767
54772
54776
54782
54789
54791
54799
54804
54808
54813
54816
54821
54830
54831
54840
54845
54848
54854
54858
54864
54867
54875
54878
54881
54887
54891
54897
54902
54908
54911
54920
54924
54931
54935
54941
54946
54950
54951
54956
54963
54968
54972
54979
54986
54990
54993
55000
55005
55011
55013
55017
55022
55026
55033
55039
55042
55049
55054
55057
55063
55070
55076
55080
55083
55089
55091
55101
55104
55111
55112
55118
55126
55131
55133
55141
55142
55148
55155
55158
55165
55166
55175
55180
55186
55190
55191
55201
55201
55211
55213
55219
55223
55227
55235
55238
55244
55249
55251
55260
55262
55267
55273
55280
55286
55287
55294
55298
55304
55310
55316
55317
55324
55326
55335
55339
55343
55347
55354
55357
55362
55371
55373
55381
55384
55389
55395
55398
55404
55406
55412
55418
55423
55427
55434
55437
55445
55451
55453
55459
55466
55470
55474
55479
55485
55488
55492
55496
55504
55509
55511
55516
55522
55527
55532
55536
55542
55550
55551
55556
55561
55569
55575
55578
55583
55591
55592
55597
55604
55607
55614
55618
55621
55626
55632
55640
55642
55651
55651
55660
55662
55667
55671
55678
55685
55690
55696
55701
55702
55711
55715
55720
55725
55729
55734
55738
55743
55751
55756
55757
55762
55768
55773
55779
55786
55787
55796
55797
55804
55810
55814
55817
55824
55831
55835
55840
55844
55846
55856
55861
55861
55868
55875
55878
55881
55889
55895
55899
55905
55911
55916
55918
55922
55929
55934
55940
55941
55949
55955
55957
55965
55970
55972
55976
55985
55989
55992
55996
56001
56006
56014
56019
56025
56028
56031
56041
56041
56046
56052
56059
56061
56070
56074
56076
56085
56090
56091
56096
56102
56107
56111
56116
56123
56129
56131
56136
56145
56146
56155
56157
56161
56167
56174
56179
56184
56191
56195
56201
56201
56211
56214
56217
56221
56231
56231
56239
56244
56251
56252
56258
56264
56266
56275
56277
56281
56289
56293
56299
56304
56307
56315
56318
56321
56328
56335
56337
56341
56347
56351
56360
56361
56369
56373
56377
56381
56391
56394
56400
56402
56407
56416
56419
56425
56428
56432
56437
56445
56446
56455
56457
56466
56468
56471
56479
56481
56488
56494
56497
56504
56510
56512
56517
56526
56529
56534
56540
56541
56548
56556
56557
56564
56567
56571
56577
56581
56587
56592
56596
56602
56608
56613
56616
56624
56629
56631
56638
56641
56649
56654
56658
56663
56670
56673
56678
56686
56690
56696
56699
56706
56711
56711
56721
56722
56726
56731
56741
56746
56747
56751
56758
56764
56768
56771
56777
56785
56786
56794
56798
56801
56807
56816
56821
56824
56826
56833
56841
56842
56849
56855
56857
56865
56868
56876
56877
56885
56888
56893
56901
56901
56911
56914
56920
56923
56926
56933
56937
56942
56951
56952
56958
56961
56970
56976
56981
56982
56988
56993
56996
57004
57009
57011
57021
57026
57028
57031
57041
57041
57049
57056
57057
57061
57070
57075
57078
57083
57091
57096
57096
57103
57109
57113
57120
57123
57130
57136
57140
57141
57148
57153
57159
57164
57171
57172
57180
57185
57190
57194
57200
57205
57208
57214
57217
57222
57229
57236
57237
57245
57246
57255
57261
57262
57271
57273
57279
57281
57286
57295
57301
57304
57311
57313
57320
57324
57326
57332
57336
57344
57346
57353
57359
57361
57367
57374
57377
57381
57390
57394
57399
57406
57406
57413
57419
57423
57430
57431
57437
57442
57447
57454
57459
57466
57466
57475
57478
57481
57490
57493
57499
57501
57510
57513
57521
57521
57531
57533
57540
57541
57550
57552
57556
57563
57568
57576
57578
57584
57586
57593
57599
57606
57607
57614
57618
57621
57631
57633
57639
57642
57651
57654
57658
57662
57671
57671
57681
57681
57690
57695
57698
57703
57708
57715
57717
57723
57730
57733
57740
57745
57751
57754
57757
57766
57766
57775
57779
57782
57787
57792
57800
57806
57811
57813
57819
57825
57829
57831
57841
57846
57851
57852
57858
57865
57870
57875
57881
57885
57886
57893
57901
57904
57907
57916
57921
57926
57931
57931
57937
57942
57946
57953
57958
57964
57970
57976
57980
57985
57989
57993
58000
58002
58010
58013
58018
58026
58026
58033
58041
58041
58050
58056
58061
58065
58069
58072
58078
58082
58088
58092
58098
58102
58110
58116
58121
58126
58128
58135
58140
58145
58147
58156
58158
58162
58167
58173
58181
58181
58189
58195
58198
58206
58207
58216
58219
58222
58226
58232
58238
58243
58248
58254
58259
58264
58269
58273
58277
58282
58289
58291
58297
58301
58311
58314
58318
58322
58331
58336
58336
58341
58349
58351
58360
58364
58366
58374
58380
58383
58386
58391
58398
58403
58411
58415
58419
58422
58430
58433
58437
58444
58447
58454
58458
58464
58468
58474
58477
58485
58489
58493
58498
58505
58507
58511
58521
58522
58528
58532
58540
58545
58547
58551
58558
58563
58569
58573
58576
58586
58588
58593
58598
58604
58610
58613
58621
58625
58631
58631
58638
58641
58649
58656
58658
58666
58668
58674
58681
58683
58689
58694
58700
58705
58707
58715
58721
58726
58728
58732
58741
58743
58749
58752
58760
58761
58767
58772
58778
58781
58788
58792
58801
58802
58811
58813
58817
58823
58826
58834
58839
58844
58846
58854
58861
58864
58866
58872
58881
58884
58889
58893
58901
58903
58908
58912
58917
58925
58929
58933
58937
58944
58951
58954
58960
58965
58968
58976
58981
58983
58986
58991
59001
59005
59011
59013
59020
59021
59030
59031
59036
59044
59048
59052
59060
59063
59068
59076
59079
59086
59086
59091
59097
59104
59111
59113
59117
59121
59130
59132
59140
59146
59147
59155
59157
59166
59169
59175
59177
59181
59187
59191
59201
59204
59207
59214
59220
59225
59226
59236
59240
59245
59249
59251
59258
59266
59266
59276
59278
59286
59287
59294
59297
59304
59309
59314
59318
59322
59331
59332
59341
59342
59350
59352
59359
59366
59368
59374
59379
59385
59389
59391
59396
59401
59410
59416
59421
59425
59430
59433
59441
59444
59450
59451
59457
59466
59467
59473
59480
59485
59490
59493
59497
59503
59510
59513
59516
59526
59529
59534
59541
59543
59548
59555
59556
59563
59566
59575
59578
59584
59586
59595
59600
59605
59609
59612
59621
59626
59629
59632
59639
59644
59650
59654
59658
59665
59671
59671
59681
59683
59688
59694
59698
59703
59707
59716
59721
59721
59728
59732
59736
59744
59748
59751
59761
59766
59766
59774
59776
59782
59788
59796
59798
59802
59807
59812
59818
59824
59830
59835
59836
59842
59849
59854
59861
59861
59869
59876
59877
59886
59891
59893
59897
59905
59909
59915
59920
59925
59927
59931
59941
59942
59949
59951
59960
59965
59966
59974
59978
59981
59990
59994
59996
60006
60006
60014
60016
60021
60029
60033
60040
60042
60049
60051
60061
60066
60071
60073
60080
60083
60086
60096
60097
60105
60109
60111
60119
60121
60131
60135
60137
60143
60147
60153
60156
60163
60167
60175
60181
60185
60188
60191
60201
60201
60209
60215
60219
60223
60227
60231
60237
60243
60247
60253
60259
60264
60267
60276
60280
60281
60287
60292
60297
60306
60309
60315
60320
60323
60330
60331
60337
60342
60347
60352
60357
60365
60370
60371
60381
60383
60388
60391
60396
60403
60408
60413
60421
60422
60426
60431
60440
60446
60449
60456
60457
60463
60469
60472
60478
60484
60489
60493
60496
60502
60510
60515
60518
60523
60531
60535
60538
60545
60551
60554
60559
60562
60566
60572
60576
60585
60587
60592
60596
60604
60611
60616
60616
60624
60630
60632
60640
60641
60650
60651
60658
60665
60669
60675
60678
60686
60691
60692
60697
60704
60711
60715
60719
60723
60727
60731
60740
60743
60751
60754
60761
60764
60766
60776
60776
60784
60787
60792
60797
60805
60807
60814
60817
60822
60828
60835
60839
60842
60848
60856
60856
60866
60870
60873
60878
60883
60887
60894
60899
60905
60910
60916
60920
60926
60926
60932
60938
60942
60950
60956
60959
60965
60969
60971
60981
60984
60991
60993
61001
61006
61008
61013
61019
61022
61026
61034
61037
61046
61046
61056
61057
61064
61071
61074
61077
61086
61086
61095
61099
61101
61110
61111
61120
61124
61128
61131
61141
61145
61149
61151
61158
61164
61169
61175
61176
61184
61187
61194
61197
61204
61206
61214
61220
61225
61229
61233
61239
61241
61249
61251
61261
61262
61266
61274
61277
61285
61286
61294
61299
61305
61308
61311
61319
61325
61330
61331
61340
61345
61349
61352
61356
61362
61366
61375
61379
61384
61389
61392
61397
61405
61411
61416
61416
61425
61428
61432
61437
61444
61449
61452
61461
61462
61470
61475
61476
61483
61490
61495
61501
61501
61511
61513
61517
61522
61526
61531
61540
61544
61549
61551
61560
61565
61569
61576
61580
61585
61591
61595
61597
61601
61608
61614
61617
61625
61627
61632
61638
61646
61651
61654
61658
61664
61670
61673
61678
61681
61686
61693
61696
61701
61710
61713
61718
61722
61730
61735
61737
61744
61750
61751
61758
61763
61768
61771
61776
61786
61790
61791
61800
61802
61811
61811
61821
61821
61830
61831
61836
61841
61850
61854
61860
61863
61867
61872
61877
61886
61888
61892
61901
61904
61910
61916
61916
61924
61928
61936
61939
61946
61951
61952
61961
61966
61967
61972
61980
61982
61987
61996
62000
62005
62009
62013
62021
62024
62031
62033
62039
62043
62047
62053
62061
62063
62067
62076
62077
62083
62086
62092
62100
62105
62109
62114
62119
62123
62129
62132
62137
62142
62150
62153
62160
62163
62166
62173
62177
62186
62186
62193
62196
62202
62211
62211
62218
62226
62228
62236
62237
62243
62246
62253
62258
62263
62267
62275
62276
62285
62290
62292
62300
62303
62309
62312
62319
62323
62331
62331
62336
62343
62349
62353
62358
62361
62368
62373
62376
62381
62386
62393
62397
62404
62409
62412
62419
62426
62427
62436
62439
62445
62446
62452
62460
62466
62470
62475
62477
62481
62488
62492
62499
62504
62509
62512
62520
62524
62530
62531
62539
62546
62546
62551
62556
62566
62566
62571
62578
62585
62589
62593
62596
62604
62607
62614
62620
62625
62631
62633
62640
62644
62650
62655
62661
62666
62669
62672
62677
62684
62686
62692
62700
62702
62708
62712
62719
62724
62728
62733
62738
62743
62748
62755
62758
62763
62766
62773
62778
62781
62786
62791
62801
62801
62806
62816
62816
62821
62829
62831
62838
62841
62846
62852
62859
62862
62871
62876
62878
62881
62891
62891
62898
62902
62910
62916
62916
62924
62931
62934
62939
62943
62949
62955
62957
62962
62966
62975
62978
62985
62987
62991
62999
63002
63008
63013
63017
63024
63030
63031
63041
63045
63049
63052
63059
63063
63067
63073
63079
63084
63088
63094
63096
63101
63106
63112
63120
63126
63128
63133
63138
63143
63150
63154
63157
63163
63170
63174
63178
63185
63190
63192
63197
63205
63209
63212
63216
63221
63227
63236
63237
63245
63251
63256
63256
63263
63267
63273
63278
63283
63287
63292
63301
63305
63308
63314
63320
63323
63328
63333
63336
63344
63348
63352
63361
63363
63371
63371
63381
63383
63389
63396
63398
63401
63411
63412
63421
63421
63428
63432
63438
63443
63450
63456
63459
63461
63468
63474
63480
63485
63491
63496
63498
63501
63510
63512
63520
63522
63531
63536
63540
63544
63548
63553
63557
63561
63570
63576
63576
63586
63586
63591
63598
63604
63607
63613
63616
63625
63629
63633
63637
63643
63651
63652
63660
63664
63668
63672
63678
63683
63688
63695
63698
63705
63711
63715
63716
63726
63728
63732
63740
63746
63748
63755
63760
63761
63767
63776
63781
63785
63791
63795
63800
63801
63811
63811
63819
63822
63829
63834
63837
63841
63846
63856
63860
63865
63871
63872
63878
63881
63888
63892
63899
63903
63910
63911
63921
63921
63928
63932
63941
63943
63947
63952
63960
63965
63971
63971
63980
63981
63988
63994
64001
64005
64007
64011
64017
64021
64026
64035
64036
64043
64051
64052
64060
64062
64070
64076
64076
64083
64088
64096
64097
64102
64110
64114
64119
64126
64129
64133
64139
64146
64150
64153
64159
64163
64166
64174
64180
64186
64187
64196
64200
64204
64211
64213
64216
64226
64226
64231
64236
64243
64248
64253
64259
64261
64267
64274
64279
64284
64291
64296
64298
64303
64308
64314
64321
64324
64330
64332
64340
64346
64348
64356
64356
64362
64370
64375
64378
64381
64389
64396
64401
64402
64407
64415
64417
64425
64428
64433
64440
64445
64451
64451
64458
64464
64471
64471
64480
64486
64487
64491
64501
64503
64508
64511
64521
64522
64531
64535
64541
64545
64551
64552
64557
64561
64567
64575
64580
64582
64586
64592
64597
64605
64610
64614
64618
64624
64630
64634
64641
64642
64647
64652
64657
64664
64666
64672
64679
64683
64686
64696
64698
64702
64706
64716
64716
64721
64729
64736
64741
64742
64749
64755
64757
64762
64770
64776
64781
64782
64790
64796
64797
64801
64807
64811
64821
64824
64826
64832
64837
64845
64848
64855
64860
64866
64866
64876
64877
64881
64886
64892
64897
64904
64907
64915
64919
64921
64931
64935
64941
64944
64951
64956
64960
64962
64970
64973
64977
64981
64987
64992
65000
65003
65009
65012
65020
65021
65028
65035
65037
65046
65048
65052
65056
65066
65066
65072
65078
65082
65090
65094
65097
65104
65107
65114
65117
65125
65128
65135
65140
65142
65147
65155
65156
65161
65166
65172
65180
65184
65186
65193
65196
65206
65211
65214
65219
65223
65230
65233
65238
65245
65250
65252
65257
65265
65266
65271
65280
65285
65288
65294
65300
65304
65309
65314
65321
65322
65330
65332
65338
65342
65347
65354
65358
65366
65369
65371
65381
65381
65390
65393
65400
65404
65406
65411
65419
65422
65427
65434
65439
65443
65449
65451
65458
65465
65467
65472
65478
65482
65490
65494
65499
65502
65510
65516
65521
65523
65530
65534
65536
65546
65551
65553
65557
65563
65571
65573
65577
65582
65588
65596
65596
65605
65610
65611
65621
65622
65626
65631
65637
65644
65647
65652
65659
65663
65671
65672
65680
65686
65689
65696
65699
65701
65710
65714
65718
65725
65729
65732
65738
65746
65748
65754
65759
65761
65766
65771
65776
65784
65786
65794
65798
65806
65808
65811
65821
65822
65826
65835
65841
65842
65847
65854
65861
65863
65867
65871
65878
65884
65887
65896
65899
65901
65911
65915
65916
65925
65926
65932
65940
65942
65946
65956
65961
65963
65967
65975
65977
65982
65986
65992
66001
66005
66010
66014
66018
66025
66027
66031
66037
66044
66048
66055
66061
66064
66068
66076
66080
66082
66089
66095
66099
66104
66106
66116
66121
66126
66127
66133
66136
66143
66148
66156
66157
66166
66168
66175
66180
66183
66186
66195
66198
66205
66211
66215
66218
66225
66231
66236
66240
66241
66250
66255
66259
66266
66266
66274
66277
66282
66288
66291
66301
66303
66310
66312
66317
66321
66330
66331
66341
66341
66347
66354
66359
66364
66368
66376
66379
66385
66388
66395
66398
66401
66411
66416
66421
66421
66431
66432
66438
66446
66447
66452
66461
66463
66469
66473
66476
66481
66486
66492
66496
66504
66510
66513
66519
66521
66531
66531
66538
66544
66548
66556
66559
66562
66571
66575
66577
66585
66591
66593
66597
66604
66609
66611
66619
66621
66629
66635
66637
66644
66651
66654
66656
66666
66671
66673
66681
66686
66691
66692
66701
66703
66711
66715
66719
66723
66729
66732
66738
66741
66750
66756
66759
66761
66768
66774
66779
66784
66787
66795
66796
66801
66806
66815
66820
66824
66829
66836
66839
66842
66848
66851
66859
66862
66870
66871
66881
66886
66887
66891
66899
66906
66909
66916
66916
66926
66927
66935
66937
66942
66947
66953
66960
66962
66967
66975
66976
66983
66987
66994
66996
67004
67007
67015
67018
67025
67029
67032
67038
67041
67049
67055
67058
67062
67068
67072
67076
67086
67087
67094
67099
67102
67110
67114
67119
67123
67130
67134
67136
67142
67150
67156
67158
67165
67171
67174
67177
67181
67186
67195
67198
67206
67209
67214
67217
67222
67230
67234
67240
67246
67247
67255
67259
67266
67271
67275
67278
67286
67290
67293
67297
67304
67308
67311
67317
67323
67326
67334
67336
67344
67349
67356
67357
67363
67369
67371
67378
67381
67391
67393
67396
67406
67409
67413
67418
67425
67428
67434
67439
67445
67446
67453
67460
67462
67471
67473
67476
67482
67491
67494
67496
67505
67510
67516
67521
67521
67526
67531
67540
67544
67546
67553
67556
67564
67566
67576
67576
67585
67589
67592
67601
67606
67609
67612
67616
67622
67630
67634
67637
67646
67648
67654
67660
67666
67668
67671
67678
67685
67689
67695
67700
67704
67708
67716
67720
67723
67728
67731
67739
67741
67748
67751
67759
67766
67766
67776
67779
67782
67791
67791
67800
67803
67807
67814
67816
67826
67828
67835
67838
67844
67846
67854
67857
67865
67868
67874
67877
67881
67888
67892
67897
67903
67911
67912
67920
67921
67928
67931
67940
67944
67951
67951
67956
67965
67971
67973
67980
67984
67988
67993
68001
68002
68010
68012
68021
68025
68030
68033
68036
68043
68048
68055
68057
68065
68069
68076
68079
68083
68091
68093
68098
68104
68111
68114
68117
68125
68127
68133
68141
68146
68148
68151
68157
68161
68171
68171
68181
68183
68186
68195
68196
68202
68210
68211
68216
68221
68228
68235
68236
68242
68246
68256
68261
68261
68267
68275
68280
68283
68291
68296
68300
68302
68306
68316
68318
68322
68329
68331
68339
68342
68348
68355
68359
68365
68366
68376
68380
68381
68387
68392
68397
68404
68410
68411
68421
68421
68431
68431
68437
68442
68449
68451
68458
68463
68471
68474
68481
68481
68490
68494
68501
68501
68506
68512
68521
68523
68528
68534
68536
68546
68550
68552
68558
68562
68567
68571
68579
68583
68589
68591
68601
68604
68608
68614
68619
68621
68628
68633
68638
68641
68650
68651
68658
68661
68669
68674
68676
68684
68691
68693
68696
68701
68707
68715
68717
68724
68728
68732
68736
68742
68751
68755
68760
68765
68769
68771
68777
68782
68787
68795
68800
68806
68808
68815
68820
68824
68826
68835
68839
68844
68851
68854
68856
68863
68871
68874
68880
68881
68890
68892
68897
68906
68909
68913
68916
68924
68931
68932
68939
68944
68947
68951
68956
68963
68968
68973
68981
68985
68991
68991
69000
69005
69011
69014
69021
69022
69027
69033
69040
69045
69048
69055
69059
69063
69066
69074
69080
69081
69088
69095
69098
69106
69108
69116
69121
69126
69127
69133
69136
69142
69146
69156
69157
69163
69170
69172
69176
69182
69186
69193
69201
69204
69206
69211
69220
69226
69230
69234
69240
69244
69246
69251
69260
69263
69269
69275
69277
69281
69287
69293
69297
69303
69307
69313
69320
69323
69331
69336
69339
69343
69349
69356
69361
69362
69367
69373
69381
69384
69386
69396
69399
69404
69411
69415
69417
69426
69427
69435
69438
69443
69450
69456
69456
69464
69467
69474
69480
69484
69486
69492
69497
69502
69506
69516
69521
69521
69527
69533
69539
69544
69550
69553
69558
69566
69571
69572
69577
69586
69591
69596
69598
69601
69610
69613
69620
69626
69630
69635
69636
69643
69648
69655
69660
69664
69670
69671
69676
69685
69691
69694
69701
69705
69710
69711
69717
69723
69731
69734
69736
69746
69749
69751
69757
69765
69768
69775
69781
69781
69786
69791
69798
69801
69808
69812
69817
69825
69831
69835
69836
69844
69847
69854
69858
69863
69868
69873
69876
69886
69891
69892
69896
69902
69911
69912
69919
69921
69930
69936
69939
69945
69946
69952
69957
69964
69971
69973
69977
69984
69991
69993
70000
