6
7
11
18
25
30
33
37
42
47
53
61
63
67
75
79
81
87
96
99
105
106
115
120
123
131
132
136
141
146
153
156
166
167
176
177
184
190
192
197
206
207
216
216
224
226
231
240
241
250
255
260
264
266
273
276
283
288
294
299
304
307
315
320
323
329
334
336
343
351
352
357
364
370
371
377
383
389
392
400
404
406
411
421
422
428
436
436
445
448
454
461
465
467
472
478
481
488
494
498
505
507
512
521
524
526
535
536
545
550
554
558
564
570
576
579
581
589
596
596
601
607
612
618
626
628
632
639
641
648
653
657
661
666
673
679
681
686
696
698
701
707
711
720
726
726
732
740
746
746
754
760
762
768
774
778
782
786
796
800
803
810
815
821
826
827
831
840
846
851
855
861
861
866
872
876
882
889
891
900
902
906
912
918
923
931
934
938
942
947
952
959
961
971
973
977
982
988
994
998
1004
1008
1012
1016
1026
1028
1032
1041
1044
1049
1056
1057
1066
1068
1076
1076
1083
1088
1092
1097
1105
1110
1113
1116
1121
1130
1134
1141
1143
1146
1156
1157
1165
1169
1172
1178
1186
1189
1191
1196
1202
1206
1215
1216
1224
1226
1236
1237
1242
1247
1253
1257
1261
1268
1273
1278
1284
1286
1294
1299
1302
1306
1313
1320
1323
1331
1332
1340
1344
1346
1352
1356
1366
1368
1374
1380
1384
1391
1391
1399
1401
1409
1415
1419
1424
1429
1435
1441
1445
1451
1454
1459
1465
1467
1476
1476
1484
1488
1495
1496
1501
1510
1512
1516
1526
1526
1534
1537
1542
1549
1553
1557
1563
1566
1575
1581
1586
1589
1593
1600
1602
1607
1616
1621
1622
1629
1636
1638
1644
1647
1654
1661
1661
1666
1672
1680
1682
1691
1696
1700
1704
1710
1711
1719
1721
1729
1731
1739
1741
1751
1756
1761
1761
1768
1774
1781
1786
1787
1794
1796
1803
1810
1815
1821
1825
1827
1836
1841
1844
1848
1856
1859
1866
1871
1873
1876
1884
1889
1896
1897
1904
1909
1913
1916
1924
1926
1932
1936
1943
1949
1955
1961
1965
1966
1973
1980
1983
1990
1993
1998
2006
2009
2015
2017
2023
2031
2031
2037
2044
2046
2051
2057
2066
2067
2076
2081
2083
2091
2094
2096
2101
2110
2116
2118
2121
2130
2133
2138
2143
2146
2154
2161
2161
2167
2171
2180
2181
2186
2192
2199
2202
2210
2211
2217
2222
2226
2233
2237
2241
2251
2255
2260
2261
2268
2271
2279
2282
2286
2293
2297
2305
2306
2315
2321
2322
2328
2334
2340
2345
2350
2353
2358
2363
2368
2371
2379
2385
2386
2396
2397
2401
2408
2411
2416
2426
2428
2434
2437
2441
2450
2451
2456
2461
2469
2471
2478
2483
2487
2492
2496
2506
2506
2516
2521
2523
2527
2534
2536
2545
2547
2555
2561
2564
2570
2572
2581
2582
2590
2592
2596
2604
2607
2611
2617
2623
2630
2633
2637
2642
2650
2652
2661
2664
2668
2676
2680
2682
2689
2694
2700
2704
2706
2714
2718
2723
2731
2732
2738
2742
2748
2756
2759
2761
2770
2776
2777
2782
2788
2792
2800
2801
2809
2814
2817
2823
2826
2836
2839
2845
2848
2852
2860
2864
2871
2876
2881
2885
2891
2894
2901
2906
2911
2911
2921
2924
2931
2936
2941
2942
2946
2955
2958
2961
2970
2974
2979
2985
2988
2996
3000
3005
3007
3011
3019
3022
3028
3035
3041
3046
3049
3051
3059
3061
3066
3073
3077
3081
3091
3094
3097
3105
3111
3114
3120
3123
3131
3133
3140
3141
3148
3152
3157
3165
3166
3171
3181
3182
3191
3194
3201
3206
3210
3216
3217
3222
3226
3233
3239
3244
3246
3255
3259
3266
3267
3272
3278
3286
3290
3292
3299
3304
3309
3313
3319
3325
3329
3334
3338
3346
3349
3351
3356
3366
3367
3372
3377
3381
3390
3395
3401
3402
3408
3415
3418
3423
3426
3436
3439
3442
3446
3456
3458
3462
3466
3473
3476
3481
3489
3493
3496
3502
3511
3515
3521
3522
3529
3535
3539
3541
3551
3554
3559
3564
3570
3574
3581
3581
3590
3593
3599
3606
3606
3615
3618
3623
3627
3635
3637
3642
3650
3653
3659
3664
3666
3675
3677
3684
3691
3691
3700
3706
3708
3716
3716
3725
3729
3732
3741
3744
3751
3751
3761
3762
3768
3771
3781
3786
3790
3794
3800
3804
3809
3816
3817
3825
3826
3831
3837
3843
3850
3856
3856
3861
3870
3876
3879
3881
3891
3891
3900
3904
3906
3911
3917
3926
3927
3933
3940
3946
3951
3956
3957
3965
3967
3975
3981
3982
3990
3993
3998
4001
4010
4014
4016
4021
4029
4031
4041
4044
4046
4051
4057
4063
4066
4073
4077
4083
4090
4095
4100
4104
4107
4115
4120
4126
4131
4136
4141
4141
4148
4153
4156
4164
4166
4173
4176
4183
4186
4192
4199
4204
4207
4216
4216
4223
4227
4233
4237
4242
4248
4255
4260
4261
4268
4271
4278
4286
4286
4293
4297
4302
4307
4313
4320
4324
4330
4336
4341
4346
4349
4355
4359
4363
4367
4371
4379
4382
4388
4393
4399
4403
4408
4413
4421
4422
4429
4434
4440
4443
4450
4456
4456
4462
4470
4476
4481
4483
4490
4494
4496
4506
4510
4513
4519
4525
4528
4531
4537
4541
4548
4552
4557
4561
4569
4576
4580
4586
4591
4593
4597
4604
4610
4614
4621
4623
4626
4634
4638
4643
4649
4656
4658
4661
4666
4675
4677
4684
4688
4695
4700
4701
4710
4714
4720
4721
4731
4735
4739
4745
4751
4755
4756
4765
4771
4773
4778
4786
4789
4795
4798
4806
4811
4816
4818
4822
4831
4836
4840
4842
4850
4852
4861
4862
4866
4876
4880
4881
4887
4893
4898
4904
4907
4915
4919
4922
4927
4931
4939
4946
4949
4952
4956
4962
4966
4974
4981
4986
4991
4995
4999
5002
5008
5012
5017
5023
5028
5031
5036
5042
5049
5052
5061
5062
5070
5074
5078
5084
5090
5092
5100
5102
5108
5111
5119
5123
5128
5132
5138
5144
5148
5152
5161
5166
5170
5173
5177
5185
5186
5194
5196
5206
5206
5216
5220
5224
5231
5232
5236
5244
5250
5255
5259
5265
5271
5276
5280
5281
5286
5294
5299
5301
5306
5315
5317
5326
5326
5336
5341
5341
5347
5351
5356
5366
5371
5374
5377
5382
5388
5391
5396
5403
5411
5412
5421
5423
5426
5434
5438
5441
5450
5453
5456
5466
5471
5473
5479
5481
5488
5495
5500
5501
5507
5513
5519
5524
5527
5534
5537
5543
5550
5554
5561
5565
5570
5572
5578
5586
5589
5595
5597
5601
5610
5614
5618
5621
5628
5631
5641
5642
5648
5656
5660
5665
5666
5672
5679
5683
5690
5691
5697
5706
5708
5713
5719
5724
5730
5731
5736
5741
5747
5756
5758
5764
5766
5771
5777
5784
5788
5796
5796
5806
5808
5812
5816
5824
5829
5831
5837
5844
5850
5853
5859
5861
5869
5875
5881
5885
5891
5892
5896
5903
5907
5915
5919
5923
5929
5931
5938
5944
5951
5954
5956
5966
5970
5972
5976
5981
5991
5992
5998
6002
6008
6011
6019
6026
6027
6032
6037
6041
6046
6051
6060
6061
6069
6071
6076
6081
6088
6095
6101
6106
6109
6111
6120
6124
6127
6136
6138
6146
6146
6152
6161
6162
6168
6173
6177
6182
6188
6193
6196
6202
6206
6214
6216
6225
6228
6231
6236
6243
6251
6256
6260
6263
6270
6274
6277
6285
6289
6296
6301
6305
6311
6316
6319
6322
6331
6332
6341
6346
6347
6355
6358
6365
6370
6373
6379
6384
6388
6393
6401
6404
6407
6412
6421
6424
6429
6435
6440
6442
6450
6455
6458
6461
6468
6475
6479
6485
6486
6492
6500
6502
6506
6513
6520
6522
6528
6533
6541
6541
6550
6551
6556
6566
6567
6574
6580
6581
6587
6594
6597
6604
6610
6613
6617
6626
6627
6632
6638
6644
6651
6654
6659
6665
6670
6672
6678
6684
6689
6695
6697
6706
6706
6716
6717
6723
6731
6732
6738
6743
6751
6753
6757
6762
6769
6772
6779
6785
6789
6796
6800
6805
6806
6811
6819
6826
6831
6833
6838
6844
6851
6851
6858
6861
6867
6874
6877
6884
6887
6896
6898
6901
6908
6914
6918
6926
6930
6931
6938
6943
6949
6952
6956
6966
6967
6972
6976
6981
6989
6993
7000
7002
7010
7011
7019
7022
7031
7036
7040
7045
7047
7056
7056
7066
7066
7073
7076
7083
7090
7096
7101
7102
7111
7115
7118
7122
7126
7134
7141
7145
7149
7153
7160
7165
7170
7171
7180
7184
7187
7194
7198
7204
7210
7211
7217
7222
7231
7234
7240
7241
7251
7254
7259
7266
7268
7274
7278
7286
7291
7295
7299
7303
7311
7312
7317
7322
7331
7333
7337
7341
7350
7351
7360
7366
7370
7372
7379
7381
7387
7393
7398
7404
7411
7411
7420
7423
7430
7431
7437
7443
7450
7455
7461
7466
7471
7473
7478
7483
7489
7493
7500
7502
7510
7514
7521
7525
7528
7536
7536
7545
7550
7555
7557
7563
7566
7574
7580
7583
7586
7595
7598
7605
7607
7612
7618
7622
7629
7636
7641
7643
7648
7652
7656
7666
7670
7673
7678
7685
7687
7691
7699
7704
7709
7715
7720
7725
7728
7733
7739
7745
7746
7751
7760
7765
7769
7771
7778
7786
7787
7793
7801
7804
7806
7816
7817
7824
7827
7833
7837
7842
7847
7851
7857
7865
7869
7875
7881
7882
7886
7892
7896
7904
7907
7911
7920
7924
7926
7934
7937
7946
7951
7955
7961
7964
7967
7972
7977
7985
7987
7995
7996
8004
8007
8012
8021
8021
8028
8034
8038
8043
8049
8052
8056
8065
8066
8072
8077
8083
8088
8091
8097
8105
8106
8112
8121
8126
8131
8136
8140
8146
8146
8155
8158
8166
8168
8171
8180
8184
8187
8191
8199
8201
8209
8214
8219
8224
8229
8231
8237
8246
8249
8256
8256
8262
8269
8273
8280
8283
8290
8292
8298
8302
8307
8313
8318
8324
8329
8335
8339
8341
8350
8352
8361
8366
8369
8374
8377
8385
8391
8391
8398
8404
8410
8411
8419
8426
8428
8434
8440
8446
8451
8455
8458
8461
8468
8472
8479
8481
8488
8491
8501
8503
8510
8515
8520
8525
8526
8535
8536
8544
8551
8552
8559
8566
8570
8574
8581
8582
8589
8594
8599
8601
8610
8613
8621
8621
8631
8633
8641
8642
8649
8652
8660
8666
8666
8676
8676
8684
8686
8692
8696
8702
8708
8715
8721
8721
8726
8736
8741
8745
8746
8753
8757
8766
8770
8776
8780
8784
8790
8793
8797
8804
8808
8812
8817
8822
8828
8835
8836
8844
8848
8856
8860
8862
8869
8876
8880
8886
8891
8895
8896
8901
8908
8914
8918
8924
8931
8931
8939
8944
8949
8956
8959
8964
8970
8971
8978
8982
8990
8996
9001
9005
9006
9015
9017
9022
9029
9033
9040
9043
9051
9052
9060
9065
9067
9071
9081
9083
9091
9091
9100
9104
9110
9112
9117
9121
9130
9135
9140
9145
9151
9154
9157
9163
9170
9174
9178
9183
9186
9196
9200
9202
9207
9213
9220
9223
9226
9236
9236
9244
9249
9251
9256
9261
9269
9276
9276
9282
9289
9294
9301
9302
9310
9316
9316
9324
9331
9335
9337
9344
9346
9354
9361
9366
9366
9372
9376
9386
9388
9394
9400
9402
9410
9413
9420
9422
9426
9432
9440
9445
9450
9454
9460
9464
9469
9474
9479
9484
9489
9496
9500
9505
9511
9514
9520
9523
9526
9533
9541
9542
9548
9553
9558
9563
9566
9572
9581
9586
9590
9596
9597
9604
9608
9615
9620
9626
9627
9632
9636
9645
9650
9653
9656
9666
9669
9676
9677
9683
9691
9694
9699
9706
9710
9716
9716
9722
9729
9733
9737
9741
9750
9754
9760
9764
9769
9775
9780
9783
9786
9792
9800
9803
9809
9815
9817
9822
9829
9832
9841
9842
9851
9852
9859
9861
9866
9871
9877
9885
9889
9891
9900
9903
9908
9913
9916
9922
9930
9934
9938
9943
9951
9956
9959
9961
9966
9975
9978
9986
9991
9993
10000
10004
10009
10013
10020
10026
10031
10033
10038
10042
10047
10055
10061
10063
10068
10072
10079
10085
10089
10094
10100
10102
10107
10114
10118
10124
10130
10134
10136
10142
10148
10154
10156
10165
10167
10171
10180
10183
10191
10193
10197
10206
10209
10215
10219
10224
10229
10234
10238
10246
10248
10252
10261
10263
10267
10271
10278
10285
10287
10294
10298
10303
10310
10311
10318
10324
10331
10336
10338
10345
10349
10353
10358
10364
10369
10372
10380
10386
10388
10395
10400
10404
10407
10414
10418
10422
10426
10435
10439
10446
10449
10452
10459
10465
10468
10471
10476
10486
10489
10492
10496
10506
10511
10513
10516
10521
10529
10535
10541
10543
10550
10551
10559
10561
10568
10573
10577
10581
10587
10596
10600
10602
10608
10615
10621
10626
10629
10633
10637
10644
10649
10653
10661
10661
10666
10673
10679
10682
10691
10693
10701
10702
10709
10711
10717
10725
10731
10735
10738
10743
10750
10752
10758
10765
10771
10773
10780
10783
10786
10792
10800
10802
10808
10814
10817
10825
10830
10833
10840
10844
10848
10854
10856
10863
10867
10872
10877
10882
10890
10895
10896
10905
10909
10914
10919
10922
10931
10934
10939
10946
10951
10954
10960
10961
10969
10972
10976
10983
10989
10996
10997
11001
11010
11015
11019
11022
11029
11035
11039
11043
11051
11054
11061
11063
11069
11076
11077
11084
11086
11091
11099
11106
11106
11111
11120
11125
11130
11136
11139
11144
11149
11152
11159
11166
11170
11176
11181
11183
11186
11191
11199
11204
11211
11214
11217
11224
11226
11232
11237
11245
11250
11253
11261
11262
11268
11271
11278
11283
11287
11292
11297
11304
11306
11316
11318
11324
11329
11333
11339
11342
11351
11352
11359
11363
11371
11376
11376
11386
11386
11394
11396
11405
11408
11414
11417
11421
11430
11434
11440
11443
11448
11454
11460
11463
11466
11471
11477
11484
11491
11491
11500
11501
11511
11513
11519
11524
11529
11534
11538
11541
11549
11551
11556
11565
11571
11573
11577
11586
11587
11591
11600
11602
11608
11615
11618
11624
11627
11631
11638
11643
11651
11655
11661
11666
11668
11675
11678
11681
11690
11694
11698
11703
11708
11712
11718
11725
11730
11736
11741
11743
11747
11751
11756
11763
11768
11776
11776
11781
11790
11792
11801
11801
11806
11811
11817
11824
11828
11833
11836
11842
11849
11855
11858
11862
11869
11875
11879
11881
11886
11893
11900
11903
11911
11912
11919
11921
11930
11936
11941
11943
11946
11956
11961
11965
11966
11976
11981
11982
11987
11996
11999
12004
12011
12013
12018
12021
12027
12032
12041
12042
12047
12051
12061
12065
12066
12072
12077
12084
12087
12094
12101
12101
12107
12113
12121
12122
12126
12136
12136
12145
12147
12154
12158
12163
12168
12172
12180
12184
12188
12196
12201
12206
12210
12216
12217
12223
12230
12232
12239
12245
12250
12251
12257
12262
12270
12276
12278
12285
12290
12295
12297
12305
12306
12316
12320
12321
12327
12334
12336
12342
12349
12351
12358
12364
12368
12375
12381
12386
12390
12395
12398
12406
12411
12412
12416
12422
12428
12431
12438
12442
12447
12454
12456
12462
12468
12471
12480
12483
12486
12492
12500
12501
12507
12511
12519
12521
12528
12534
12538
12543
12548
12552
12559
12563
12568
12574
12579
12585
12589
12592
12597
12603
12611
12612
12621
12624
12630
12634
12640
12641
12648
12654
12658
12662
12666
12676
12676
12683
12689
12693
12699
12704
12706
12711
12719
12725
12726
12731
12737
12743
12750
12754
12756
12764
12768
12771
12781
12786
12787
12796
12801
12805
12810
12812
12820
12826
12828
12834
12837
12841
12848
12853
12858
12866
12867
12876
12878
12884
12888
12894
12900
12904
12909
12912
12918
12924
12927
12935
12941
12943
12949
12951
12958
12961
12967
12976
12978
12986
12987
12991
12999
13003
13006
13013
13017
13021
13026
13036
13036
13044
13050
13054
13059
13065
13066
13074
13077
13082
13086
13094
13098
13104
13110
13114
13118
13126
13131
13131
13140
13142
13151
13156
13156
13161
13167
13173
13178
13184
13187
13193
13199
13202
13207
13213
13217
13226
13227
13231
13239
13244
13248
13253
13259
13265
13266
13274
13276
13284
13290
13291
13297
13303
13311
13312
13316
13322
13328
13335
13340
13345
13347
13355
13358
13366
13367
13371
13381
13381
13387
13396
13398
13402
13406
13414
13418
13421
13429
13436
13438
13446
13446
13456
13461
13463
13467
13475
13476
13484
13490
13494
13501
13506
13511
13511
13518
13525
13530
13535
13538
13541
13550
13555
13557
13562
13568
13573
13578
13581
13587
13592
13598
13601
13606
13611
13618
13621
13628
13631
13641
13641
13648
13656
13656
13665
13666
13675
13676
13681
13691
13691
13696
13703
13709
13716
13716
13725
13730
13735
13738
13742
13750
13754
13758
13762
13766
13772
13776
13786
13788
13794
13796
13802
13811
13815
13817
13824
13829
13835
13836
13843
13846
13854
13858
13862
13867
13875
13876
13886
13888
13894
13901
13904
13906
13914
13921
13921
13929
13931
13940
13946
13950
13953
13959
13964
13969
13971
13979
13986
13987
13994
13998
14006
14011
14012
14016
14025
14031
14036
14037
14046
14046
14051
14061
14065
14068
14072
14079
14084
14087
14096
14096
14106
14108
14113
14119
14121
14127
14132
14138
14143
14146
14153
14160
14165
14171
14173
14176
14182
14190
14192
14196
14203
14208
14216
14219
14223
14231
14234
14236
14246
14249
14256
14256
14261
14270
14276
14281
14285
14288
14294
14298
14302
14306
14313
14317
14321
14326
14332
14340
14341
14349
14356
14356
14361
14368
14373
14376
14384
14389
14391
14396
14406
14406
14415
14420
14426
14426
14432
14437
14441
14447
14452
14461
14463
14470
14476
14480
14486
14490
14494
14501
14503
14511
14516
14518
14524
14527
14535
14541
14546
14550
14553
14556
14566
14570
14575
14581
14581
14589
14592
14596
14605
14609
14612
14621
14626
14631
14636
14641
14645
14650
14652
14658
14665
14671
14675
14676
14684
14689
14694
14701
14706
14708
14716
14718
14722
14727
14736
14737
14746
14751
14754
14758
14766
14767
14771
14777
14782
14786
14791
14799
14805
14807
14815
14816
14826
14831
14835
14841
14843
14849
14852
14856
14861
14871
14873
14877
14884
14887
14893
14898
14903
14907
14912
14917
14921
14928
14935
14936
14944
14951
14951
14961
14964
14967
14975
14979
14982
14987
14994
15000
15001
15011
15014
15016
15022
15028
15033
15039
15046
15049
15054
15058
15062
15070
15076
15079
15083
15086
15092
15099
15103
15110
15113
15118
15126
15131
15134
15136
15144
15151
15152
15160
15163
15169
15173
15179
15181
15189
15194
15196
15205
15210
15216
15221
15221
15226
15236
15237
15243
15248
15253
15258
15263
15267
15275
15277
15286
15289
15292
15297
15306
15308
15315
15319
15326
15327
15336
15337
15342
15346
15356
15358
15361
15367
15376
15380
15386
15388
15395
15400
15406
15411
15413
15421
15421
15426
15436
15440
15443
15447
15453
15461
15461
15466
15475
15476
15486
15489
15496
15498
15505
15510
15512
15518
15524
15529
15534
15540
15542
15551
15552
15557
15563
15569
15572
15576
15585
15587
15593
15600
15603
15610
15614
15618
15623
15626
15634
15641
15645
15646
15651
15660
15664
15668
15673
15680
15683
15691
15695
15698
15706
15708
15715
15721
15725
15729
15732
15736
15743
15748
15753
15759
15765
15766
15771
15777
15783
15786
15796
15800
15802
15809
15816
15821
15823
15826
15836
15836
15841
15846
15856
15860
15864
15867
15872
15877
15881
15891
15895
15898
15905
15908
15913
15919
15923
15931
15935
15940
15941
15949
15952
15961
15964
15970
15976
15980
15985
15988
15993
15996
16003
16009
16013
16021
16024
16029
16033
16037
16045
16051
16051
16058
16061
16067
16073
16079
16085
16087
16096
16100
16104
16108
16113
16119
16121
16127
16135
16140
16141
16146
16151
16161
16164
16170
16174
16176
16182
16189
16194
16196
16203
16211
16215
16220
16224
16230
16234
16238
16241
16248
16254
16259
16265
16271
16271
16277
16282
16286
16293
16300
16301
16311
16314
16316
16325
16329
16333
16340
16341
16346
16355
16361
16366
16370
16375
16378
16385
16391
16393
16401
16401
16408
16416
16416
16425
16431
16434
16439
16444
16446
16455
16457
16464
16470
16472
16480
16481
16486
16496
16498
16501
16510
16511
16521
16522
16526
16531
16537
16545
16551
16554
16558
16561
16569
16572
16576
16581
16589
16592
16601
16605
16606
16611
16621
16622
16627
16632
16641
16646
16651
16655
16661
16663
16669
16676
16679
16685
16689
16694
16697
16701
16711
16711
16720
16723
16729
16731
16738
16746
16749
16752
16758
16764
16766
16776
16779
16786
16788
16796
16799
16801
16809
16814
16821
16823
16826
16835
16836
16845
16846
16852
16860
16863
16871
16874
16878
16884
16889
16896
16897
16904
16908
16913
16916
16926
16927
16932
16941
16946
16946
16956
16957
16965
16968
16975
16980
16981
16989
16991
17001
17005
17006
17012
17021
17021
17031
17034
17040
17043
17050
17055
17060
17066
17066
17076
17081
17083
17091
17091
17096
17103
17107
17116
17120
17123
17130
17131
17139
17142
17151
17151
17160
17164
17169
17172
17181
17182
17186
17196
17201
17202
17210
17214
17219
17223
17227
17232
17240
17245
17246
17255
17257
17262
17271
17276
17281
17286
17289
17296
17297
17303
17307
17311
17317
17325
17328
17333
17337
17343
17350
17354
17361
17362
17366
17375
17380
17385
17387
17393
17401
17401
17410
17414
17420
17425
17431
17434
17438
17445
17448
17451
17459
17463
17471
17474
17481
17486
17486
17496
17500
17503
17511
17513
17520
17524
17528
17531
17540
17543
17546
17553
17556
17562
17568
17575
17579
17584
17586
17593
17600
17605
17610
17615
17618
17622
17627
17635
17637
17645
17650
17653
17660
17663
17671
17671
17676
17685
17689
17693
17696
17701
17708
17715
17718
17724
17728
17736
17739
17745
17750
17752
17757
17765
17771
17772
17777
17782
17788
17792
17800
17801
17809
17815
17816
17823
17827
17831
17840
17845
17846
17855
17857
17861
17869
17876
17879
17883
17887
17896
17901
17901
17907
17912
17918
17925
17930
17933
17938
17945
17948
17955
17957
17963
17967
17972
17976
17982
17987
17994
17996
18004
18009
18014
18021
18021
18031
18032
18040
18044
18051
18056
18058
18061
18071
18073
18078
18086
18091
18096
18097
18102
18109
18116
18116
18123
18129
18132
18140
18143
18147
18154
18160
18161
18171
18174
18181
18186
18189
18191
18201
18201
18209
18216
18217
18221
18229
18232
18238
18243
18249
18252
18259
18262
18266
18273
18280
18283
18290
18293
18300
18304
18307
18316
18316
18321
18331
18332
18341
18344
18350
18351
18358
18361
18367
18376
18380
18385
18389
18393
18398
18404
18409
18414
18418
18426
18430
18436
18438
18443
18446
18452
18456
18466
18470
18472
18481
18485
18490
18492
18501
18501
18508
18513
18519
18526
18527
18535
18537
18542
18548
18551
18556
18562
18571
18574
18579
18582
18590
18592
18601
18605
18609
18611
18616
18625
18629
18636
18638
18644
18649
18654
18659
18666
18669
18672
18681
18685
18690
18696
18701
18702
18707
18716
18718
18724
18728
18733
18738
18744
18746
18751
18759
18761
18770
18775
18780
18786
18789
18795
18798
18805
18807
18813
18821
18823
18826
18832
18836
18844
18850
18851
18861
18866
18866
18875
18879
18882
18888
18893
18901
18905
18907
18914
18916
18925
18928
18935
18940
18941
18950
18951
18957
18964
18966
18973
18979
18986
18991
18993
18998
19002
19007
19012
19019
19022
19030
19035
19040
19044
19046
19054
19057
19066
19068
19075
19080
19083
19088
19091
19096
19103
19107
19114
19119
19123
19129
19131
19141
19144
19149
19152
19157
19162
19171
19175
19179
19182
19187
19191
19199
19201
19210
19212
19219
19225
19230
19235
19237
19246
19248
19254
19261
19264
19269
19273
19280
19286
19287
19294
19297
19303
19308
19311
19317
19323
19328
19336
19339
19342
19347
19356
19356
19366
19370
19376
19381
19382
19389
19395
19397
19405
19409
19415
19421
19423
19427
19432
19440
19445
19450
19456
19460
19462
19466
19476
19478
19486
19488
19492
19496
19502
19506
19512
19520
19524
19528
19533
19540
19541
19549
19553
19559
19565
19566
19573
19580
19581
19591
19593
19599
19603
19606
19613
19618
19624
19631
19634
19637
19646
19650
19651
19661
19662
19667
19674
19681
19681
19687
19696
19699
19704
19711
19713
19720
19725
19730
19731
19740
19741
19748
19754
19758
19765
19768
19776
19781
19782
19786
19793
19798
19805
19810
19815
19819
19822
19830
19832
19840
19841
19850
19851
19858
19865
19871
19874
19877
19885
19891
19892
19897
19902
19910
19913
19920
19924
19928
19932
19940
19945
19950
19956
19956
19965
19967
19975
19977
19981
19989
19994
19998
20006
20007
20013
20021
20023
20031
20036
20036
20042
20050
20053
20057
20063
20070
20075
20081
20082
20089
20096
20099
20101
20108
20112
20121
20124
20129
20135
20141
20141
20151
20153
20158
20164
20167
20174
20179
20182
20188
20191
20197
20203
20210
20212
20220
20223
20228
20233
20239
20245
20247
20254
20259
20263
20267
20274
20276
20283
20291
20293
20297
20305
20308
20313
20321
20326
20331
20335
20341
20342
20350
20355
20360
20362
20370
20373
20381
20384
20391
20391
20397
20406
20407
20413
20417
20422
20428
20432
20441
20443
20448
20455
20456
20465
20469
20474
20481
20481
20489
20491
20498
20501
20510
20511
20519
20525
20527
20532
20538
20546
20550
20552
20556
20565
20566
20575
20581
20584
20586
20595
20598
20602
20611
20616
20619
20624
20630
20636
20636
20646
20647
20653
20657
20666
20666
20676
20676
20682
20686
20691
20696
20704
20706
20715
20716
20725
20731
20733
20737
20745
20751
20756
20759
20764
20766
20772
20777
20781
20786
20796
20799
20801
20806
20811
20817
20824
20831
20834
20838
20843
20848
20852
20858
20863
20867
20871
20876
20885
20891
20892
20900
20904
20911
20915
20916
20922
20926
20936
20937
20941
20946
20956
20958
20966
20971
20972
20976
20983
20986
20991
21001
21003
21007
21015
21017
21026
21029
21035
21036
21043
21047
21054
21061
21062
21071
21072
21081
21085
21091
21095
21096
21104
21108
21116
21118
21125
21127
21135
21141
21144
21146
21151
21158
21161
21166
21171
21179
21184
21186
21196
21198
21204
21207
21214
21221
21224
21231
21235
21238
21245
21247
21253
21260
21266
21269
21275
21280
21284
21291
21293
21301
21302
21310
21315
21316
21323
21328
21334
21338
21342
21347
21353
21361
21361
21371
21376
21377
21386
21388
21396
21397
21405
21407
21415
21417
21421
21429
21435
21438
21445
21448
21451
21458
21465
21468
21471
21481
21483
21490
21492
21496
21504
21509
21514
21520
21524
21526
21534
21540
21542
21550
21555
21558
21564
21571
21572
21581
21585
21591
21592
21596
21605
21610
21612
21617
21622
21628
21635
21637
21642
21647
21656
21660
21664
21670
21671
21676
21685
21687
21695
21696
21703
21711
21713
21721
21722
21727
21734
21738
21742
21749
21754
21759
21764
21766
21775
21781
21781
21789
21792
21797
21802
21808
21811
21821
21826
21831
21833
21840
21843
21849
21854
21857
21862
21870
21873
21876
21883
21886
21892
21896
21901
21908
21912
21919
21926
21927
21932
21938
21946
21946
21956
21959
21965
21968
21974
21981
21983
21988
21992
21997
22006
22010
22013
22017
22021
22027
22032
22040
22046
22046
22055
22061
22062
22068
22071
22076
22085
22089
22091
22100
22101
22107
22113
22118
22124
22129
22132
22138
22146
22148
22156
22161
22166
22168
22175
22180
22181
22186
22193
22200
22206
22207
22211
22218
22225
22230
22236
22241
22244
22247
22254
22260
22265
22268
22271
22278
22282
22290
22291
22300
22302
22307
22312
22317
22323
22328
22334
22340
22344
22347
22353
22357
22366
22368
22373
22380
22382
22391
22393
22400
22404
22411
22411
22419
22426
22428
22432
22436
22445
22446
22451
22457
22464
22469
22475
22478
22482
22486
22496
22498
22506
22506
22516
22518
22522
22528
22534
22539
22542
22548
22551
22559
22566
22567
22571
22578
22581
22590
22596
22598
22601
22607
22612
22620
22623
22631
22634
22637
22642
22649
22655
22660
22664
22668
22675
22676
22681
22687
22695
22697
22706
22711
22716
22718
22722
22731
22733
22738
22742
22751
22754
22758
22766
22771
22773
22781
22782
22790
22793
22799
22802
22806
22812
22817
22824
22829
22836
22838
22844
22847
22851
22860
22862
22870
22875
22876
22885
22890
22892
22896
22902
22909
22915
22919
22925
22928
22931
22939
22943
22946
22955
22957
22961
22971
22971
22980
22982
22991
22994
23000
23006
23007
23015
23017
23023
23030
23031
23037
23041
23050
23052
23058
23066
23066
23074
23078
23085
23091
23094
23101
23106
23110
23112
23120
23124
23128
23135
23139
23142
23149
23156
23158
23165
23170
23176
23181
23185
23189
23195
23197
23206
23206
23211
23221
23224
23226
23233
23236
23246
23251
23256
23259
23261
23269
23274
23281
23285
23290
23295
23298
23305
23309
23314
23317
23323
23327
23332
23341
23345
23349
23354
23359
23363
23368
23376
23378
23381
23387
23394
23399
23402
23406
23415
23420
23422
23431
23434
23439
23441
23446
23451
23456
23461
23471
23473
23480
23485
23489
23496
23500
23506
23509
23512
23520
23522
23531
23534
23536
23542
23550
23553
23558
23566
23567
23575
23578
23586
23588
23591
23599
23604
23609
23612
23621
23622
23629
23634
23638
23644
23651
23652
23656
23662
23668
23675
23679
23686
23690
23692
23701
23702
23708
23715
23718
23725
23731
23731
23740
23745
23750
23755
23757
23761
23771
23773
23778
23786
23791
23796
23800
23801
23809
23814
23821
23824
23828
23834
23841
23846
23849
23851
23856
23864
23870
23875
23876
23881
23890
23896
23896
23905
23907
23911
23919
23921
23929
23931
23936
23944
23950
23955
23956
23961
23971
23976
23978
23985
23990
23996
23997
24006
24009
24015
24016
24025
24031
24035
24037
24042
24051
24056
24061
24066
24069
24074
24078
24084
24089
24096
24101
24103
24110
24116
24118
24125
24130
24133
24136
24144
24151
24153
24158
24164
24171
24175
24181
24182
24187
24193
24199
24201
24211
24214
24216
24224
24231
24233
24240
24243
24248
24254
24261
24261
24267
24272
24281
24284
24288
24294
24301
24304
24306
24313
24321
24324
24328
24336
24336
24344
24349
24353
24356
24362
24369
24375
24379
24383
24391
24396
24398
24406
24407
24414
24418
24425
24426
24431
24439
24441
24451
24453
24457
24462
24471
24475
24481
24484
24488
24494
24499
24503
24510
24513
24521
24522
24527
24532
24540
24544
24546
24553
24557
24563
24568
24575
24578
24581
24588
24595
24598
24601
24611
24613
24616
24626
24629
24636
24641
24642
24651
24655
24659
24661
24667
24671
24679
24684
24686
24694
24698
24701
24711
24711
24716
24726
24730
24733
24737
24746
24748
24755
24759
24762
24770
24773
24781
24782
24791
24795
24800
24802
24809
24816
24816
24822
24830
24836
24837
24841
24846
24856
24859
24866
24871
24873
24881
24886
24888
24896
24899
24901
24911
24913
24921
24924
24926
24935
24941
24944
24951
24952
24961
24964
24966
24975
24980
24986
24990
24995
24996
25006
25011
25012
25017
25021
25030
25033
25041
25041
25046
25054
25058
25064
25066
25072
25076
25081
25091
25096
25096
25101
25107
25113
25118
25125
25128
25136
25140
25144
25149
25156
25158
25166
25170
25171
25176
25186
25189
25196
25196
25206
25208
25215
25218
25224
25231
25235
25236
25246
25248
25256
25256
25262
25270
25276
25281
25284
25286
25294
25299
25303
25308
25312
25317
25322
25329
25332
25339
25342
25346
25354
25357
25365
25371
25371
25378
25386
25391
25394
25396
25401
25408
25412
25416
25426
25428
25435
25438
25442
25451
25456
25456
25461
25468
25474
25478
25484
25488
25494
25501
25501
25506
25514
25520
25526
25528
25534
25538
25545
25548
25552
25557
25562
25570
25576
25581
25583
25586
25595
25598
25603
25606
25613
25617
25625
25627
25632
25636
25643
25646
25653
25660
25665
25671
25673
25679
25684
25688
25696
25699
25705
25707
25711
25717
25723
25728
25736
25738
25743
25749
25752
25760
25763
25768
25772
25780
25786
25787
25791
25799
25802
25808
25816
25818
25826
25827
25832
25840
25845
25849
25852
25857
25861
25869
25871
25880
25884
25890
25891
25897
25903
25906
25913
25918
25926
25929
25932
25938
25946
25950
25953
25957
25963
25971
25973
25981
25986
25991
25993
26000
26001
26008
26016
26016
26024
26027
26034
26039
26045
26047
26055
26060
26066
26067
26076
26080
26083
26090
26092
26096
26101
26107
26111
26120
26125
26130
26135
26136
26146
26151
26155
26160
26163
26171
26173
26179
26182
26187
26193
26201
26203
26208
26214
26216
26223
26226
26232
26238
26243
26248
26255
26257
26263
26269
26271
26278
26286
26286
26295
26300
26301
26308
26313
26319
26322
26328
26333
26340
26341
26349
26352
26356
26364
26371
26374
26377
26384
26386
26394
26397
26403
26407
26412
26418
26423
26427
26436
26436
26445
26451
26454
26459
26464
26468
26471
26481
26484
26487
26494
26498
26502
26507
26512
26516
26524
26530
26534
26538
26546
26547
26551
26557
26564
26568
26574
26576
26584
26590
26592
26597
26602
26609
26611
26618
26625
26629
26634
26639
26644
26651
26651
26660
26663
26671
26671
26678
26684
26689
26694
26696
26703
26708
26712
26719
26725
26728
26733
26741
26743
26749
26753
26758
26761
26770
26775
26776
26782
26788
26796
26798
26801
26807
26811
26821
26824
26827
26834
26837
26842
26850
26852
26861
26866
26867
26872
26880
26883
26891
26895
26901
26904
26910
26912
26920
26924
26928
26935
26937
26944
26950
26954
26958
26962
26971
26972
26979
26985
26987
26993
26997
27005
27011
27015
27016
27023
27029
27033
27039
27043
27048
27054
27057
27066
27067
27075
27078
27082
27089
27092
27100
27105
27110
27113
27120
27121
27127
27131
27141
27146
27149
27153
27156
27166
27170
27175
27180
27186
27187
27195
27201
27204
27210
27212
27220
27224
27226
27233
27238
27246
27248
27252
27261
27264
27270
27274
27279
27284
27290
27294
27298
27304
27309
27315
27316
27325
27326
27336
27339
27342
27347
27351
27359
27365
27370
27372
27381
27385
27391
27393
27401
27403
27410
27416
27419
27424
27426
27434
27437
27445
27446
27451
27459
27463
27467
27474
27481
27482
27489
27495
27499
27503
27510
27516
27521
27526
27526
27536
27539
27544
27546
27556
27559
27561
27569
27574
27580
27584
27588
27596
27599
27602
27611
27612
27619
27625
27630
27636
27639
27641
27647
27656
27659
27666
27669
27676
27678
27682
27691
27691
27697
27701
27711
27715
27721
27723
27726
27734
27740
27746
27749
27755
27759
27765
27767
27774
27779
27782
27788
27791
27798
27803
27807
27815
27820
27824
27828
27834
27839
27844
27849
27852
27861
27866
27866
27874
27880
27885
27891
27893
27900
27906
27910
27914
27918
27921
27931
27934
27941
27946
27949
27953
27957
27963
27971
27971
27976
27981
27986
27993
27998
28002
28009
28013
28018
28021
28026
28033
28038
28046
28046
28051
28057
28065
28070
28075
28077
28085
28086
28096
28100
28102
28106
28113
28117
28125
28130
28132
28140
28141
28151
28154
28159
28163
28170
28175
28179
28186
28190
28194
28196
28206
28211
28214
28216
28224
28230
28233
28239
28242
28247
28256
28261
28266
28269
28275
28276
28285
28287
28292
28296
28302
28308
28311
28317
28323
28329
28332
28338
28343
28346
28352
28360
28366
28367
28371
28378
28386
28388
28391
28396
28402
28408
28416
28419
28422
28428
28433
28439
28444
28446
28455
28459
28465
28467
28474
28479
28486
28488
28492
28501
28505
28507
28513
28520
28521
28527
28532
28540
28546
28551
28551
28559
28564
28569
28572
28579
28586
28588
28591
28599
28604
28611
28613
28617
28626
28628
28633
28639
28646
28646
28656
28659
28664
28666
28676
28679
28684
28688
28692
28697
28701
28708
28713
28717
28726
28728
28734
28737
28746
28751
28756
28760
28762
28767
28774
28781
28781
28786
28792
28801
28801
28807
28814
28819
28822
28828
28832
28839
28846
28848
28852
28860
28864
28870
28874
28880
28881
28888
28894
28896
28904
28906
28916
28918
28923
28929
28933
28936
28941
28950
28956
28961
28965
28968
28975
28979
28985
28988
28991
28997
29002
29006
29011
29017
29024
29026
29034
29041
29042
29050
29055
29059
29065
29066
29071
29077
29081
29086
29093
29099
29104
29110
29112
29116
29126
29131
29136
29138
29142
29148
29154
29159
29162
29170
29173
29177
29184
29191
29192
29197
29203
29208
29212
29216
29225
29229
29235
29241
29242
29247
29255
29261
29266
29270
29275
29278
29283
29291
29295
29297
29303
29310
29311
29321
29321
29330
29333
29336
29341
29349
29356
29360
29366
29369
29371
29380
29386
29388
29392
29398
29406
29410
29415
29417
29425
29431
29431
29437
29444
29446
29451
29459
29463
29466
29474
29481
29484
29486
29495
29498
29506
29509
29511
29521
29523
29526
29533
29541
29541
29547
29555
29557
29562
29570
29571
29580
29581
29590
29596
29598
29605
29607
29615
29617
29624
29629
29634
29640
29643
29648
29652
29656
29665
29667
29672
29678
29682
29691
29695
29697
29704
29707
29715
29718
29725
29729
29735
29740
29742
29748
29751
29760
29762
29767
29774
29776
29783
29791
29796
29800
29803
29809
29812
29820
29823
29830
29835
29839
29846
29846
29856
29858
29861
29869
29874
29876
29882
29891
29894
29899
29906
29906
29912
29917
29924
29930
29931
29936
29943
29948
29951
29960
29963
29967
29976
29981
29981
29990
29993
29998
30004
30008
30013
30016
30026
30030
30031
30036
30042
30050
30054
30056
30065
30070
30074
30080
30086
30088
30094
30101
30101
30111
30112
30121
30126
30130
30133
30140
30144
30150
30154
30157
30165
30170
30174
30176
30185
30190
30196
30196
30203
30206
30211
30218
30224
30227
30231
30240
30245
30251
30256
30256
30261
30269
30272
30276
30286
30291
30295
30299
30305
30307
30313
30319
30325
30329
30332
30339
30344
30347
30354
30359
30361
30369
30374
30378
30383
30389
30396
30396
30405
30410
30411
30421
30422
30429
30436
30437
30446
30449
30451
30459
30462
30468
30473
30481
30481
30489
30496
30497
30504
30508
30513
30519
30525
30529
30531
30541
30543
30546
30556
30561
30562
30566
30571
30581
30581
30589
30596
30598
30603
30609
30613
30616
30624
30627
30636
30638
30646
30649
30654
30659
30661
30669
30676
30676
30684
30688
30692
30696
30703
30711
30712
30716
30721
30729
30732
30736
30745
30751
30751
30759
30763
30767
30774
30776
30783
30791
30794
30797
30801
30809
30814
30817
30825
30829
30833
30837
30844
30851
30854
30858
30866
30871
30874
30880
30885
30887
30894
30897
30905
30907
30911
30919
30926
30927
30933
30941
30941
30946
30956
30960
30965
30967
30976
30981
30982
30991
30991
31000
31004
31008
31016
31016
31021
31027
31035
31036
31045
31046
31052
31057
31061
31071
31076
31076
31085
31087
31096
31099
31102
31106
31115
31121
31125
31127
31133
31140
31142
31151
31153
31160
31163
31166
31171
31176
31182
31187
31194
31196
31202
31207
31211
31221
31221
31229
31231
31241
31246
31248
31252
31256
31264
31267
31275
31276
31285
31289
31295
31299
31301
31307
31316
31318
31321
31328
31335
31341
31344
31349
31355
31357
31364
31367
31375
31380
31386
31391
31394
31400
31406
31411
31415
31418
31421
31430
31436
31436
31443
31449
31452
31456
31464
31471
31471
31478
31482
31490
31495
31501
31502
31508
31514
31519
31525
31528
31536
31536
31545
31546
31555
31556
31564
31568
31575
31579
31586
31588
31596
31599
31604
31608
31614
31616
31625
31631
31634
31637
31641
31648
31655
31661
31665
31668
31673
31680
31681
31690
31695
31696
31704
31706
31711
31719
31723
31729
31734
31738
31746
31751
31754
31761
31766
31769
31776
31776
31785
31791
31791
31797
31802
31807
31814
31820
31822
31827
31835
31840
31841
31850
31855
31860
31863
31870
31875
31880
31885
31891
31891
31899
31903
31911
31916
31920
31923
31930
31934
31939
31944
31950
31954
31961
31966
31966
31973
31978
31981
31991
31991
31997
32002
32011
32015
32016
32026
32028
32033
32036
32043
32049
32053
32058
32062
32066
32071
32079
32086
32087
32091
32097
32105
32106
32115
32118
32125
32127
32131
32139
32145
32151
32153
32158
32161
32166
32173
32177
32182
32191
32196
32199
32202
32211
32212
32220
32226
32227
32233
32241
32245
32250
32255
32257
32265
32269
32273
32276
32281
32290
32296
32298
32301
32310
32316
32319
32322
32329
32332
32336
32341
32348
32354
32358
32363
32369
32373
32377
32386
32387
32391
32399
32402
32409
32412
32419
32422
32431
32431
32436
32441
32449
32455
32458
32462
32470
32471
32477
32482
32491
32496
32499
32505
32511
32511
32517
32522
32527
32534
32540
32545
32546
32555
32556
32566
32566
32576
32576
32583
32587
32591
32601
32603
32611
32611
32616
32626
32631
32632
32641
32646
32647
32656
32658
32666
32667
32673
32678
32682
32689
32694
32701
32703
32708
32711
32721
32722
32730
32731
32737
32743
32746
32755
32761
32761
32766
32775
32777
32782
32790
32793
32800
32805
32810
32815
32819
32826
32828
32832
32836
32841
32847
32853
32859
32861
32869
32874
32877
32886
32888
32894
32896
32905
32910
32914
32920
32925
32929
32931
32938
32943
32950
32952
32961
32962
32968
32971
32977
32984
32991
32991
32996
33004
33011
33011
33020
33023
33026
33036
33040
33045
33046
33054
33061
33064
33070
33074
33076
33084
33087
33092
33098
33106
33106
33116
33117
33124
33130
33132
33137
33142
33148
33153
33161
33163
33166
33175
33180
33185
33191
33194
33201
33203
33206
33214
33217
33221
33228
33233
33240
33245
33249
33255
33261
33262
33269
33272
33280
33282
33288
33291
33300
33304
33309
33315
33318
33322
33331
33336
33340
33343
33347
33356
33361
33363
33370
33375
33378
33383
33387
33391
33400
33405
33407
33412
33416
33426
33427
33436
33440
33446
33449
33451
33461
33462
33469
33471
33479
33484
33486
33492
33498
33504
33506
33513
33520
33525
33529
33533
33537
33544
33547
33553
33558
33566
33570
33576
33579
33581
33586
33591
33597
33601
33609
33615
33616
33624
33631
33634
33641
33645
33647
33654
33661
33661
33668
33671
33681
33685
33686
33691
33696
33705
33710
33713
33721
33723
33730
33735
33740
33743
33749
33751
33759
33762
33770
33776
33776
33783
33787
33795
33799
33801
33810
33811
33821
33821
33826
33833
33836
33841
33846
33853
33856
33866
33871
33871
33879
33884
33887
33892
33901
33901
33910
33916
33916
33923
33929
33935
33937
33944
33949
33956
33959
33963
33969
33972
33977
33985
33989
33991
34000
34004
34010
34012
34021
34025
34031
34032
34038
34044
34050
34053
34058
34063
34067
34076
34081
34084
34089
34091
34096
34103
34106
34112
34120
34125
34128
34132
34137
34145
34150
34156
34156
34162
34167
34174
34178
34181
34186
34195
34196
34201
34207
34214
34216
34221
34227
34234
34237
34241
34250
34252
34260
34262
34271
34273
34281
34286
34287
34296
34300
34302
34306
34316
34320
34323
34330
34332
34337
34346
34350
34351
34356
34361
34369
34373
34377
34386
34388
34393
34400
34406
34411
34411
34417
34426
34429
34432
34438
34442
34449
34453
34459
34463
34469
34471
34477
34481
34490
34495
34501
34502
34510
34516
34520
34521
34530
34533
34537
34545
34551
34556
34557
34564
34567
34575
34579
34585
34590
34592
34601
34601
34611
34613
34619
34621
34628
34631
34640
34642
34650
34654
34656
34663
34667
34672
34676
34683
34686
34692
34699
34701
34711
34711
34721
34721
34730
34732
34738
34745
34748
34752
34758
34764
34770
34774
34778
34782
34787
34794
34799
34802
34811
34811
34819
34825
34831
34834
34838
34845
34847
34854
34861
34863
34869
34875
34880
34885
34886
34892
34896
34901
34911
34911
34919
34921
34931
34931
34938
34945
34950
34956
34961
34966
34968
34971
34979
34984
34991
34994
34998
35006
35010
35011
35020
35022
35031
35035
35036
35046
35050
35053
35056
35062
35067
35072
35076
35084
35088
35091
35100
35101
35106
35113
35117
35126
35128
35134
35138
35142
35149
35151
35158
35166
35171
35172
35179
35183
35186
35192
35199
35201
35208
35212
35217
35226
35230
35234
35240
35241
35250
35251
35260
35263
35269
35271
35276
35286
35289
35296
35298
35302
35311
35311
35320
35326
35327
35335
35341
35346
35346
35353
35360
35363
35366
35376
35380
35382
35386
35394
35396
35402
35410
35412
35417
35424
35426
35436
35441
35444
35449
35451
35461
35466
35471
35475
35477
35485
35488
35492
35500
35503
35509
35511
35517
35521
35527
35534
35541
35542
35549
35553
35560
35566
35569
35571
35578
35584
35586
35595
35599
35606
35609
35612
35619
35626
35631
35634
35637
35645
35649
35652
35660
35665
35668
35676
35679
35685
35690
35693
35697
35704
35711
35715
35719
35724
35729
35734
35736
35746
35747
35755
35756
35763
35766
35771
35777
35785
35791
35795
35800
35806
35810
35813
35817
35826
35828
35835
35836
35846
35847
35855
35859
35865
35871
35873
35879
35882
35889
35892
35896
35905
35908
35915
35919
35923
35926
35936
35938
35941
35951
35956
35960
35961
35969
35973
35979
35983
35991
35994
35999
36006
36006
36012
36017
36024
36031
36033
36041
36045
36047
36056
36059
36065
36070
36074
36081
36084
36088
36096
36097
36106
36106
36115
36119
36125
36130
36132
36138
36144
36151
36152
36156
36161
36170
36174
36179
36185
36191
36192
36196
36205
36206
36212
36216
36225
36231
36232
36237
36244
36248
36256
36261
36261
36267
36273
36281
36284
36286
36293
36298
36305
36309
36311
36321
36324
36329
36333
36341
36342
36346
36356
36359
36361
36368
36371
36379
36381
36387
36396
36400
36404
36409
36413
36417
36424
36430
36434
36437
36446
36447
36454
36459
36461
36468
36471
36480
36482
36489
36492
36496
36505
36507
36514
36517
36521
36531
36535
36537
36545
36551
36551
36561
36565
36567
36573
36579
36582
36591
36594
36597
36602
36610
36615
36616
36621
36626
36631
36636
36641
36648
36653
36656
36661
36670
36672
36681
36682
36689
36694
36701
36701
36710
36712
36717
36722
36730
36732
36738
36743
36750
36755
36758
36763
36769
36773
36776
36783
36791
36792
36798
36804
36808
36814
36820
36821
36831
36836
36838
36844
36847
36856
36857
36863
36869
36873
36878
36886
36888
36896
36901
36901
36909
36916
36918
36926
36927
36933
36937
36946
36950
36951
36958
36964
36969
36976
36976
36986
36989
36991
36996
37005
37010
37016
37021
37023
37027
37036
37037
37041
37051
37055
37061
37063
37070
37071
37080
37081
37089
37094
37101
37104
37107
37116
37119
37121
37127
37133
37141
37144
37148
37153
37157
37164
37167
37174
37178
37184
37189
37195
37196
37205
37208
37213
37218
37226
37226
37236
37238
37244
37250
37256
37260
37265
37271
37276
37281
37282
37289
37292
37299
37303
37307
37313
37318
37325
37328
37332
37338
37343
37348
37353
37361
37361
37369
37374
37379
37384
37390
37396
37399
37406
37408
37412
37417
37426
37428
37435
37438
37446
37450
37451
37458
37464
37470
37471
37480
37481
37487
37491
37497
37504
37509
37516
37519
37524
37526
37531
37540
37542
37550
37556
37556
37561
37567
37571
37578
37584
37591
37592
37598
37603
37611
37616
37621
37622
37626
37634
37640
37643
37650
37656
37661
37664
37666
37672
37680
37681
37689
37691
37698
37706
37708
37716
37716
37724
37727
37735
37739
37744
37748
37755
37759
37765
37770
37773
37778
37784
37787
37792
37799
37806
37806
37811
37821
37824
37826
37832
37838
37846
37847
37855
37860
37861
37870
37873
37878
37883
37888
37891
37897
37906
37910
37911
37921
37926
37927
37932
37940
37943
37946
37953
37958
37963
37969
37974
37978
37986
37991
37993
37996
38006
38006
38016
38019
38026
38030
38036
38040
38046
38050
38052
38061
38066
38071
38071
38078
38083
38086
38093
38101
38105
38110
38116
38119
38124
38128
38131
38136
38144
38148
38156
38160
38165
38168
38171
38177
38183
38191
38191
38197
38201
38211
38214
38218
38226
38228
38236
38240
38243
38248
38251
38258
38261
38268
38274
38277
38286
38289
38293
38300
38304
38310
38316
38321
38323
38329
38333
38339
38342
38350
38355
38361
38363
38369
38372
38381
38381
38387
38396
38397
38402
38408
38413
38421
38421
38430
38435
38439
38441
38447
38452
38460
38461
38467
38471
38476
38485
38488
38491
38500
38505
38509
38515
38520
38522
38526
38533
38537
38542
38547
38552
38558
38562
38571
38572
38579
38585
38586
38591
38599
38602
38610
38615
38616
38622
38631
38634
38640
38643
38651
38654
38657
38663
38666
38672
38680
38686
38686
38692
38696
38704
38707
38716
38717
38723
38726
38731
38740
38742
38750
38753
38758
38762
38768
38773
38776
38781
38787
38793
38796
38805
38808
38815
38818
38825
38829
38833
38836
38844
38848
38854
38860
38863
38869
38875
38878
38881
38890
38894
38897
38903
38909
38913
38921
38924
38927
38932
38940
38942
38948
38952
38960
38965
38970
38973
38976
38985
38986
38993
38999
39004
39009
39015
39021
39021
39031
39035
39037
39045
39046
39054
39057
39062
39068
39074
39078
39081
39086
39095
39098
39101
39108
39116
39118
39122
39130
39132
39136
39145
39151
39155
39156
39162
39171
39171
39180
39183
39191
39194
39201
39203
39209
39216
39219
39222
39226
39233
39237
39241
39248
39255
39257
39265
39271
39271
39276
39283
39288
39296
39300
39306
39310
39314
39320
39326
39331
39333
39341
39346
39346
39356
39356
39366
39370
39372
39379
39385
39386
39394
39396
39406
39406
39415
39417
39426
39427
39433
39438
39443
39446
39451
39460
39461
39466
39471
39477
39485
39491
39494
39497
39506
39508
39516
39521
39526
39528
39533
39537
39541
39547
39556
39560
39564
39570
39571
39576
39581
39587
39591
39598
39603
39609
39616
39620
39624
39628
39634
39641
39642
39646
39653
39659
39662
39670
39676
39680
39686
39687
39694
39699
39703
39711
39715
39720
39724
39728
39734
39738
39742
39746
39756
39758
39764
39770
39771
39780
39786
39788
39796
39796
39805
39810
39812
39817
39823
39828
39831
39836
39845
39847
39852
39857
39861
39870
39873
39878
39883
39890
39893
39896
39901
39910
39916
39917
39923
39931
39931
39940
39946
39949
39954
39960
39964
39967
39974
39979
39983
39990
39991
40000
40001
40010
40011
40020
40026
40030
40034
40036
40041
40047
40055
40061
40062
40070
40074
40078
40085
40088
40091
40098
40102
40110
40112
40119
40123
40129
40132
40137
40144
40150
40155
40159
40165
40168
40172
40178
40183
40189
40191
40201
40205
40206
40216
40216
40222
40231
40231
40241
40242
40250
40251
40260
40264
40269
40272
40278
40283
40287
40295
40297
40306
40310
40314
40321
40325
40331
40335
40341
40341
40346
40356
40357
40361
40370
40376
40376
40386
40391
40394
40399
40401
40406
40413
40417
40422
40429
40431
40438
40442
40449
40455
40461
40463
40467
40475
40479
40483
40490
40496
40499
40502
40507
40516
40517
40526
40526
40536
40539
40544
40547
40553
40559
40566
40570
40573
40579
40585
40589
40594
40598
40604
40609
40611
40616
40625
40629
40635
40640
40646
40646
40654
40659
40666
40670
40675
40677
40684
40686
40695
40697
40705
40711
40714
40718
40726
40730
40733
40738
40743
40751
40753
40760
40762
40769
40776
40778
40783
40789
40793
40801
40802
40811
40813
40819
40821
40830
40833
40841
40845
40849
40852
40859
40865
40867
40871
40876
40886
40889
40892
40896
40906
40907
40916
40920
40924
40931
40932
40940
40941
40951
40956
40959
40966
40968
40975
40976
40981
40991
40994
40999
41001
41007
41014
41021
41021
41030
41033
41037
41042
41047
41052
41057
41066
41070
41074
41080
41085
41088
41092
41096
41104
41109
41112
41119
41125
41126
41132
41138
41143
41149
41156
41161
41161
41169
41171
41181
41186
41188
41191
41197
41202
41208
41213
41216
41225
41230
41233
41238
41242
41251
41252
41261
41264
41267
41273
41281
41282
41288
41294
41298
41306
41309
41311
41318
41322
41330
41335
41340
41341
41350
41355
41360
41366
41370
41376
41379
41383
41388
41394
41397
41402
41406
41412
41417
41424
41428
41431
41440
41443
41449
41455
41456
41463
41467
41471
41479
41485
41486
41493
41500
41501
41509
41516
41519
41524
41527
41531
41540
41543
41548
41555
41557
41566
41566
41576
41576
41585
41587
41596
41600
41602
41609
41613
41620
41624
41628
41631
41640
41643
41648
41654
41660
41663
41666
41673
41678
41682
41687
41693
41700
41704
41709
41711
41717
41721
41729
41734
41738
41746
41748
41751
41756
41762
41766
41771
41778
41782
41789
41794
41797
41802
41808
41813
41820
41821
41826
41836
41838
41842
41850
41852
41856
41861
41870
41876
41879
41885
41890
41894
41901
41904
41907
41915
41917
41925
41931
41932
41939
41943
41950
41954
41959
41964
41971
41975
41981
41986
41987
41996
41996
42005
42011
42014
42019
42023
42027
42035
42037
42044
42046
42055
42060
42065
42069
42071
42079
42083
42091
42091
42101
42104
42109
42115
42117
42122
42131
42135
42140
42144
42148
42152
42157
42165
42167
42172
42179
42182
42187
42196
42196
42202
42211
42212
42219
42224
42228
42235
42241
42245
42250
42254
42260
42265
42268
42271
42281
42282
42287
42296
42298
42304
42309
42315
42317
42324
42330
42334
42337
42342
42348
42351
42361
42362
42371
42372
42379
42382
42389
42392
42400
42406
42410
42412
42421
42423
42427
42434
42439
42444
42446
42455
42457
42461
42471
42472
42477
42482
42487
42494
42500
42501
42507
42511
42517
42523
42527
42532
42536
42544
42551
42551
42557
42563
42571
42576
42577
42583
42588
42595
42597
42604
42608
42615
42618
42624
42630
42632
42638
42645
42651
42653
42661
42661
42667
42671
42679
42686
42691
42696
42700
42706
42708
42713
42716
42726
42731
42734
42736
42741
42746
42751
42761
42765
42771
42773
42779
42785
42788
42793
42797
42806
42808
42812
42820
42822
42830
42833
42841
42845
42848
42853
42858
42861
42870
42875
42878
42885
42887
42894
42897
42901
42908
42914
42916
42925
42929
42934
42936
42946
42951
42954
42958
42965
42971
42974
42979
42983
42988
42992
42998
43006
43011
43013
43018
43026
43031
43032
43037
43041
43046
43054
43059
43063
43068
43076
43077
43083
43089
43091
43100
43105
43106
43113
43119
43122
43126
43136
43136
43143
43147
43154
43156
43163
43166
43173
43180
43182
43188
43192
43197
43203
43211
43214
43217
43222
43231
43234
43239
43243
43249
43251
43261
43261
43266
43274
43276
43284
43291
43296
43299
43301
43308
43312
43320
43322
43327
43331
43340
43342
43348
43353
43359
43362
43368
43371
43379
43381
43388
43392
43399
43401
43408
43416
43420
43423
43429
43432
43436
43441
43447
43451
43457
43466
43467
43471
43481
43481
43489
43491
43501
43502
43506
43511
43520
43521
43529
43531
43540
43544
43546
43555
43559
43562
43568
43575
43581
43581
43589
43595
43600
43601
43610
43615
43618
43625
43630
43635
43640
43642
43647
43652
43661
43662
43669
43676
43680
43681
43691
43691
43700
43701
43707
43713
43717
43726
43726
43734
43738
43746
43747
43753
43760
43765
43771
43773
43778
43783
43790
43794
43799
43806
43808
43814
43818
43825
43829
43832
43839
43846
43849
43853
43860
43862
43866
43872
43879
43885
43891
43891
43900
43904
43911
43911
43921
43924
43929
43935
43940
43946
43947
43952
43958
43961
43967
43976
43978
43982
43987
43996
44001
44005
44011
44014
44019
44023
44030
44035
44036
44045
44051
44052
44060
44064
44067
44071
44077
44083
44090
44091
44101
44103
44106
44113
44117
44123
44131
44135
44139
44144
44147
44152
44159
44162
44167
44173
44181
44185
44189
44192
44199
44205
44209
44214
44220
44225
44226
44236
44236
44245
44246
44251
44257
44262
44268
44272
44277
44284
44286
44293
44297
44304
44307
44316
44318
44326
44329
44331
44338
44342
44347
44354
44360
44363
44368
44372
44380
44386
44388
44391
44399
44404
44407
44415
44419
44425
44427
44433
44439
44444
44446
44451
44459
44462
44466
44471
44478
44482
44486
44491
44498
44506
44510
44514
44519
44526
44529
44534
44536
44546
44548
44552
44559
44561
44571
44573
44577
44586
44589
44594
44600
44604
44606
44613
44617
44623
44626
44633
44639
44643
44648
44653
44660
44665
44669
44675
44677
44684
44687
44692
44701
44706
44707
44713
44720
44722
44731
44732
44737
44746
44748
44756
44758
44761
44770
44774
44781
44782
44790
44792
44800
44803
44811
44815
44820
44824
44828
44831
44836
44844
44847
44856
44861
44866
44870
44871
44878
44885
44891
44893
44896
44905
44908
44916
44918
44925
44930
44931
44939
44946
44950
44951
44960
44966
44970
44974
44979
44985
44989
44995
44998
45002
45010
45016
45019
45022
45030
45033
45040
45046
45049
45051
45058
45066
45071
45075
45079
45085
45087
45092
45100
45103
45111
45112
45121
45124
45127
45132
45138
45145
45150
45154
45157
45165
45171
45171
45177
45182
45186
45196
45199
45204
45209
45211
45221
45225
45231
45232
45241
45245
45246
45251
45260
45261
45271
45274
45278
45281
45287
45295
45300
45302
45308
45313
45316
45326
45329
45331
45341
45345
45351
45355
45356
45361
45370
45373
45381
45384
45386
45395
45398
45406
45407
45415
45420
45426
45427
45433
45439
45441
45448
45451
45461
45462
45467
45475
45479
45483
45487
45494
45498
45501
45508
45511
45521
45526
45527
45533
45538
45541
45551
45556
45561
45566
45570
45572
45581
45581
45590
45595
45598
45606
45607
45612
45618
45626
45628
45636
45636
45644
45649
45651
45660
45664
45668
45674
45680
45685
45691
45691
45696
45701
45708
45714
45720
45723
45731
45736
45741
45745
45748
45753
45759
45761
45767
45776
45776
45785
45787
45791
45797
45806
45811
45814
45816
45826
45830
45836
45839
45842
45851
45855
45860
45863
45867
45874
45878
45881
45887
45893
45898
45904
45910
45911
45919
45922
45929
45935
45936
45942
45949
45952
45959
45964
45969
45976
45980
45984
45989
45992
45998
46002
46007
46016
46021
46021
46029
46036
46036
46046
46049
46051
46061
46066
46071
46072
46078
46086
46087
46096
46099
46101
46106
46114
46121
46124
46128
46131
46138
46145
46146
46153
46156
46165
46169
46172
46176
46185
46186
46191
46197
46205
46207
46214
46220
46225
46230
46232
46239
46242
46249
46256
46257
46261
46266
46273
46278
46282
46291
46295
46298
46302
46311
46315
46318
46323
46327
46333
46339
46345
46350
46352
46359
46366
46368
46374
46381
46383
46388
46391
46397
46401
46411
46413
46417
46421
46428
46433
46438
46446
46450
46454
46459
46465
46469
46473
46479
46481
46489
46493
46501
46506
46508
46514
46519
46521
46529
46535
46537
46541
46547
46551
46557
46562
46571
46571
46578
46582
46588
46596
46601
46602
46607
46611
46620
46623
46628
46631
46638
46645
46651
46654
46661
46664
46667
46673
46679
46685
46688
46695
46696
46706
46711
46715
46718
46722
46730
46731
46739
46743
46750
46753
46756
46764
46767
46772
46781
46781
46790
46794
46801
46801
46809
46815
46816
46826
46828
46836
46838
46844
46851
46856
46856
46865
46870
46873
46880
46886
46889
46894
46899
46903
46906
46915
46921
46922
46928
46933
46941
46941
46948
46951
46956
46966
46966
46975
46981
46985
46991
46994
46998
47003
47010
47013
47019
47025
47026
47036
47038
47041
47050
47054
47058
47063
47066
47075
47077
47084
47088
47092
47096
47102
47107
47113
47118
47125
47130
47134
47137
47146
47148
47155
47161
47161
47171
47175
47179
47182
47186
47194
47200
47202
47209
47214
47219
47221
47229
47236
47241
47245
47248
47253
47259
47262
47267
47273
47276
47284
47290
47292
47297
47301
47306
47316
47318
47321
47327
47333
47338
47342
47350
47355
47357
47361
47368
47376
47379
47381
47388
47393
47396
47403
47407
47415
47418
47425
47426
47432
47439
47442
47450
47451
47457
47466
47469
47472
47481
47484
47491
47494
47501
47506
47510
47516
47521
47521
47527
47536
47539
47543
47547
47554
47558
47561
47570
47574
47579
47582
47591
47595
47596
47604
47610
47612
47621
47624
47627
47635
47639
47645
47646
47652
47660
47661
47666
47674
47677
47683
47690
47694
47698
47703
47708
47715
47717
47721
47731
47735
47741
47746
47747
47755
47761
47766
47766
47776
47780
47784
47787
47792
47797
47804
47807
47816
47819
47821
47829
47834
47841
47841
47850
47851
47856
47863
47871
47872
47877
47883
47887
47893
47896
47903
47908
47914
47918
47923
47926
47936
47936
47944
47950
47954
47956
47965
47971
47976
47979
47983
47991
47995
47998
48004
48006
48014
48020
48024
48029
48032
48039
48045
48046
48054
48061
48065
48069
48073
48077
48084
48091
48094
48101
48102
48106
48116
48117
48122
48127
48132
48141
48143
48150
48152
48158
48163
48167
48172
48178
48185
48188
48195
48200
48204
48207
48214
48216
48225
48226
48231
48241
48245
48250
48251
48261
48266
48269
48272
48278
48286
48290
48292
48299
48305
48309
48311
48320
48323
48331
48335
48337
48345
48349
48355
48358
48366
48367
48372
48376
48384
48387
48391
48400
48401
48407
48411
48421
48424
48429
48431
48440
48445
48446
48452
48456
48462
48467
48471
48477
48485
48487
48491
48501
48506
48510
48515
48520
48525
48527
48531
48539
48546
48551
48552
48560
48566
48570
48571
48581
48584
48591
48594
48600
48602
48610
48611
48619
48623
48629
48634
48637
48646
48649
48651
48660
48662
48668
48673
48678
48682
48691
48696
48701
48705
48711
48713
48716
48725
48727
48733
48738
48742
48750
48755
48756
48764
48769
48771
48778
48784
48789
48792
48799
48801
48808
48816
48821
48823
48831
48833
48837
48844
48846
48851
48858
48863
48866
48871
48879
48886
48889
48895
48897
48903
48907
48911
48919
48924
48931
48933
48940
48942
48951
48956
48959
48961
48967
48975
48978
48986
48990
48995
49001
49005
49010
49011
49019
49022
49026
49035
49040
49046
49047
49053
49059
49065
49071
49076
49078
49084
49086
49092
49096
49101
49106
49111
49118
49121
49127
49134
49137
49145
49149
49154
49158
49166
49168
49171
49179
49186
49189
49192
49201
49202
49211
49216
49219
49222
49226
49233
49237
49243
49249
49251
49258
49262
49269
49275
49279
49282
49289
49296
49296
49301
49311
49312
49318
49325
49331
49331
49337
49343
49350
49351
49357
49365
49368
49371
49380
49382
49391
49392
49398
49401
49408
49415
49418
49425
49427
49434
49437
49442
49446
49451
49459
49466
49466
49472
49481
49482
49491
49492
49496
49501
49508
49514
49516
49524
49526
49533
49539
49544
49548
49553
49561
49564
49570
49573
49578
49583
49587
49596
49599
49603
49611
49616
49620
49622
49627
49634
49641
49641
49648
49655
49656
49665
49670
49674
49676
49685
49691
49694
49698
49704
49706
49716
49718
49726
49726
49732
49736
49746
49746
49754
49757
49761
49770
49773
49776
49781
49787
49796
49796
49805
49810
49811
49817
49825
49828
49836
49841
49843
49848
49856
49860
49863
49870
49873
49876
49882
49886
49896
49898
49903
49906
49911
49919
49925
49928
49936
49941
49945
49946
49953
49961
49966
49970
49975
49976
49986
49989
49991
49999
50002
50011
50013
50016
50024
50030
50032
50038
50041
50047
50053
50057
50062
50066
50071
50078
50083
50088
50096
50100
50102
50109
50112
50117
50125
50126
50132
50141
50146
50149
50156
50156
50166
50171
50174
50178
50181
50186
50194
50197
50204
50211
50214
50220
50225
50228
50232
50236
50243
50249
50254
50258
50261
50269
50271
50276
50285
50290
50296
50301
50306
50311
50316
50318
50326
50327
50336
50341
50344
50346
50352
50359
50364
50370
50373
50377
50382
50391
50393
50396
50401
50406
50415
50416
50422
50429
50432
50437
50446
50451
50455
50459
50462
50467
50475
50478
50481
50487
50495
50499
50504
50506
50514
50520
50524
50528
50536
50540
50544
50546
50554
50558
50561
50571
50576
50581
50581
50588
50596
50596
50604
50607
50613
50617
50625
50626
50631
50637
50645
50650
50655
50660
50662
50669
50672
50677
50681
50686
50692
50696
50703
50708
50715
50721
50725
50731
50733
50740
50744
50749
50756
50761
50765
50770
50776
50776
50782
50789
50794
50798
50801
50808
50813
50816
50826
50829
50832
50839
50843
50849
50852
50859
50863
50868
50871
50876
50886
50888
50895
50896
50903
50906
50913
50919
50923
50929
50935
50941
50942
50946
50955
50957
50966
50969
50973
50977
50981
50991
50993
50999
51005
51007
51011
51018
51021
51030
51031
51036
51042
51046
51054
51056
51064
51071
51071
51081
51086
51090
51093
51096
51105
51110
51112
51117
51124
51129
51136
51140
51141
51148
51152
51157
51162
51170
51172
51180
51185
51187
51193
51197
51201
51209
51216
51217
51221
51227
51234
51240
51244
51246
51253
51261
51262
51271
51272
51278
51283
51288
51293
51300
51305
51306
51314
51320
51325
51331
51334
51336
51344
51347
51353
51357
51363
51366
51374
51380
51381
51388
51394
51397
51404
51406
51415
51418
51424
51426
51433
51438
51441
51448
51454
51461
51465
51469
51473
51477
51484
51490
51492
51497
51505
51507
51511
51516
51521
51529
51534
51541
51541
51549
51553
51558
51565
51571
51573
51580
51582
51588
51593
51600
51605
51611
51611
51619
51624
51627
51634
51640
51644
51649
51652
51661
51664
51671
51676
51679
51686
51689
51695
51699
51705
51707
51712
51717
51725
51726
51736
51740
51741
51749
51751
51756
51764
51766
51776
51780
51783
51788
51791
51796
51803
51808
51815
51819
51825
51831
51831
51838
51846
51847
51855
51861
51863
51866
51875
51881
51886
51890
51896
51900
51904
51908
51913
51919
51925
51929
51935
51937
51943
51949
51955
51961
51961
51970
51975
51980
51982
51989
51996
52000
52002
52010
52015
52017
52025
52030
52032
52036
52046
52046
52054
52059
52065
52067
52075
52077
52085
52089
52091
52098
52104
52110
52114
52119
52125
52127
52132
52139
52146
52149
52155
52159
52162
52169
52173
52177
52183
52190
52191
52201
52205
52210
52212
52221
52225
52228
52235
52236
52242
52248
52252
52258
52264
52269
52273
52280
52281
52288
52294
52296
52302
52308
52315
52320
52322
52328
52335
52338
52345
52347
52351
52359
52364
52370
52376
52377
52383
52388
52392
52401
52403
52407
52413
52416
52425
52430
52433
52440
52441
52449
52456
52461
52462
52466
52471
52480
52484
52486
52493
52499
52501
52510
52511
52516
52524
52529
52531
52539
52542
52548
52554
52558
52565
52570
52576
52579
52585
52591
52591
52600
52604
52606
52614
52619
52625
52627
52631
52638
52644
52651
52656
52657
52665
52669
52676
52679
52683
52687
52694
52700
52705
52708
52711
52716
52721
52731
52733
52739
52746
52750
52753
52758
52764
52766
52771
52776
52784
52788
52794
52801
52801
52806
52815
52820
52823
52828
52836
52840
52843
52850
52852
52857
52862
52867
52875
52880
52886
52890
52895
52896
52905
52908
52915
52920
52922
52930
52936
52938
52945
52951
52953
52960
52961
52968
52971
52981
52982
52988
52995
52997
53004
53007
53014
53016
53024
53030
53036
53039
53043
53047
53051
53060
53062
53071
53075
53077
53083
53090
53091
53097
53106
53107
53113
53116
53126
53126
53132
53138
53145
53151
53151
53161
53165
53170
53175
53180
53185
53190
53194
53197
53202
53206
53211
53220
53223
53228
53234
53238
53245
53246
53254
53256
53262
53270
53276
53279
53283
53290
53291
53298
53306
53309
53313
53320
53323
53326
53331
53339
53343
53351
53351
53357
53364
53368
53376
53381
53383
53390
53392
53397
53401
53406
53413
53417
53422
53430
53435
53440
53445
53451
53453
53456
53461
53470
53472
53476
53485
53491
53496
53501
53506
53510
53516
53519
53522
53527
53536
53540
53545
53547
53554
53559
53562
53570
53576
53580
53584
53586
53592
53596
53606
53607
53616
53621
53622
53631
53636
53638
53643
53651
53652
53661
53665
53670
53676
53681
53682
53690
53692
53697
53702
53707
53712
53719
53724
53727
53732
53739
53745
53749
53751
53760
53763
53770
53776
53778
53782
53787
53796
53800
53804
53809
53813
53818
53821
53830
53836
53841
53845
53851
53856
53857
53864
53871
53874
53881
53881
53887
53892
53899
53906
53908
53915
53918
53924
53930
53931
53937
53942
53946
53951
53960
53965
53967
53975
53976
53984
53987
53991
54000
54006
54009
54011
54018
54026
54029
54033
54039
54045
54051
54054
54061
54065
54071
54075
54080
54085
54089
54095
54097
54106
54107
54115
54116
54126
54130
54134
54137
54145
54149
54153
54156
54165
54167
54173
54178
54182
54189
54191
54198
54201
54209
54214
54216
54224
54229
54235
54239
54243
54251
54253
54257
54266
54268
54273
54277
54282
54291
54292
54296
54303
54307
54311
54317
54325
54328
54332
54339
54344
54349
54356
54358
54362
54369
54374
54380
54384
54387
54391
54400
54404
54407
54416
54418
54423
54431
54436
54440
54444
54446
54451
54456
54464
54467
54473
54481
54482
54489
54494
54498
54502
54507
54513
54521
54521
54531
54535
54538
54545
54551
54553
54561
54561
54568
54573
54578
54586
54590
54594
54599
54601
54607
54611
54620
54626
54628
54632
54639
54644
54646
54653
54660
54665
54668
54672
54679
54683
54689
54692
54697
54701
54706
54715
54720
54721
54728
54734
54736
54744
54747
54755
54761
54761
54768
54773
54778
54783
54789
54793
54798
54806
54806
54815
54820
54822
54830
54834
54837
54845
54848
54855
54859
54866
54866
54872
54877
54881
54887
54895
54901
54905
54910
54912
54920
54926
54926
54932
54940
54942
54950
54952
54961
54963
54969
54972
54977
54983
54986
54994
55001
55004
55011
55011
55020
55022
55028
55035
55036
55041
55046
55053
55059
55062
55071
55072
55079
55086
55090
55096
55096
55103
55111
55111
55120
55122
55127
55131
55140
55146
55148
55155
55156
55166
55169
55172
55177
55183
55186
55193
55200
55205
55208
55213
55216
55222
55227
55234
55239
55243
55247
55254
55258
55265
55267
55273
55280
55285
55291
55296
55301
55306
55308
55314
55321
55323
55327
55336
55339
55343
55351
55355
55359
55366
55371
55375
55376
55383
55390
55391
55397
55401
55406
55415
55416
55422
55429
55434
55437
55441
55448
55453
55457
55461
55468
55474
55477
55484
55489
55491
55500
55504
55508
55515
55521
55523
55529
55532
55540
55544
55546
55553
55556
55561
55567
55574
55578
55586
55589
55593
55597
55606
55610
55614
55619
55626
55626
55633
55638
55643
55650
55652
55658
55661
55667
55671
55680
55684
55686
55691
55698
55704
55709
55716
55719
55723
55728
55736
55740
55742
55751
55752
55756
55766
55770
55775
55781
55786
55789
55794
55799
55806
55807
55814
55818
55821
55828
55833
55840
55841
55846
55852
55860
55861
55871
55873
55881
55883
55887
55896
55900
55903
55909
55912
55921
55921
55927
55933
55938
55946
55947
55954
55957
55966
55967
55971
55976
55984
55988
55991
56001
56003
56009
56016
56019
56024
56031
56036
56038
56041
56051
56056
56060
56062
56070
56073
56079
56082
56086
56093
56098
56101
56110
56115
56120
56121
56127
56132
56139
56141
56150
56156
56160
56164
56170
56173
56177
56186
56190
56192
56200
56201
56206
56216
56219
56221
56231
56231
56240
56243
56251
56254
56260
56261
56270
56274
56279
56283
56290
56291
56301
56304
56307
56314
56319
56325
56328
56336
56336
56346
56347
56351
56357
56363
56369
56372
56378
56384
56387
56393
56398
56403
56407
56411
56417
56422
56431
56436
56440
56445
56448
56453
56457
56464
56468
56472
56476
56483
56486
56491
56500
56506
56506
56513
56517
56523
56529
56533
56538
56541
56546
56556
56561
56563
56566
56576
56576
56585
56586
56591
56599
56605
56610
56614
56618
56624
56630
56634
56638
56645
56646
56651
56660
56666
56668
56673
56681
56685
56691
56696
56697
56702
56707
56715
56717
56724
56731
56734
56737
56741
56751
56756
56760
56762
56768
56774
56777
56784
56790
56793
56797
56806
56808
56813
56821
56821
56827
56836
56838
56844
56850
56856
56858
56866
56870
56873
56881
56882
56887
56895
56897
56901
56906
56913
56919
56924
56929
56931
56938
56946
56951
56952
56961
56963
56968
56972
56976
56981
56990
56991
57000
57003
57011
57012
57017
57024
57031
57034
57041
57042
57048
57051
57056
57062
57067
57072
57081
57081
57087
57091
57099
57106
57111
57114
57118
57125
57128
57136
57140
57144
57146
57153
57161
57164
57171
57176
57181
57183
57191
57195
57201
57204
57208
57215
57219
57221
57231
57233
57237
57241
57251
57255
57258
57264
57270
57274
57279
57286
57288
57296
57296
57302
57310
57314
57317
57325
57331
57334
57340
57345
57350
57356
57356
57361
57371
57372
57378
57384
57388
57396
57397
57404
57407
57413
57416
57426
57427
57432
57441
57443
57449
57452
57457
57464
57466
57474
57479
57481
57487
57493
57500
57504
57509
57512
57519
57521
57531
57534
57537
57543
57546
57552
57559
57564
57571
57574
57579
57582
57590
57593
57598
57604
57609
57612
57619
57624
57628
57633
57640
57642
57646
57655
57658
57666
57666
57676
57676
57685
57687
57691
57699
57703
57708
57714
57716
57722
57730
57735
57740
57745
57747
57755
57760
57765
57769
57775
57780
57782
57788
57792
57798
57801
57810
57816
57817
57821
57828
57835
57837
57845
57848
57856
57860
57863
57866
57875
57879
57885
57889
57891
57900
57906
57910
57915
57917
57926
57929
57936
57936
57941
57950
57951
57958
57961
57967
57975
57976
57985
57988
57993
58000
58006
58008
58014
58019
58024
58026
58031
58041
58043
58049
58051
58057
58062
58070
58075
58077
58082
58089
58093
58096
58106
58109
58113
58119
58126
58130
58135
58138
58145
58146
58155
58160
58163
58170
58176
58178
58184
58191
58191
58197
58206
58211
58216
58217
58222
58231
58235
58240
58245
58246
58251
58258
58261
58267
58276
58276
58281
58288
58295
58299
58305
58311
58314
58321
58321
58331
58336
58339
58344
58349
58351
58359
58366
58370
58371
58377
58384
58389
58391
58401
58403
58407
58413
58417
58426
58427
58434
58438
58441
58446
58455
58460
58462
58470
58471
58481
58481
58488
58494
58500
58505
58506
58516
58520
58523
58530
58532
58540
58541
58548
58551
58557
58564
58571
58576
58580
58581
58590
58596
58601
58601
58608
58613
58620
58622
58630
58636
58640
58645
58651
58655
58656
58663
58669
58672
58677
58682
58689
58695
58697
58704
58708
58713
58717
58722
58728
58732
58741
58745
58746
58753
58759
58763
58770
58774
58780
58783
58791
58794
58799
58802
58808
58814
58821
58823
58831
58835
58836
58843
58851
58851
58858
58861
58866
58874
58879
58881
58891
58891
58897
58903
58911
58915
58919
58923
58931
58935
58940
58942
58946
58954
58960
58963
58967
58974
58977
58985
58988
58995
58998
59003
59011
59016
59018
59021
59031
59035
59039
59041
59050
59055
59056
59062
59071
59072
59076
59084
59089
59092
59101
59105
59106
59116
59121
59121
59129
59133
59139
59141
59148
59151
59159
59166
59169
59176
59177
59185
59191
59194
59200
59202
59207
59216
59216
59226
59226
59235
59236
59244
59250
59254
59258
59263
59270
59274
59281
59282
59287
59295
59300
59305
59308
59315
59316
59321
59329
59333
59336
59345
59351
59352
59359
59364
59371
59375
59376
59385
59390
59396
59397
59403
59407
59414
59418
59426
59429
59434
59436
59442
59446
59453
59459
59463
59467
59473
59478
59484
59488
59494
59501
59502
59508
59512
59521
59522
59528
59536
59536
59541
59547
59554
59559
59564
59566
59572
59578
59585
59587
59591
59601
59604
59606
59611
59619
59621
59627
59636
59641
59645
59648
59651
59656
59663
59669
59672
59680
59684
59686
59693
59698
59706
59706
59715
59716
59725
59730
59731
59736
59744
59751
59756
59758
59765
59766
59771
59777
59784
59791
59792
59800
59803
59806
59814
59816
59823
59829
59836
59841
59842
59846
59855
59857
59861
59870
59874
59878
59881
59890
59894
59898
59902
59908
59915
59921
59926
59927
59935
59940
59942
59947
59953
59958
59965
59966
59972
59979
59983
59990
59995
59998
60004
60006
60014
60019
60024
60029
60033
60041
60044
60046
60056
60060
60063
60069
60072
60076
60085
60086
60092
60097
60101
60106
60112
60119
60121
60129
60136
60138
60144
60148
60151
60156
60164
60166
60175
60177
60181
60189
60194
60196
60206
60210
60211
60218
60225
60228
60231
60240
60244
60249
60252
60261
60266
60266
60274
60278
60286
60291
60292
60298
60301
60306
60313
60318
60325
60330
60332
60339
60341
60346
60351
60359
60363
60367
60373
60378
60386
60387
60391
60400
60403
60408
60411
60417
60423
60428
60432
60440
60444
60448
60452
60457
60466
60471
60476
60481
60484
60491
60495
60498
60505
60507
60515
60521
60522
60529
60535
60541
60541
60548
60552
60556
60564
60567
60571
60579
60584
60586
60591
60597
60602
60607
60612
60620
60625
60630
60635
60640
60646
60649
60653
60657
60666
60667
60675
60676
60685
60686
60691
60701
60705
60707
60713
60719
60726
60726
60733
60738
60742
60747
60754
60759
60761
60769
60774
60778
60783
60786
60793
60797
60804
60809
60816
60819
60824
60830
60833
60841
60846
60847
60852
60860
60866
60869
60875
60880
60883
60888
60896
60898
60903
60911
60911
60921
60925
60928
60936
60938
60942
60947
60953
60960
60963
60967
60973
60981
60984
60989
60991
60997
61005
61006
61014
61021
61026
61030
61032
61038
61041
61050
61051
61058
61061
61069
61072
61077
61083
61086
61096
61096
61104
61107
61112
61119
61126
61129
61136
61138
61143
61146
61154
61157
61166
61166
61173
61176
61181
61189
61193
61196
61202
61208
61215
61218
61221
61231
61234
61238
61245
61249
61253
61258
61263
61268
61273
61276
61282
61288
61291
61297
61305
61306
61316
61318
61321
61331
61333
61340
61343
61349
61356
61358
61362
61366
61373
61381
61381
61390
61396
61399
61401
61406
61413
61416
61422
61427
61432
61440
61446
61449
61451
61457
61464
61470
61472
61480
61485
61491
61491
61498
61506
61506
61515
61517
61524
61528
61533
61541
61545
61546
61554
61560
61563
61569
61571
61578
61585
61590
61595
61600
61606
61611
61615
61616
61625
61631
61636
61637
61646
61646
61654
61657
61666
61669
61676
61680
61686
61686
61694
61696
61705
61711
61714
61721
61725
61730
61731
61736
61745
61746
61753
61757
61761
61767
61774
61776
61781
61791
61792
61796
61801
61807
61813
61818
61823
61829
61832
61840
61842
61846
61853
61859
61864
61871
61876
61881
61885
61887
61896
61898
61903
61908
61916
61918
61923
61927
61936
61937
61946
61950
61953
61956
61963
61966
61971
61978
61981
61988
61991
62000
62002
62011
62015
62018
62024
62029
62034
62039
62045
62051
62055
62058
62062
62070
62075
62081
62083
62089
62096
62097
62103
62107
62111
62119
62124
62127
62131
62140
62142
62146
62156
62156
62165
62170
62175
62181
62184
62187
62191
62200
62204
62208
62213
62219
62222
62227
62233
62241
62244
62249
62252
62258
62263
62271
62271
62276
62285
62288
62293
62301
62306
62309
62315
62316
62324
62326
62334
62340
62346
62351
62354
62358
62365
62369
62376
62381
62381
62390
62392
62398
62401
62408
62411
62418
62424
62430
62432
62437
62444
62447
62454
62460
62462
62466
62472
62481
62481
62490
62496
62496
62501
62507
62514
62518
62525
62530
62534
62538
62544
62550
62551
62558
62562
62567
62576
62577
62584
62590
62594
62598
62605
62611
62616
62616
62625
62628
62631
62638
62646
62651
62654
62658
62662
62670
62672
62679
62682
62690
62692
62701
62705
62710
62715
62716
62726
62729
62732
62738
62746
62747
62754
62756
62766
62769
62774
62777
62782
62791
62791
62800
62806
62809
62814
62818
62821
62829
62835
62836
62842
62848
62853
62860
62866
62870
62874
62878
62886
62889
62891
62901
62905
62908
62914
62921
62923
62928
62936
62941
62946
62949
62951
62956
62961
62966
62971
62981
62985
62991
62992
63001
63005
63006
63013
63018
63022
63026
63032
63040
63041
63049
63054
63059
63066
63071
63075
63076
63082
63090
63094
63101
63104
63110
63113
63120
63125
63129
63135
63140
63144
63149
63153
63156
63163
63171
63173
63181
63182
63189
63192
63198
63206
63209
63211
63218
63225
63226
63235
63241
63241
63249
63253
63257
63263
63271
63272
63279
63281
63286
63292
63297
63306
63309
63312
63318
63323
63331
63331
63341
63346
63348
63356
63358
63364
63371
63375
63377
63382
63391
63395
63397
63402
63407
63414
63418
63422
63428
63435
63441
63446
63447
63451
63461
63462
63468
63473
63477
63482
63487
63491
63501
63504
63507
63513
63517
63521
63526
63531
63541
63546
63548
63556
63558
63566
63566
63574
63577
63583
63590
63596
63597
63602
63610
63611
63616
63624
63626
63636
63636
63642
63647
63654
63659
63664
63671
63676
63678
63683
63689
63696
63696
63703
63711
63713
63716
63726
63730
63736
63737
63743
63749
63751
63761
63766
63768
63771
63776
63781
63788
63792
63796
63803
63809
63811
63816
63826
63831
63835
63839
63841
63851
63851
63861
63866
63866
63875
63881
63884
63887
63892
63898
63902
63910
63912
63918
63923
63930
63933
63938
63946
63949
63951
63960
63964
63971
63971
63979
63982
63986
63995
63998
64002
64009
64016
64021
64026
64028
64031
64040
64042
64050
64051
64057
64063
64068
64073
64077
64083
64088
64093
64100
64102
64109
64111
64118
64125
64128
64131
64141
64143
64151
64153
64158
64164
64169
64174
64180
64181
64187
64195
64197
64201
64207
64216
64216
64225
64227
64236
64238
64243
64251
64255
64256
64261
64270
64271
64280
64286
64291
64292
64296
64305
64310
64311
64319
64321
64327
64332
64338
64345
64348
64353
64360
64364
64370
64373
64377
64381
64388
64392
64396
64406
64408
64413
64420
64426
64426
64436
64436
64446
64449
64456
64461
64464
64467
64476
64479
64482
64487
64495
64501
64501
64507
64516
64520
64526
64528
64532
64538
64542
64549
64551
64560
64564
64570
64571
64580
64585
64586
64596
64600
64605
64609
64616
64621
64623
64630
64636
64641
64644
64646
64651
64657
64662
64668
64671
64676
64684
64689
64692
64701
64702
64706
64711
64717
64723
64726
64734
64739
64744
64747
64756
64761
64763
64769
64773
64776
64785
64786
64795
64801
64805
64806
64813
64820
64823
64829
64831
64841
64843
64849
64854
64861
64862
64871
64872
64877
64881
64886
64892
64899
64905
64908
64912
64917
64922
64928
64935
64937
64946
64949
64951
64956
64963
64971
64973
64978
64985
64987
64996
65000
65006
65007
65016
65016
65021
65029
65036
65038
65042
65049
65056
65056
65066
65070
65073
65081
65086
65091
65096
65101
65103
65108
65115
65118
65121
65126
65132
65141
65145
65151
65155
65160
65165
65168
65176
65181
65184
65188
65191
65198
65206
65209
65215
65217
65222
65226
65234
65236
65244
65248
65251
65261
65261
65268
65275
65278
65284
65291
65295
65298
65304
65306
65311
65320
65323
65326
65336
65338
65342
65348
65353
65356
65362
65370
65373
65381
65385
65390
65391
65396
65403
65407
65416
65418
65425
65431
65434
65439
65444
65448
65454
65456
65461
65471
65473
65476
65485
65488
65495
65498
65502
65509
65516
65517
65523
65526
65534
65536
65546
65548
65554
65560
65564
65566
65571
65579
65586
65589
65594
65601
65601
65610
65612
65619
65625
65629
65636
65637
65641
65649
65651
65661
65665
65668
65675
65677
65682
65687
65691
65696
65705
65706
65716
65721
65724
65730
65733
65737
65745
65751
65752
65759
65766
65767
65776
65780
65786
65788
65796
65796
65801
65807
65811
65816
65821
65831
65833
65837
65844
65847
65855
65861
65863
65867
65871
65878
65881
65886
65893
65899
65905
65907
65914
65916
65921
65927
65931
65936
65944
65947
65953
65958
65965
65966
65976
65981
65984
65989
65992
65999
66005
66008
66013
66019
66024
66026
66034
66037
66045
66046
66053
66056
66063
66068
66075
66080
66081
66090
66091
66099
66104
66111
66116
66117
66124
66128
66134
66138
66144
66150
66155
66156
66161
66171
66176
66179
66182
66187
66194
66197
66204
66207
66216
66220
66226
66230
66232
66239
66246
66250
66255
66258
66264
66266
66273
66276
66282
66290
66292
66299
66301
66309
66316
66317
66326
66326
66331
66338
66346
66348
66353
66356
66366
66369
66373
66379
66384
66386
66394
66399
66402
66411
66412
66417
66425
66426
66434
66437
66445
66447
66453
66458
66463
66471
66476
66476
66481
66486
66493
66498
66504
66508
66514
66518
66524
66529
66533
66538
66544
66551
66554
66561
66563
66570
66575
66578
66584
66590
66592
66596
66604
66610
66611
66616
66623
66629
66635
66637
66646
66646
66651
66658
66665
66669
66671
66681
66686
66688
66696
66700
66701
66706
66714
66720
66724
66726
66732
66737
66746
66748
66756
66758
66764
66770
66772
66779
66785
66786
66792
66797
66802
66806
66811
66820
66824
66827
66832
66838
66843
66846
66851
66858
66866
66868
66871
66878
66885
66891
66894
66897
66905
66911
66915
66919
66925
66929
66936
66939
66942
66950
66953
66958
66962
66970
66972
66981
66984
66989
66991
67000
67006
67010
67012
67021
67021
67028
67031
67037
67042
67048
67056
67057
67065
67066
67076
67081
67084
67089
67095
67100
67104
67108
67115
67120
67126
67126
67135
67136
67144
67150
67156
67158
67165
67171
67176
67180
67182
67190
67192
67199
67203
67211
67213
67216
67225
67227
67236
67241
67246
67246
67255
67261
67263
67270
67275
67276
67283
67287
67292
67300
67304
67309
67314
67317
67325
67326
67332
67340
67342
67351
67355
67360
67365
67367
67375
67379
67381
67391
67393
67398
67401
67409
67413
67420
67426
67428
67433
67441
67441
67448
67453
67456
67466
67470
67473
67479
67482
67490
67493
67498
67506
67508
67512
67521
67525
67529
67531
67537
67544
67548
67555
67559
67565
67568
67571
67577
67583
67588
67595
67601
67602
67609
67614
67618
67624
67628
67631
67637
67645
67646
67654
67660
67665
67671
67673
67681
67682
67688
67696
67698
67705
67706
67711
67719
67725
67727
67736
67736
67745
67746
67753
67757
67763
67770
67773
67779
67784
67790
67794
67799
67803
67810
67813
67821
67823
67826
67834
67839
67841
67850
67855
67859
67863
67868
67872
67878
67885
67888
67891
67899
67906
67906
67914
67917
67926
67927
67936
67939
67941
67951
67953
67958
67965
67968
67973
67977
67986
67987
67995
67996
68004
68010
68014
68018
68026
68027
68034
68038
68045
68050
68051
68057
68063
68066
68075
68080
68082
68086
68095
68096
68103
68110
68115
68116
68124
68127
68133
68139
68145
68148
68156
68158
68162
68171
68173
68179
68184
68188
68195
68201
68206
68207
68215
68216
68222
68231
68231
68237
68244
68250
68252
68260
68261
68269
68273
68280
68286
68289
68291
68298
68304
68311
68315
68316
68322
68328
68336
68341
68345
68350
68356
68361
68362
68370
68376
68381
68385
68391
68394
68399
68406
68411
68413
68417
68426
68427
68434
68441
68443
68447
68456
68456
68464
68471
68475
68479
68485
68488
68496
68497
68501
68510
68515
68517
68521
68529
68531
68537
68542
68546
68553
68560
68566
68568
68571
68581
68582
68587
68592
68598
68606
68607
68611
68621
68623
68627
68635
68636
68646
68648
68656
68658
68664
68667
68676
68678
68683
68690
68691
68698
68702
68707
68715
68719
68721
68726
68734
68739
68744
68749
68751
68761
68762
68771
68776
68780
68785
68786
68794
68799
68805
68806
68812
68821
68824
68829
68836
68837
68842
68848
68852
68857
68866
68870
68875
68878
68886
68891
68893
68901
68903
68906
68914
68918
68921
68929
68936
68936
68942
68946
68952
68961
68964
68967
68974
68978
68986
68988
68993
69000
69002
69006
69014
69019
69026
69029
69035
69039
69045
69049
69054
69061
69066
69071
69072
69078
69083
69091
69096
69100
69103
69106
69112
69120
69122
69129
69134
69138
69145
69148
69154
69157
69166
69168
69175
69177
69184
69191
69191
69198
69206
69207
69211
69218
69222
69226
69232
69237
69243
69247
69252
69261
69264
69271
69272
69277
69281
69287
69296
69296
69302
69308
69315
69317
69326
69328
69336
69341
69344
69351
69351
69357
69366
69369
69375
69379
69385
69388
69391
69400
69406
69409
69412
69416
69423
69428
69433
69440
69446
69447
69453
69456
69463
69468
69473
69478
69482
69488
69491
69497
69504
69506
69515
69516
69523
69528
69532
69538
69545
69546
69554
69561
69561
69566
69575
69576
69584
69591
69592
69597
69605
69609
69611
69620
69623
69628
69631
69640
69641
69650
69653
69661
69664
69670
69672
69679
69683
69688
69694
69697
69701
69711
69715
69720
69723
69729
69736
69740
69741
69749
69751
69761
69761
69769
69776
69777
69783
69788
69791
69799
69803
69807
69814
69820
69821
69826
69833
69836
69842
69848
69852
69858
69862
69871
69874
69881
69886
69889
69896
69900
69902
69906
69911
69916
69921
69931
69934
69936
69944
69951
69951
69961
69965
69968
69974
69979
69982
69987
69996
69997
70004
70009
70011
70018
70026
70029
70036
70036
70043
70050
70055
70058
70066
70069
70071
70078
70081
70091
70091
70100
70105
70109
70116
70121
70123
70127
70131
70140
70142
70147
70152
70160
70166
70171
70172
70176
70185
70191
70192
70196
70201
70208
70211
70217
70221
70228
70235
70239
70244
70248
70252
70259
70264
70269
70274
70277
70286
70291
70294
70300
70303
70308
70313
70316
70322
70328
70333
70341
70341
70351
70353
70361
70366
70371
70372
70378
70381
70387
70394
70399
70403
70411
70411
70417
70424
70427
70432
70441
70445
70451
70454
70457
70462
70467
70476
70477
70481
70488
70492
70499
70506
70511
70512
70518
70523
70527
70532
70540
70546
70551
70556
70561
70562
70570
70573
70581
70584
70590
70592
70600
70603
70608
70616
70621
70623
70626
70633
70639
70641
70651
70654
70659
70664
70667
70673
70679
70686
70689
70694
70701
70703
70707
70711
70717
70722
70726
70733
70737
70743
70747
70756
70761
70762
70768
70772
70777
70782
70790
70795
70797
70802
70810
70815
70816
70822
70831
70832
70836
70843
70848
70855
70860
70862
70866
70872
70878
70885
70889
70893
70898
70906
70908
70913
70921
70926
70928
70936
70941
70942
70946
70951
70959
70962
70971
70975
70979
70982
70988
70991
70999
71002
71007
71016
71017
71023
71029
71031
71040
71041
71046
71051
71060
71065
71071
71075
71080
71084
71087
71095
71100
71104
71107
71116
71117
71121
71129
71135
71139
71144
71149
71153
71160
71162
71171
71174
71179
71182
71187
71194
71201
71206
71209
71212
71218
71226
71226
71236
71236
71241
71247
71255
71259
71264
71266
71272
71276
71281
71288
71293
71296
71304
71307
71311
71319
71323
71330
71333
71337
71341
71348
71353
71357
71365
71370
71372
71381
71384
71387
71392
71401
71401
71411
71414
71421
71426
71428
71434
71439
71445
71451
71454
71460
71462
71468
71473
71478
71485
71491
71495
71501
71506
71509
71516
71520
71525
71530
71531
71540
71545
71551
71552
71561
71566
71567
71573
71579
71585
71588
71593
71596
71605
71611
71614
71620
71623
71629
71631
71640
71645
71649
71656
71660
71664
71671
71671
71679
71684
71689
71691
71697
71706
71711
71716
71716
71724
71728
71732
71737
71745
71746
71754
71756
71765
71770
71775
71779
71785
71789
71794
71796
71804
71808
71815
71821
71821
71831
71831
71838
71843
71851
71853
71859
71862
71871
71873
71881
71884
71888
71896
71897
71906
71909
71914
71921
71923
71929
71931
71941
71944
71948
71955
71956
71961
71967
71976
71979
71985
71990
71992
72000
72003
72009
72014
72021
72023
72028
72032
72036
72046
72047
72052
72059
72064
72069
72071
72076
72086
72091
72096
72100
72101
72107
72113
72121
72124
72127
72132
72136
72141
72149
72154
72158
72163
72167
72171
72181
72184
72188
72194
72196
72201
72208
72214
72217
72225
72226
72236
72236
72242
72249
72251
72256
72262
72267
72273
72281
72284
72290
72292
72297
72304
72306
72315
72319
72321
72330
72333
72336
72341
72346
72353
72360
72365
72366
72375
72377
72385
72390
72391
72396
72405
72409
72415
72416
72423
72430
72436
72439
72441
72449
72452
72457
72465
72470
72471
72477
72485
72490
72494
72501
72501
72511
72511
72519
72522
72529
72531
72540
72543
72549
72553
72561
72566
72571
72576
72578
72585
72591
72596
72597
72602
72606
72614
72617
72625
72626
72636
72641
72641
72647
72655
72657
72665
72671
72673
72680
72684
72689
72691
72701
72705
72710
72716
72721
72721
72727
72733
72741
72744
72751
72754
72757
72761
72769
72776
72781
72785
72791
72792
72799
72806
72809
72816
72818
72824
72831
72836
72836
72845
72850
72851
72856
72863
72870
72871
72879
72881
72886
72894
72901
72902
72911
72911
72920
72925
72929
72935
72941
72944
72949
72954
72956
72961
72970
72974
72980
72983
72989
72992
72999
73005
73010
73013
73019
73026
73029
73031
73040
73046
73048
73055
73059
73062
73069
73074
73081
73086
73087
73092
73097
73102
73107
73112
73118
73124
73130
73135
73140
73141
73147
73154
73160
73164
73168
73174
73176
73182
73191
73195
73198
73201
73207
73211
73216
73226
73230
73234
73240
73245
73250
73255
73261
73264
73271
73272
73276
73282
73287
73295
73299
73301
73307
73316
73319
73326
73327
73332
73336
73345
73351
73354
73359
73364
73370
73373
73378
73381
73386
73394
73399
73405
73406
73411
73421
73425
73429
73435
73438
73446
73447
73454
73456
73463
73468
73475
73478
73483
73490
73496
73497
73502
73508
73513
73517
73522
73527
73534
73537
73545
73547
73555
73558
73561
73567
73573
73576
73581
73591
73596
73596
73604
73609
73615
73617
73623
73628
73636
73636
73642
73647
73651
73660
73663
73670
73672
73680
73682
73688
73693
73698
73706
73707
73713
73716
73722
73731
73733
73738
73743
73747
73755
73758
73765
73770
73771
73778
73781
73788
73796
73798
73803
73811
73815
73820
73824
73826
73833
73836
73845
73848
73856
73861
73866
73871
73871
73876
73883
73890
73895
73901
73905
73907
73916
73918
73925
73926
73933
73937
73943
73950
73951
73958
73962
73966
73976
73978
73983
73991
73992
74000
74002
74009
74014
74021
74024
74029
74034
74036
74042
74048
74052
74060
74063
74069
74073
74078
74081
74089
74095
74101
74103
74110
74115
74116
74123
74128
74135
74138
74144
74151
74153
74157
74161
74171
74171
74180
74186
74189
74196
74201
74206
74208
74213
74221
74225
74227
74236
74240
74246
74248
74253
74256
74261
74266
74271
74280
74282
74286
74294
74296
74301
74308
74314
74320
74326
74326
74333
74338
74345
74348
74354
74356
74362
74370
74375
74377
74383
74388
74396
74400
74403
74409
74413
74420
74425
74427
74433
74439
74444
74446
74454
74457
74462
74469
74475
74477
74482
74488
74495
74498
74502
74511
74516
74518
74524
74526
74533
74536
74545
74547
74554
74559
74563
74569
74576
74576
74583
74588
74591
74600
74604
74606
74616
74616
74622
74629
74631
74639
74644
74650
74654
74658
74665
74666
74672
74676
74682
74688
74692
74696
74706
74711
74716
74720
74726
74731
74734
74739
74744
74751
74751
74760
74766
74770
74775
74781
74785
74791
74796
74799
74804
74810
74813
74816
74824
74827
74834
74838
74842
74851
74853
74858
74863
74867
74874
74879
74886
74888
74894
74897
74901
74908
74915
74916
74926
74929
74936
74940
74943
74950
74953
74956
74966
74969
74974
74981
74984
74988
74991
74999
75001
75006
75014
75021
75021
75026
75035
75040
75045
75047
75053
75059
75061
75070
75074
75078
75083
75088
75094
75097
75106
75106
75114
75121
75124
75126
75131
75138
75141
75146
75154
75161
75162
75171
75173
75176
75181
75191
75192
75197
75206
75211
75215
75216
75221
75228
75231
75239
75244
75249
75253
75258
75261
75266
75273
75278
75281
75287
75294
75297
75304
75308
75313
75321
75325
75326
75332
75338
75346
75350
75351
75360
75362
75368
75376
75379
75382
75389
75394
75401
75404
75408
75412
75420
75426
75429
75436
75440
75444
75448
75451
75456
75461
75470
75475
75477
75485
75490
75492
75500
75502
75510
75513
75520
75524
75528
75533
75540
75542
75549
75551
75561
75563
75571
75572
75580
75583
75589
75595
75601
75603
75607
75612
75620
75621
75626
75633
75640
75641
75651
75654
75660
75661
75670
75676
75676
75684
75691
75691
75698
75701
75710
75715
75719
75722
75727
75733
75737
75746
75749
75753
75758
75763
75767
75774
75776
75783
75787
75793
75799
75806
75808
75811
75821
75826
75831
75836
75837
75845
75848
75851
75857
75862
75870
75874
75877
75881
75887
75895
75900
75903
75906
75916
75916
75921
75930
75933
75939
75944
75948
75955
75958
75966
75968
75975
75978
75984
75990
75996
75997
76003
76009
76016
76019
76022
76029
76031
76040
76045
76051
76051
76061
76065
76069
76071
76077
76081
76089
76096
76100
76103
76108
76115
76119
76125
76129
76134
76136
76143
76146
76156
76156
76161
76171
76171
76177
76182
76187
76191
76196
76202
76211
76212
76216
76221
76228
76233
76239
76242
76247
76255
76258
76261
76268
76274
76280
76284
76290
76296
76297
76302
76308
76313
76318
76324
76331
76331
76338
76343
76349
76352
76357
76361
76368
76373
76381
76382
76391
76394
76397
76406
76411
76415
76418
76423
76430
76434
76440
76443
76451
76452
76459
76466
76471
76476
76476
76485
76490
76496
76499
76506
76510
76515
76516
76525
76528
76533
76538
76543
76551
76553
76558
76565
76571
76572
76577
76583
76589
76592
76600
76606
76609
76614
76617
76622
76630
76633
76639
76643
76650
76656
76656
76665
76670
76676
76678
76682
76687
76693
76696
76701
76711
76714
76716
76721
76729
76734
76738
76741
76747
76751
76756
76763
76768
76775
76781
76781
76787
76793
76798
76805
76806
76814
76818
76826
76826
76836
76836
76846
76848
76853
76860
76862
76868
76872
76880
76886
76889
76892
76899
76902
76907
76915
76920
76922
76927
76931
76936
76941
76950
76955
76961
76964
76967
76972
76976
76984
76991
76994
76998
77002
77008
77013
77017
77022
77030
77036
77039
77044
77051
77053
77060
77063
77067
77073
77080
77081
77088
77096
77097
77101
77109
77114
77118
77124
77131
77133
77136
77143
77150
77154
77158
77162
77170
77171
77180
77185
77190
77194
77201
77203
77210
77215
77217
77221
77228
77232
77239
77241
77249
77256
77256
77262
77270
77274
77280
77283
77287
77296
77301
77306
77311
77316
77321
77323
77330
77335
77341
77346
77351
77355
77356
77364
77367
77371
77377
77386
77389
77394
77401
77403
77409
77412
77421
77423
77428
77431
77437
77446
77446
77453
77457
77465
77468
77473
77481
77481
77487
77492
77500
77502
77509
77513
77519
77522
77530
77531
77536
77542
77549
77556
77559
77564
77570
77575
77577
77583
77589
77596
77601
77603
77610
77616
77620
77626
77627
77635
77638
77641
77651
77654
77656
77663
77669
77674
77681
77684
77689
77693
77698
77703
77707
77711
77718
77721
77731
77731
77738
77744
77747
77756
77759
77762
77768
77774
77781
77785
77786
77793
77800
77803
77811
77811
77818
77822
77827
77833
77836
77842
77848
77853
77861
77865
77871
77874
77880
77884
77891
77893
77899
77906
77907
77915
77920
77926
77929
77934
77941
77942
77951
77952
77960
77961
77966
77974
77981
77983
77988
77994
77997
78004
78008
78016
78019
78024
78026
78035
78041
78044
78050
78051
78061
78066
78068
78076
78077
78081
78091
78092
78097
78106
78106
78114
78116
78125
78128
78132
78137
78143
78151
78151
78156
78166
78169
78176
78179
78182
78187
78194
78200
78205
78206
78215
78221
78226
78231
78234
78240
78244
78248
78254
78261
78262
78266
78274
78277
78285
78291
78291
78301
78306
78309
78316
78316
78323
78327
78332
78336
78345
78350
78353
78360
78366
78366
78376
78377
78382
78387
78393
78401
78402
78410
78416
78418
78425
78427
78433
78439
78443
78446
78452
78460
78464
78468
78473
78479
78486
78487
78496
78499
78506
78509
78514
78520
78522
78527
78534
78537
78543
78551
78553
78559
78563
78569
78575
78576
78584
78588
78595
78596
78606
78607
78613
78617
78622
78631
78631
78638
78644
78651
78655
78656
78665
78671
78676
78677
78685
78686
78693
78696
78705
78711
78715
78716
78723
78729
78734
78739
78741
78749
78752
78761
78763
78770
78776
78780
78784
78791
78791
78797
78804
78806
78816
78818
78826
78826
78834
78839
78844
78851
78854
78860
78866
78870
78873
78877
78886
78891
78893
78896
78903
78908
78916
78921
78926
78928
78934
78941
78943
78947
78955
78959
78962
78966
78973
78980
78983
78988
78992
78997
79004
79008
79014
79020
79022
79026
79036
79038
79041
79049
79051
79059
79066
79069
79071
79077
79081
79086
79095
79100
79104
79107
79111
79120
79125
79128
79136
79139
79145
79148
79155
79157
79161
79169
79173
79177
79186
79191
79196
79199
79201
79211
79214
79218
79223
79230
79234
79240
79241
79249
79256
79257
79263
79270
79274
79281
79284
79290
79295
79298
79301
79309
79316
79317
79323
79327
79332
79339
79344
79351
79352
79358
79363
79369
79376
79378
79383
79387
79396
79400
79406
79407
79414
79417
79423
79427
79436
79438
79444
79447
79455
79457
79464
79466
79474
79477
79484
79491
79492
79497
79502
79508
79513
79519
79523
79531
79531
79538
79543
79550
79552
79559
79563
79571
79573
79579
79582
79591
79592
79600
79602
79607
79611
79621
79623
79627
79632
79640
79642
79647
79653
79657
79662
79670
79676
79679
79681
79690
79694
79701
79702
79709
79711
79718
79723
79728
79733
79737
79746
79749
79756
79759
79761
79767
79775
79776
79782
79791
79795
79801
79803
79807
79816
79817
79824
79830
79836
79839
79846
79848
79855
79861
79864
79868
79871
79881
79885
79886
79893
79901
79905
79909
79913
79918
79926
79930
79932
79936
79942
79948
79953
79960
79963
79970
79976
79980
79983
79986
79996
79997
