6880
17481
75866
74309
49115
15932
27203
61736
9517
93603
99198
89127
96518
45060
70444
86346
6619
29141
49881
2340
90766
61483
52692
24825
83573
6131
83839
99733
91442
72768
95653
92937
65293
30690
95870
20681
79577
3038
85811
75125
25069
89378
99519
22021
76015
62038
53708
24346
7405
10152
85185
63994
4324
17207
9852
81251
94923
75418
99890
84504
45907
39037
91230
30128
53632
44837
11571
26510
90419
1562
17895
11214
46726
45037
25819
55634
36282
44856
24586
73475
16502
84237
85380
58644
39869
90327
70213
10650
49365
77592
50719
23139
31891
37599
33727
62145
39821
88543
35871
70190
21875
57040
41185
96175
51588
1590
44591
7180
2670
39651
74376
27512
45603
76649
45991
99961
18045
25105
53817
11414
82820
55046
5903
12303
68063
8238
70640
79679
80536
23371
1376
56252
14218
995
62864
77276
62549
1997
24892
25415
98003
4376
13266
78763
7117
84222
82389
81601
8346
15579
54282
43323
83186
9577
76383
54033
83408
49732
51179
49843
67447
54966
7849
99684
31181
65722
19621
99001
75349
67454
7896
88259
14624
29299
52932
44631
24927
5319
81110
78725
21242
61981
53973
51843
1032
10757
13309
58994
38855
79788
60562
34718
85014
6167
5331
90633
72166
67715
55738
15517
70252
26852
41235
92791
90375
98130
13094
42062
60296
71884
47559
58844
63225
48253
81423
69886
84117
42194
50603
32027
4362
34805
84990
16410
13895
80817
77640
60750
1970
43169
5335
7941
19604
74571
74980
41151
28141
95027
51025
55838
57134
4051
82452
65298
14356
19591
879
65601
62353
75963
52847
63220
52820
14081
93026
11634
25157
56259
14440
5069
4594
46205
55153
71137
67494
34890
89313
11060
8794
37157
86634
6924
96113
83946
69391
98926
23005
67909
39083
1227
83078
74024
48697
26851
97340
4051
10219
63591
20804
37106
64011
76089
48652
86124
49939
20925
89553
22492
73768
32025
922
62067
88627
50836
482
64293
53026
33827
19291
68308
10323
59092
72480
5821
29945
30401
65119
91071
69384
85817
98845
47916
37167
46413
46870
82424
1238
1133
12793
52585
39020
67076
46653
44826
3552
56946
38042
23300
3090
58155
55370
60855
8755
34017
61953
46260
3452
28342
40294
30940
4478
83361
18405
20406
77407
36730
67778
75457
61694
56363
27879
6632
68303
36449
86072
63586
55760
28368
91429
34880
48521
8979
38540
92721
36837
74558
99179
48540
84052
86688
94919
64120
97591
22163
76714
49496
88929
74753
76221
47500
43456
82977
71974
48992
9006
9800
68185
65546
74602
29046
74512
85834
8047
29410
22690
38838
65254
73860
71700
66612
51300
28615
13816
31640
75588
30724
50269
46772
12420
65608
84832
8160
29539
28694
93708
41547
54774
6713
3089
55695
58638
34617
55228
70395
12980
914
62252
26257
47624
7578
69572
50409
3861
17765
28129
64579
35894
378
77120
86165
59269
13160
47551
78251
34913
54909
5501
27208
88047
44713
6597
52209
90377
59792
37387
47059
71038
35348
69484
66611
8654
35471
78999
81579
27873
42043
35801
72999
40628
31715
79279
53037
14665
97981
87229
27384
11314
40820
98048
39987
44765
73296
49382
67948
34136
65999
82101
94159
23239
67428
3336
92698
85132
59031
75076
22633
97089
40785
87535
66860
12909
78954
34070
7083
21848
63167
99277
8028
67209
86908
83840
12306
66220
57704
7768
46841
16701
58432
82432
42416
14421
78982
73550
53245
58367
18291
36552
61328
75956
1425
19032
18679
93201
80435
41488
44210
48118
27853
69820
32805
50969
91334
34646
37630
16063
64074
21745
76890
75059
24536
54426
18972
24312
45439
31883
9553
10444
72888
54822
31340
17562
25849
82405
19205
84237
95234
62795
80992
84899
94754
68487
40163
99385
82572
32468
92808
79052
37303
24954
92788
85462
53430
61616
46620
13869
85886
76364
3178
24064
83996
61353
20882
64640
5997
12187
40522
16709
13808
72359
81510
12373
40484
56655
16037
33130
58296
13350
5919
11613
98698
72606
89927
15936
5573
65743
73609
19562
23224
9738
23454
29251
42417
68279
22955
7116
1840
38821
39309
33871
43427
48390
48882
26900
25497
53569
44074
30895
92055
41530
87491
56734
12515
99371
84479
33382
42581
76956
32879
1067
67836
98389
74030
62227
63548
65344
18145
10812
87256
42167
9396
28424
79933
50862
46878
77750
82471
23258
60126
20891
79406
81603
90547
95611
28394
2370
19705
38622
1532
9436
66994
84897
42191
35093
71904
44201
12870
36706
71068
33385
41974
20411
59466
75499
45816
43926
85846
34479
98505
47914
29104
77798
86656
14837
76809
71233
81217
93689
7323
50192
8022
15082
81194
51843
55443
85926
14335
4410
58639
42004
83875
51162
31174
3979
33595
41080
84901
76937
21720
55877
22408
99304
91245
14732
20930
75052
20932
51682
16654
66224
94005
44804
68539
85939
25535
50528
4108
23324
66460
8176
65095
15020
37160
83860
2880
78844
38786
83844
58374
26866
21060
57159
80169
55814
51099
50386
65170
9524
75972
28936
55263
59661
43634
2530
57593
68369
48561
82771
63868
69787
81681
24398
20443
2537
1769
10225
73535
80474
4713
9642
60835
71061
44878
19396
16900
600
55511
47908
65943
70007
86207
64183
97929
92428
96004
23171
23649
9628
435
68651
85205
37508
68092
31714
23223
66070
65971
43427
99332
48853
47411
25682
49704
53207
23711
9310
36495
1463
15360
34079
30908
83360
31076
76311
54243
14201
92360
78205
62727
38699
41994
54370
40220
86887
31877
37241
79581
41352
69541
34475
57550
88388
5574
12623
23915
41843
15872
72360
79911
1187
10664
89674
1448
60647
59235
60301
93749
69174
13980
154
35519
37537
31987
17895
83614
38667
50619
70031
61708
1881
84229
68153
26098
30984
44127
47525
79260
25867
31049
60495
23528
98435
61284
2884
633
96210
8862
37178
48545
3080
10922
70676
72493
1367
57329
43641
96744
90027
87833
96248
24854
90367
37130
3765
82979
16012
50493
22301
21592
24877
51097
28691
33506
24799
35465
98061
25641
70737
35919
48424
6561
36006
25442
30188
77001
61325
62463
96176
41447
24801
76156
48313
24242
27474
6313
29175
63775
4238
41659
40990
76972
23790
91124
1081
93361
94865
73700
60915
81894
3375
59965
72484
27866
26205
89900
93375
79177
4840
12159
60878
48966
18994
74335
33039
10544
14878
31542
64416
64256
15453
43770
1805
14877
39898
69565
6766
29883
8377
28127
51643
14854
93260
78384
1505
22360
50147
6432
78111
57634
23159
39952
10002
22568
35566
4709
32728
50872
45519
32187
99719
93245
56963
84198
63504
33569
46045
26443
68754
72922
89538
48263
52504
1704
43891
16949
36408
39122
60237
37943
19995
75742
47319
27350
72696
55722
75322
4377
26557
89983
80423
84475
79245
90122
85257
93843
74237
74264
96989
51906
65808
59042
69434
18818
65370
79471
45890
76502
29314
8553
26921
64157
33205
69019
75107
87388
79768
68255
1263
17044
808
24076
49381
47919
66414
56642
88381
44785
7305
36756
29386
37559
95610
65260
30897
25658
14911
30353
65023
25472
81512
76592
55031
55332
26921
4308
71781
70736
52838
78472
57235
45924
65168
39606
81949
73539
68362
5006
40687
20662
3428
97508
2165
72894
76959
67157
3110
45031
4483
63882
5062
26896
81800
53234
48829
19387
29951
89461
50217
98411
15926
73804
58255
58084
90435
82265
19715
34935
1269
7058
31807
33749
652
14028
48686
30082
2846
84708
17958
848
66468
28692
31206
20116
99699
64509
68379
91811
68850
10982
1452
44450
50323
74515
82944
55929
73607
93852
21833
13499
998
4046
88282
13732
71239
52263
5750
84700
31832
29123
75959
35282
46055
4562
24230
66603
14907
69416
22782
99680
4872
71903
90763
89150
31018
94691
76714
66915
88345
37375
44494
21891
25931
82784
80124
27710
99866
75100
38123
3542
97421
39709
66715
77541
44615
64728
78412
74692
87912
22638
68307
10670
58815
26349
89877
84364
59572
5491
675
35581
45353
11810
11585
65139
75893
70158
37061
52744
18743
93111
51645
36034
56345
70621
21493
88158
82344
18402
58938
16825
3380
90965
1914
15400
33249
63168
85665
91835
55318
34977
54348
62135
15188
50880
27996
6735
46050
58457
18716
74639
71116
84838
31715
36585
45734
26971
4841
95970
71657
44950
89439
83181
81128
50791
79257
61791
51372
94554
69145
2259
93325
49272
93145
68462
84041
6924
34551
39462
54122
41509
37007
12553
12505
90956
35855
20697
79107
27253
65623
97168
98327
460
92041
97539
89487
8456
59690
67470
21444
54860
58774
64369
38586
47767
55869
49885
94281
55048
68186
90144
91727
18830
55775
15184
69156
21595
97200
17103
43860
80218
1019
48228
84590
34039
75884
43015
88788
59180
29802
80671
63274
71123
65607
82695
46817
39103
69925
21904
71568
3259
76780
66928
24830
34954
81243
52007
48415
51574
44258
84514
85738
1829
4679
27221
95751
48362
36320
1856
84231
28913
11169
95177
25794
69659
88538
74701
64133
66959
20954
64012
47695
14285
27532
5189
44011
10096
92641
15819
26626
188
15649
29648
19872
23306
33156
70368
18209
41900
95676
79864
34004
16184
44767
66235
67095
1295
29380
70294
44861
32091
99336
89014
54253
76952
13369
53384
67721
36672
59403
72319
13669
32431
28754
91886
33506
44788
76365
99429
8815
54340
89436
41403
22643
47766
73439
97787
34267
19935
40322
26548
46765
16719
82231
5527
46882
44767
22097
97560
32035
8024
22133
86900
83400
55006
41370
41636
16706
3130
50638
60254
50506
43666
41225
70570
66040
66218
88979
42117
98553
28728
19469
13009
34474
3910
6513
64737
32356
60272
96158
511
64938
99911
14656
7479
47057
31084
69976
92540
5532
45189
92646
43690
36375
16221
17170
56246
82251
76498
48482
60753
17431
8101
28277
39310
84872
55083
40397
42788
28916
81675
61972
97647
30848
34751
81097
7582
25737
6643
47111
80344
55429
64953
48970
53693
57019
12564
97852
44927
94296
67181
98040
4141
86488
87664
59664
71953
80603
66243
46059
34571
68703
75059
6505
90258
22043
76843
51867
61570
84215
55245
58147
61432
25146
35712
15181
73350
39633
53277
2010
48836
72816
89265
29562
82253
1759
50019
62006
18825
62994
76436
87794
44466
79072
58080
7140
86956
14035
746
77468
13472
38727
24982
28945
95605
84620
49090
26739
39572
98433
63569
89717
87390
54670
97223
83264
2848
61853
91178
96093
29001
91864
38239
20805
62656
46548
86783
18839
40338
15001
62549
13410
78946
19746
24788
29416
4047
89798
22179
84924
77331
38818
87274
24608
54312
94213
26320
58507
94866
96887
99392
54439
78642
54038
95503
59249
19117
81254
42578
29299
59683
90914
10862
15089
16179
3434
84623
65603
30355
74341
43100
66744
91979
33483
53672
38064
2920
36543
99951
19872
8776
89701
14556
22743
24983
21902
36426
99636
55075
40415
41814
72968
66164
26149
5742
90711
39422
17048
62422
50345
18806
81960
42163
74770
78930
36715
28667
95410
13618
29646
96602
25481
36509
69969
72494
61637
51172
95968
24080
49599
89505
65774
40086
54118
51298
30102
38582
24363
51165
34973
28975
56727
60877
56411
39262
36804
93092
34306
45212
15460
55530
70696
30039
47911
36439
58509
83742
43731
96730
26288
9728
65527
35912
36604
56459
61538
21460
90885
26189
71169
32424
84275
56702
43528
8375
15697
5022
88421
41628
45815
4659
74897
88861
95522
21523
25204
10042
89449
59113
68949
79103
53888
93468
10058
28965
79867
28213
51133
35692
6733
14284
68845
71952
90616
84803
53131
2136
92036
31279
86544
40771
13246
67370
78092
82453
31075
69574
8988
28553
21745
38021
65684
74364
89960
79184
21472
58441
54032
87689
5125
82863
22267
86346
10376
18646
42841
29146
27157
96783
54756
62197
43797
79810
4268
30366
18232
93481
59777
92573
94931
25031
76882
8104
13431
29793
16738
92283
51138
52658
19911
85572
18137
52577
89699
42663
11846
74554
77538
87560
64065
2251
8351
55030
91145
19188
10892
55341
13822
74903
96730
39424
35074
31027
39488
31258
9527
4056
23106
53521
91085
61959
78845
93490
643
79277
60320
61484
47357
2552
97307
89759
24687
96724
85131
54543
74099
86874
63287
60298
42232
74944
55225
72632
98435
86744
12835
48050
17205
70301
23574
11891
53375
7810
30638
36432
15000
10409
63901
85510
29993
88123
38524
88269
41334
84133
9498
36289
98897
61137
21285
14283
26032
56561
51719
45031
46795
17907
7663
12320
67300
89202
4438
75554
40515
99274
49040
52726
85938
14086
42584
2919
38735
79233
39416
98133
98769
61569
1079
54757
43572
41960
89419
26498
6881
51088
34601
41279
51860
36811
47451
16773
73080
69664
52688
54471
84533
91731
15185
26357
96922
93474
83497
32992
47122
90535
8887
94977
17676
90904
48217
99540
73325
43239
12807
5047
32793
44236
11770
9992
46119
45301
7603
95108
