93499
15465
88712
25212
822
62279
99782
11362
17939
56495
34570
36649
35033
70446
65293
60839
95881
4373
17456
36503
49652
48798
5904
64447
27890
6681
70027
66164
21297
96874
95256
20155
63440
32842
89062
88074
58922
35708
79659
80310
18976
86548
58702
72189
56718
46545
89055
17439
37684
58155
37760
38512
37885
78374
82882
84468
81321
15302
56984
45151
50664
21309
95334
83656
78845
10356
37499
45133
10295
54907
63391
40468
31871
23082
99717
26141
70218
70075
4591
42831
17721
2169
35861
88529
99595
68980
13093
58434
37614
86919
62159
31579
12792
6658
75112
8316
64016
55302
69393
21755
90562
73488
56367
82338
14872
58094
61771
92828
23255
11405
48638
68512
16807
71205
13494
32142
4765
97608
16950
96810
75372
19381
59980
22665
92800
37491
5071
36198
90883
99383
10531
54004
9280
11909
21767
34189
93181
73588
18509
5960
31471
15663
59205
16799
60383
23107
33963
91088
52878
55787
14402
71607
30014
51263
75533
58762
35628
59154
14016
46177
77901
84961
89412
71149
99520
37908
82653
36599
52983
86571
7144
72014
72199
9878
86373
68866
722
53403
47228
78973
60920
51849
18040
30376
64755
16416
99759
69947
63301
95270
8134
51189
31557
34235
19540
22241
38104
29166
26820
74326
92354
86320
53150
98289
62471
26778
98648
31340
1509
81844
72745
53584
48607
75808
82785
13841
76421
49424
47025
96279
73621
27069
70458
98849
18865
37586
57152
72059
48478
12136
64093
84813
50286
49019
42210
773
15802
43800
29854
17666
60846
73685
29504
5448
46121
12059
67464
96273
92870
51312
88054
3827
48750
89580
31763
26925
20592
81193
96746
52412
23792
17455
59965
72007
1747
69746
98863
18085
87823
74862
14900
45506
28598
96980
9713
17878
91378
79442
90710
64493
61780
93786
80743
62630
59370
87188
1268
69841
12807
5618
34880
76413
9421
5313
61552
92786
3697
52847
59758
7484
35725
96549
91423
70352
29761
16846
24175
49191
4664
70085
93419
17012
73761
95969
73301
72672
50065
85822
69171
87077
34062
66189
21425
54356
90052
9760
1350
81250
19537
44874
12739
78382
6618
52306
54772
46980
21346
99506
48089
39415
90282
84982
68136
86850
72626
13649
49734
56950
23743
14832
4752
64993
67956
24003
47499
40
52453
9409
72415
22266
49211
78801
86750
68692
85994
17973
83091
76573
31722
61934
65034
45554
30235
21822
1838
99319
21525
99109
14922
4891
65120
32560
91045
11832
74457
16905
39348
77334
49655
36191
34811
75805
90525
81000
34534
72359
68016
97323
45329
83970
29321
97886
69366
81021
47166
87178
39438
29195
30719
44280
45763
78105
87335
39898
75816
82134
14575
48074
17178
99739
18825
13267
56201
6611
44418
71829
8025
25565
63092
56980
13752
67362
50619
17920
76208
8797
29675
99835
81149
53369
38371
67586
84141
90249
35935
56654
8584
62602
78579
17065
29703
16315
58007
20961
42276
35278
31575
93409
80574
42955
18341
56969
28197
56445
57578
64716
52866
63179
38014
65900
70321
23772
71750
17355
49976
34805
103
47651
12599
14276
13473
84405
66336
74061
43605
71553
56544
91195
66796
41103
97853
91608
81845
75390
22568
18271
46
63273
7253
36004
41029
63480
68344
90979
2933
54435
39111
4530
67729
75077
4827
69164
89988
94411
12283
97088
73443
54433
2371
32666
1111
68386
43158
89447
56596
70258
2476
91274
7515
57629
41657
77964
28703
65233
53421
29642
32724
26423
98540
35885
76205
91432
82178
39236
20032
9544
87681
91161
69639
15758
34664
58695
24315
30395
50191
69225
39053
73739
11786
84895
98451
10379
49417
58917
14347
7116
23375
14639
40714
67862
29863
48477
89302
74432
9932
20998
36235
28573
70434
57172
81618
9721
80763
75977
81312
61880
29532
4928
96826
1698
52034
43636
19498
67242
71104
95930
20138
84698
43506
13010
61060
35649
40980
34348
39643
32704
83547
10493
70378
22573
66542
56391
96359
72829
99137
67266
27845
77209
50165
2563
75143
98935
95401
40168
70766
4856
98196
22675
84910
62147
8251
15695
16905
71824
99747
41668
24538
62030
70309
96853
88105
53897
40702
25424
70017
98608
52764
5280
42992
6208
45980
19436
60464
64245
80894
62313
18989
18199
4597
70116
44258
225
86562
86436
46782
32103
5127
58341
77350
5492
38999
93606
1192
35919
67354
50886
73749
51845
50781
80957
2372
7691
61813
57058
14613
21600
5212
96829
64337
85216
85782
87852
93202
23707
88497
43989
10596
64936
65008
37883
75543
27270
30389
28075
50991
19541
64098
47244
43276
30834
89019
73170
86279
52114
20
52962
13399
68657
14245
86447
7896
81947
24445
16680
35978
97510
69332
13102
35392
77298
28649
35304
21602
91649
27772
65541
60825
40261
9103
50290
41297
6345
6559
47524
49718
92546
54145
16302
33207
63588
95586
29643
2503
99187
81828
83200
25490
97011
635
43410
19239
42070
83002
84809
73685
71809
46279
50770
66846
37198
25939
11896
88175
11994
58378
85734
17030
91792
72883
15817
73047
91548
16455
24767
85365
24443
46769
90444
26315
88469
52391
67728
81626
30606
53309
82450
79336
71681
65477
94373
89595
880
35195
4397
75035
13412
12307
61611
66503
58807
95941
90506
4862
46541
9138
93755
45634
73026
86915
42142
57407
15584
22299
48983
41159
6687
20111
111
21715
13353
91793
13259
23637
27098
20478
45095
968
1532
3658
69483
35811
76871
49728
55179
33409
62823
61246
25363
88597
6325
84235
24389
57909
42559
31677
40146
9426
33993
31425
62334
54469
25944
96703
57521
79419
27175
90789
30532
78890
62211
48862
399
96213
46437
99279
67326
507
86887
75733
83659
22231
2516
45485
57476
25424
55573
78157
96114
55760
6486
4686
83569
34589
32067
84746
66354
94552
83154
13007
968
8124
53360
39829
2776
30609
88709
15586
29751
66210
88428
15806
43523
89513
17322
96785
77240
29362
15902
25709
34710
77444
14864
33105
8782
81989
73991
65297
13776
15128
5758
32098
99410
8251
62914
34174
92226
33951
85070
95453
23228
56363
17453
75911
30700
62400
87250
34128
41546
84891
32081
22551
92675
17219
54442
74755
3557
83418
68750
22830
83673
67585
52755
74476
45696
44560
74573
42938
8380
9743
75223
22333
14565
6556
78554
59545
1889
10515
6562
32167
53162
20687
22651
85199
31221
78037
78127
51173
57781
8629
94663
90482
34303
90825
45861
41207
24767
2929
54332
34079
53318
23980
8713
25311
27001
87653
99087
24304
92167
44755
94515
46467
21392
8352
26691
20418
97258
56815
99730
1136
32920
20940
43414
60994
68855
31158
78886
30568
86944
95185
64878
43628
16032
43639
25644
44493
47537
23207
70493
82254
37165
57905
93786
59729
33506
6219
98997
38214
95272
66625
24585
81154
82754
95983
24462
51309
95693
44530
73425
18281
99730
20472
65819
68409
12183
34222
51474
29794
20594
12286
66116
1180
48233
81945
3393
54465
12809
83843
5143
96473
54935
29163
75714
62357
25449
51428
31105
54680
26974
59928
88971
72337
4103
41059
21453
10298
45638
76858
32075
61181
6371
2574
72782
47767
30290
33051
88915
19523
68855
3851
38470
12976
34945
9456
57265
36837
72883
7067
52819
2548
51003
24831
36668
49951
23929
38431
39041
44498
91781
85621
55368
24387
28136
43627
86803
85290
32398
40262
43150
80906
66512
53548
65385
25243
70888
98690
78899
86141
31553
37623
13556
48811
66833
71565
27188
77061
82701
32616
35773
25248
55197
53835
89178
19781
29491
2610
79989
27129
52878
8095
23560
10462
39782
21418
8095
88185
18369
32150
5408
96392
96858
47907
70723
57814
23929
73720
9921
27145
78613
49641
10388
86307
46751
85676
87624
62517
93027
83154
78281
30822
61118
91923
59401
76508
49369
3157
26404
29761
33375
49152
47935
42335
18173
89350
88643
63508
7581
42081
42103
26474
76427
58568
34316
86014
91622
62960
48523
40048
68952
13249
15952
42162
60024
49252
12783
49644
43092
51424
87706
44366
48271
4886
80395
79333
31378
71507
2813
6108
7728
88901
77694
82501
2090
8705
43122
93835
81156
47010
93299
21493
37274
14071
51802
36398
20373
18276
89121
84364
22788
23805
13077
65341
98524
50772
98331
10567
95210
28123
72274
79842
28841
43932
24584
59289
50928
77799
65469
54253
85073
91499
2140
98710
52375
49502
91987
96448
8759
32127
98156
68007
73207
75617
16218
39611
52542
77380
79016
68026
2736
62602
2521
56884
90504
57468
92235
21874
39162
29701
17475
18209
93729
95977
59110
12951
59758
63273
27315
22345
30734
43283
15858
78791
72794
16417
61551
39061
14311
1896
29117
31318
25811
83074
26183
88820
18844
31769
26408
42026
32531
70342
38956
89329
53250
67286
92468
32572
73789
25029
51502
45775
96802
28114
73580
50484
81603
46167
18694
27442
1074
59741
33134
75453
84069
44475
22998
54572
10908
69637
75706
90703
77965
81597
40207
34996
80953
18235
25310
44135
34356
75465
34082
93863
43936
78343
70060
23602
81701
75981
46081
28773
29277
22979
53767
29127
78724
66033
87173
34802
8815
94705
233
67654
49509
29191
93216
14771
68204
97834
56468
80102
4002
47257
23108
15339
65517
42975
1806
81302
91104
27434
95685
64876
28441
88166
6572
91210
27803
33096
84778
4374
86758
54417
21187
45991
30640
30811
71658
18474
13665
23396
91164
17727
68367
29903
23297
59263
54981
97152
46586
36699
61014
58786
80792
91423
46847
6514
87090
95572
63621
90213
94241
51311
89774
16310
30923
73546
61741
96234
18506
79439
22555
36239
50779
59027
60622
414
89053
48548
70041
81331
59653
46204
93933
44109
55615
35593
82156
56797
22518
50381
76068
72687
36350
15369
86369
65677
47006
27307
1413
24242
52642
49086
7295
6110
69968
76447
593
18279
71116
89855
85897
54817
95456
45324
10748
54951
94655
26591
63865
7098
32984
76563
51141
44165
33601
16818
41223
5712
77257
32998
94623
23291
36188
40910
88751
97319
13389
18442
63812
61863
87111
22085
8264
42668
69157
69686
10176
56074
55019
83424
19371
45466
66880
19279
39234
87560
32330
46888
96296
30599
52896
92804
16459
91037
85662
85656
38984
38863
34435
24454
23001
68887
82561
65270
18967
71329
68835
92371
8358
6016
80260
80761
77461
93441
54257
42603
23552
92302
25601
36295
44372
65715
73659
51934
45305
71281
24010
52283
55615
76923
15495
52503
47761
99464
79584
95928
81311
36760
93422
59951
21869
88423
38959
98024
1362
1405
49466
41892
61726
47403
64302
32623
66640
10530
15742
77798
12418
20695
4745
69225
70080
37249
67437
32396
15183
43284
17233
23008
13484
19921
56739
73793
79287
86563
42537
91357
8412
45144
72739
48857
25216
34994
28221
2692
52435
68551
15153
61520
52088
87394
77651
1123
82889
57874
81433
42943
28951
69944
54750
52707
49210
9300
58941
29344
30235
34728
30443
93500
56624
15054
11331
14934
26047
31782
22880
16678
28580
80494
97769
31404
32366
71381
62447
57353
37633
24136
78157
31649
47221
78716
47329
50308
20864
15151
91685
39560
94931
90125
66836
20180
33943
66095
15402
46728
41830
2408
4975
83202
54579
81356
48621
73346
38915
12178
32792
90691
75224
35474
63751
31880
5243
66039
26886
78353
49295
61650
73899
97788
29553
59249
46525
80803
52926
58134
74206
8036
2956
17534
80600
53750
29990
99374
80930
77654
30989
70586
26309
5555
22840
19562
83741
21616
68142
88211
4690
71202
96677
99331
12775
79719
20085
44494
42607
69091
12025
42481
39038
73642
87477
95383
99911
11732
26086
72968
13474
45066
20213
88297
87426
40250
22677
89932
55892
40162
34551
37719
59202
57442
61948
95102
23265
33944
34599
31296
65335
34223
42391
95540
46856
36832
19290
31060
26471
57413
87797
13938
46803
82381
90585
20069
79455
16773
18288
1210
96201
58830
24231
20485
5444
65883
67857
97760
88706
8750
40847
12677
77611
9194
27215
11552
97919
32578
66243
37996
84779
3017
25470
96632
77868
59224
72780
43900
74337
67913
79451
99325
96532
7830
49873
82165
78399
55043
31137
8660
88376
83177
3811
42391
50249
27172
82942
84656
26437
32669
61962
33500
88873
57371
69080
81782
94387
99640
24868
99378
18166
12846
60194
40265
78377
68144
10282
82096
29646
14224
8239
59614
59280
63056
20655
21382
109
5387
51714
42202
23021
52142
48745
11076
34093
51676
76978
96810
68019
1713
89171
24934
51458
22765
15833
68208
47009
48796
66004
77315
26871
79584
53193
92617
63808
32167
90206
52081
67775
5134
64461
94922
26740
7869
89252
66743
35640
38529
97811
38275
68475
67497
43465
35428
64082
47583
52958
12375
63072
61784
91145
27771
84752
33987
171
8589
41038
51484
71468
8614
34009
85213
97626
83987
84547
73524
51024
45817
82737
52019
80097
45208
34104
92934
87961
78692
40720
40062
3488
32162
87569
68400
83168
38377
4172
688
55949
52724
84691
69023
63021
46117
75603
22995
78192
11030
23626
95004
17052
99732
81001
14578
98631
67710
71785
73042
61545
51472
7410
76499
18276
67792
84797
56588
76129
11083
41602
40894
67239
93014
89927
42208
43019
58560
50487
80390
79190
61463
38015
76361
90951
25108
57230
46977
7035
87386
68075
68372
38154
99308
54313
794
49715
46221
66739
91875
96369
6750
83924
76704
63902
15586
2883
74248
59260
15483
19625
37584
3954
85958
81437
79945
65045
60968
50395
47788
18276
78458
61491
90268
88436
14548
3889
89010
28404
18833
12032
79180
88296
30211
93058
21914
40502
24892
6936
90001
66807
12504
86117
11227
85707
59299
69454
21276
86764
61785
45240
19121
80016
95069
92168
46411
20757
84511
3604
94409
60366
49117
33451
92822
12708
68369
31
65595
39136
90197
12392
9496
6976
71197
89397
80317
43030
6343
45100
11017
5857
4091
53550
97082
33354
85351
24077
94524
4656
14953
77108
81726
52219
26939
18664
55131
57414
68251
30110
99221
94632
98719
71601
72595
12357
84689
52402
2877
42667
72154
9513
30920
66099
25087
4223
43657
1882
728
21623
6778
73541
47626
64930
13645
73741
38658
50771
14854
31454
36253
18495
36585
69477
51195
20353
261
88107
99778
56247
24200
89449
79465
54763
40442
83837
98530
56347
67262
73798
76648
55138
39746
42732
2151
14684
73086
26559
47993
27238
75800
37492
60882
26822
85373
58939
77592
49266
44140
22557
96557
95111
22608
53309
27426
19748
88546
78523
23824
79370
6639
79198
72770
128
7128
81884
82202
31027
22765
59242
80214
10883
63963
52149
56637
8731
94278
58901
15008
15046
67689
59208
69906
44882
58367
2849
63288
22519
57398
43576
3032
90354
99419
47970
62700
22596
33024
47943
43114
9702
31946
53422
92610
73699
94225
64286
47846
61653
27324
41952
33075
25962
13703
57189
18593
27846
18087
20135
14249
72644
31851
40189
91328
24858
71709
57479
92857
5752
74759
40535
86450
15948
99849
42958
35831
52801
43239
56828
343
21176
50166
91334
43989
71064
89602
33979
27941
52946
52842
98897
66011
49495
6650
67282
49433
6787
51890
37961
36800
96405
61838
94084
6586
37674
51098
90939
77391
22926
12380
62389
72014
50801
48672
48607
28515
44372
89023
47681
302
75688
71476
67652
42862
35496
97658
31952
84481
94974
88552
29136
91217
74462
13597
77728
77055
45204
97717
76564
88808
71850
38005
28610
86194
62308
3435
54693
72606
10015
49994
43217
68238
7871
96689
4083
96299
38387
45205
51495
4630
82145
3387
1711
99743
77030
3213
60146
8259
96589
97823
62479
83107
82112
73731
53354
39713
9402
84800
56804
42096
22062
42806
99463
65124
86543
71560
33790
43161
5284
23686
4766
70128
35768
52616
45847
91693
77694
80675
66769
70661
60262
64030
37172
96949
70776
38919
2074
82746
83065
68266
87635
17888
29459
81112
82308
88979
66823
53467
43916
23776
75435
10066
43749
74600
45094
70327
46190
66709
74180
291
22251
6527
23059
80098
95596
64616
18269
40216
48051
87745
1256
95071
89746
77473
84543
42590
63803
83822
34402
56636
6398
54992
12746
44998
52360
64353
18626
50922
3173
8915
80138
5394
18475
7875
85529
83026
70166
89863
43600
53430
30451
71497
50622
92465
96534
22032
72312
28093
92109
42423
2308
91108
50084
60328
92623
98437
90610
951
34535
65151
88910
23635
53933
92871
9019
26230
68577
61853
44585
86682
44408
83820
58030
88002
26859
78663
90787
37510
32932
49808
76192
97975
52327
84709
60569
87161
4563
73914
12157
68918
38680
37092
26028
50503
79108
25579
40200
47901
43363
29286
24830
20102
5712
74940
59234
49899
41527
57854
52079
81298
85699
7540
93191
70468
5617
88643
1240
75269
61096
10668
46798
82046
12312
1369
41620
68272
89599
64392
2963
10670
18818
96746
91239
36633
20336
6300
88540
75385
20381
13388
47891
27485
47694
71631
92757
66681
63408
19816
81271
83971
30536
87391
21878
21848
75859
21044
72934
31302
92416
59390
74972
51705
70354
81993
82772
94954
22199
62272
32518
52764
55317
70311
11154
82068
6285
70188
55432
95608
53298
56797
36899
90021
74568
44340
33845
76613
25641
89876
11548
88665
38535
62517
27758
31660
44317
8238
69107
94212
14119
66872
40447
67023
28134
41742
87404
23795
83753
70801
27414
61141
32808
15249
99186
37456
43540
2813
68193
37371
55575
86963
33195
75906
43318
16217
4282
68694
61944
89511
11590
88854
90921
45812
46099
44174
47262
28209
59895
40971
20551
75136
11958
9915
27491
10363
8126
35497
42193
8527
82909
74220
48386
54058
80554
84111
1676
41218
23713
40311
97676
4514
7333
34723
28196
42269
74754
43707
43868
98429
86674
41541
39838
9311
91513
3360
81834
71031
70453
84890
31833
58938
94120
73915
46568
51286
2627
95251
41144
7563
84297
22923
48267
57394
9845
71049
37899
78745
89496
11460
42120
51578
17082
66909
2599
88555
6221
49213
46082
95617
96744
16594
59989
64401
12989
30053
24323
86426
49514
81075
3488
82679
30076
86981
60752
95940
34088
99815
41734
98491
31962
78313
97954
39747
57280
51568
91212
52836
86663
18190
86238
35218
94022
39094
30471
5104
82802
68866
20093
83183
71904
65391
16294
66531
49706
4113
8372
63148
19589
1234
30832
84899
42724
19976
65969
41072
78767
61842
13894
66071
68519
35080
29250
82814
30576
16082
87025
56646
99278
18885
92752
16118
45915
87334
91149
683
83147
33870
18493
72273
89985
14749
34733
69408
30107
20325
2730
78343
88393
7571
77720
65316
30081
55518
20597
98503
47977
5104
28194
96001
97761
13307
75959
21199
25237
81580
94922
13554
29436
21365
93013
31706
73838
50610
98652
64975
87151
8815
42000
46822
25914
31397
36367
39661
751
14225
72898
80655
76040
55461
3070
46544
61841
33164
82692
87116
35907
1067
22896
70730
69148
20012
89014
16848
52197
29849
2560
3997
49646
18161
64398
86744
65283
64906
28114
21726
56635
61864
42026
53321
6766
23037
73329
27501
82569
66052
87825
65203
50114
73346
93762
3091
61439
54241
90234
23020
40197
76478
90361
15185
79967
55572
77707
41703
78817
93180
7472
43013
30750
54134
7361
95327
98534
56611
8526
57405
62886
91621
42592
11664
36744
75606
680
63304
35647
22682
75394
52232
8614
91072
43277
94600
23669
44580
81869
8341
14107
1555
89673
48958
55928
33051
10644
61485
54160
96150
46975
25705
12103
20139
40016
60249
52368
28683
30174
36766
43050
54989
59225
63093
41199
33065
89224
5745
47131
15748
18985
44661
5241
77871
30300
40495
51040
30742
63803
70325
76764
15876
44441
13557
85679
39829
148
13515
59817
88207
23129
78775
5128
77354
17454
10495
24979
54620
14194
35768
59440
74815
8563
90081
38133
80139
51219
88499
84690
22035
55306
71806
18448
75394
19801
9310
40172
75422
30877
81697
94483
86473
68824
87904
72032
9065
68989
8944
85132
75735
83933
68865
28389
35881
77915
34766
67940
44484
63846
71936
54833
54433
26756
12802
80646
60590
87710
51798
37879
44026
63801
29576
65683
38409
24565
65760
99809
65453
15884
22196
61142
56521
61880
2711
26216
10685
856
50977
52343
62473
31764
50107
32718
6859
97360
26308
88696
88121
82767
4489
50716
69674
46722
99858
79987
23432
83526
48810
87600
32229
94893
15448
53067
58233
7345
84350
75923
252
55576
1604
49471
60264
60179
48031
66200
5222
69962
78953
76097
5090
72665
80276
31682
50307
95169
68174
86498
3634
35566
78208
1958
38737
3220
50082
35976
86053
21056
50201
55978
30548
37076
56841
47236
33320
60124
50544
97778
87646
27103
87079
26253
61532
76066
20667
33337
84229
91954
97529
31061
14981
79960
60226
60901
25914
31471
8870
2847
12758
45493
16662
59067
99093
46458
30137
19994
15345
10685
96268
23491
11767
50773
48466
97854
36204
88705
22063
69946
7543
969
40791
69694
92566
90616
92482
25303
62360
55374
73466
67649
69623
31249
11743
81718
98858
44906
75102
35302
33256
11139
10581
3278
30338
67280
81045
14488
34498
94591
1759
51549
27842
71702
30995
91557
19881
82395
71764
81519
91433
18656
40324
69703
8800
57709
66002
32640
29698
79742
20264
98863
38761
21052
78175
14548
56516
84088
65339
94296
56382
53202
20263
79212
56328
41489
72180
20971
22429
94462
58460
58558
39886
12078
43200
42922
61420
97205
10456
81565
23353
81198
88062
20806
92908
54091
6106
74464
13994
42965
84994
47854
47735
15983
78924
22078
95889
66619
43368
28949
94260
95319
1218
52519
14821
94878
20891
51518
72457
31103
67691
70463
84859
13078
88073
82133
7058
42
14079
94248
66742
94746
89066
43288
14907
17616
47101
57098
22608
71365
7407
82522
71904
45682
61700
14412
67641
74961
93620
29230
15802
16102
48666
83900
41085
68043
24518
83291
46830
2881
17336
93695
7182
49642
20073
62125
20851
93248
83289
48608
44491
86381
86460
36087
9507
92457
16897
71241
76033
29557
8277
97169
18406
85677
77467
515
50729
33032
30610
1387
4511
97987
93478
34004
51706
24725
57326
4627
13711
18103
84838
45894
83989
50518
10956
77661
81151
1451
55374
92519
82781
99090
37664
80747
89107
12128
22789
5639
54924
99909
40818
78444
4645
83323
86156
66890
67128
58708
25504
91550
62171
11901
43398
71906
97989
77291
91089
90061
12491
59756
1646
67128
28530
44460
94936
64914
79307
63104
19103
30991
72188
9842
52199
71838
83031
39457
86011
62335
41154
42983
55357
55886
12766
68231
69810
38746
36697
12912
90859
96699
20873
15968
53814
53856
73486
25587
21647
61744
32752
99487
50020
39775
8042
5347
69633
13373
6649
95908
22210
86555
89484
22658
44685
77106
45554
32544
76874
59495
64286
94386
6381
17835
77556
78496
90759
20288
71833
99939
27552
13257
75279
56441
27956
97196
64117
90072
41252
62986
18619
81657
23684
96668
81639
60868
37720
36145
12605
80316
25556
51610
76466
16316
35343
21439
60607
4716
23482
27943
58883
75827
20543
21446
78242
11431
3847
24279
6278
62294
58304
38510
18758
7467
68249
79598
87010
28823
59975
72342
25818
53292
36367
14801
48273
63277
34237
11522
76791
62940
8372
59996
72331
61149
55926
37415
82106
71890
65926
24483
35011
35183
56143
22030
40543
35535
71661
24227
34978
92159
95764
3280
13476
52876
61660
97169
59280
55386
43553
59890
16306
90793
33686
99358
54178
83151
74788
35453
88988
30003
45927
97957
17876
31875
60663
85307
55757
76034
34766
127
32779
54238
83773
95649
28844
27208
60109
45912
86976
88736
44561
58124
41115
25805
85150
63096
89909
85635
11854
39346
42769
57853
2021
82332
33726
90987
82251
54404
27075
35682
70574
39389
97234
84264
13278
45811
25966
27546
21702
64374
75899
52466
68627
44594
26458
43626
89804
71894
98338
85092
75612
57565
42620
70167
4409
69704
48966
38694
86640
52621
26403
21236
75286
60632
90776
2207
79232
67815
14451
81811
5700
34465
17876
42585
94943
96865
5877
86198
4092
74496
10034
27606
23810
79743
33005
11765
66461
593
14674
1343
29728
47407
5654
76198
26087
64826
20355
98732
7724
53068
36688
35485
9996
66039
56432
63534
32955
42694
29873
13948
32754
17526
12525
84849
81277
43519
83645
74071
88410
64314
59517
14523
14720
68709
84784
174
77638
44431
63509
30071
98585
51846
69152
69230
92587
16444
12189
72015
34009
93046
53637
78177
49866
5080
49133
49646
71999
80521
29972
84169
60149
39339
78030
96521
27188
48364
92653
86067
13130
36831
38121
26469
321
76532
25706
66604
48810
99045
87363
21348
86498
29829
71630
6646
42598
68863
19066
7007
31413
76642
83875
57883
35118
24033
98721
2316
51015
66698
17667
52502
48159
4486
609
77483
4938
90107
79247
56780
61192
90004
26779
57228
47440
3147
13946
2637
27776
46358
68033
53050
29060
78992
87815
85899
1387
84598
27471
15716
21584
84941
96954
24396
52194
25050
67270
20330
70953
90978
28264
49269
47335
3076
77182
57114
55359
59523
15062
16761
85301
18874
72627
5663
80425
32181
21857
10387
7364
19391
47549
88920
84107
4619
52145
6201
54065
16464
79903
38015
47247
75185
11774
38202
11647
90525
53594
50876
46575
32358
14374
47964
35158
48977
93921
31867
82872
39672
63837
96557
47415
74099
63763
18738
98126
78429
93833
35813
12416
58508
59257
22601
4203
89779
22875
12481
57428
83420
36388
31422
8780
7132
20972
92067
76293
1325
36025
13390
25627
58700
30958
49445
18097
2160
74806
14899
99245
22995
41946
53078
52254
68976
59890
16234
53913
84285
79260
65368
68287
27713
82852
23354
27332
18185
49551
93255
16049
60999
18194
85006
95880
85444
6125
77607
39727
32712
14304
83479
21049
7511
29644
4323
88390
50836
64372
52779
59078
86913
80050
59242
83152
5980
14996
42756
84199
15419
