7977
6688
98061
76304
53203
78219
15631
70181
50663
88281
40598
14284
92548
71534
62541
53365
95033
16093
84952
77746
39371
85113
30225
49244
62088
12643
3155
12959
46613
45238
35414
99226
70408
269
91487
76115
11448
26935
82436
28581
88901
10400
99153
93019
56991
12787
76553
58565
82815
79065
79216
28405
83630
11996
60592
4055
48499
852
64850
79374
63935
72688
19345
66255
52310
5689
41923
16247
66620
59163
59317
57306
94397
66245
92093
60800
58671
16956
95447
67249
20959
88045
92697
62294
30030
91744
83328
58566
84673
37018
44816
89433
36280
53058
68820
48939
87339
92851
68890
10517
37339
92672
18895
56659
81327
18014
78470
46478
78579
95619
92141
68626
60649
98255
83367
93590
3399
40243
54758
64843
39623
91878
20855
31737
70706
90077
75443
73125
78345
20335
30920
19082
73872
58158
92204
49168
39087
73523
72308
60131
49377
36107
34825
91039
62107
5395
94403
35098
23717
83687
91031
17875
67221
77187
96967
64563
16724
92111
41903
80256
7362
46437
28377
60453
1424
62365
37232
36975
15549
88314
72305
85752
72037
44447
72911
51408
2791
68509
92420
95781
1286
4406
39868
30064
84772
8919
49431
22917
58835
13727
52495
24013
70742
55357
60851
33399
13481
93959
92804
15385
93238
70409
53587
18768
65784
10660
478
91233
97644
28739
5286
28414
12392
99010
59040
707
76237
12054
96984
42452
12900
25383
93868
17840
82384
5491
8254
45281
40246
37047
38851
55677
88676
79887
64690
19376
70134
86486
88378
55169
53006
46880
82516
21598
96586
33006
99984
6921
79365
99630
55716
45401
13116
85489
57234
30825
83252
30127
56731
48947
39424
25689
62337
72825
88660
69390
84194
47084
53626
40222
22916
95975
26594
76990
46529
12582
16214
57208
78521
51716
38979
9405
34638
98989
81685
59091
5796
57151
64649
45925
99416
9628
23087
4934
17209
25860
72915
55563
5607
27658
92464
28305
68950
35602
6320
25366
95171
5394
65748
50037
60188
70287
94667
14784
29461
94790
11604
26592
88176
52185
16441
75637
81474
57317
18504
39062
9797
84484
65910
47768
10440
2938
52229
1342
99505
35801
5406
75367
81362
73291
4505
96479
29869
93552
53548
45429
70685
8132
56039
87089
37704
95323
43979
29428
44429
70592
3678
63421
13075
13882
61266
22370
28017
56729
29838
71387
36564
95832
65854
92141
43163
1413
33677
71680
72384
40343
4430
7782
82396
41546
43497
69625
51348
55860
77077
55237
44766
29041
72701
11419
89820
19522
66531
80482
53512
17134
69345
46407
78589
86341
32524
87251
79459
54897
31953
97713
56294
17084
16079
61706
21468
92490
74503
89534
77214
2357
36407
18230
72399
76330
61419
84222
34138
31936
53614
83521
10563
15286
8803
63277
44547
70620
49181
43260
67604
5971
1715
2335
20325
41306
26276
39713
18575
17300
32376
29650
96907
25563
75478
77140
4410
94101
87576
82142
70353
54082
68691
21943
27552
999
24610
71729
9629
13218
72961
71072
18188
41202
25043
24574
85825
73930
29607
90546
52390
35710
6847
46972
57157
49977
26405
39313
16167
16469
68813
56358
21488
98175
55572
94721
73730
61247
70363
44002
65677
8896
60426
81293
52952
78981
50126
87936
2046
68738
37355
74962
32890
7361
54746
37875
62687
15229
54677
99249
51393
490
27317
29472
65172
41054
42165
90565
82139
81570
85771
14137
9618
63427
5583
31846
55604
78021
14130
1581
42124
11348
82570
8686
92436
93953
17528
18013
97685
64332
61189
94265
38911
24266
17383
8838
53650
56872
24280
71733
36329
72409
74713
11709
19888
86208
39783
67613
32017
77507
78041
41401
43933
41408
78834
40378
45559
9164
5623
66981
12995
50631
13538
1959
47561
76649
46141
47183
51451
41413
11701
28805
94212
22455
30792
35556
44013
89845
85841
22667
3876
95991
76932
30047
36639
55040
15905
56904
79096
89203
2
46473
65404
99306
66521
45726
40640
43496
68557
5080
94344
36111
81947
78019
35157
28881
4922
81502
72191
27149
47992
79507
60758
60037
38891
72878
21050
5301
84101
8308
81389
25501
69670
38628
24759
65842
44687
97310
43802
57366
11196
58656
8095
15959
79782
94883
54888
92268
72393
76314
73351
16509
6027
2433
60001
63220
94105
92605
11441
13260
92050
99138
87111
11942
59628
76413
49813
84569
4707
32033
35422
59172
37983
59683
99556
71450
74755
38143
77395
92887
29145
66516
79118
28181
10933
9705
21753
19436
87465
52334
55999
53200
86425
46871
1217
22464
91422
91893
10874
80036
612
91147
49023
19719
17882
60463
46626
22452
37335
82022
91617
49810
33299
71632
45812
66934
37638
39454
63428
87246
47877
93627
8508
75135
57634
36690
62417
89097
7818
71787
49016
5325
13690
31288
80255
48960
66524
92689
68125
36186
67879
55986
94639
79793
51719
79080
9247
50160
5468
72602
91052
87961
88148
1841
18868
3525
46759
1705
1701
92011
9429
94996
58094
79036
28216
64090
85564
13646
55484
63732
28963
98958
54120
17790
74882
39616
74612
20170
14268
72816
93226
97102
22296
43034
12390
93624
53348
80930
74822
67325
10560
62577
44943
50806
65877
14203
65476
40362
75350
63008
89032
27218
73106
41479
36888
56609
1281
2154
87424
13000
19083
98311
13653
83760
13528
41096
67074
43949
70316
19729
51862
17432
42272
49971
4869
91888
32291
79215
24094
63446
48242
47381
77371
67383
59807
37836
55049
52865
96561
88014
82462
75787
1391
27980
50805
59030
31204
25662
57063
77159
21211
48545
63585
44708
15358
81068
91003
64855
10002
45637
60755
34303
78406
89100
79572
25221
72078
65367
17494
37776
64725
45790
60578
23064
54134
83809
93575
84352
7103
52068
36820
16211
16347
41812
78174
57064
88105
98500
86277
82730
74187
55296
68175
85009
22025
19203
62502
34738
36673
64085
40645
1816
72959
75795
75208
46542
95154
49865
34463
60440
3424
279
87195
93116
16442
20908
18564
81693
76338
59717
34427
60280
33541
57322
9646
57794
56067
4668
11267
8276
17818
97045
98228
26014
21940
81795
69619
38399
3332
65585
57639
97787
92805
72645
32300
48028
21796
46333
82880
17126
68319
71918
92193
29181
31221
43759
59008
43650
92037
62288
48564
47213
55688
91964
20613
14233
80093
32951
82247
52133
66728
29757
22742
30083
583
58904
84021
51734
8527
77654
41637
98222
928
90371
27592
94091
12442
28411
72932
49490
73764
49253
86127
34003
48051
41869
69839
78872
79843
30159
36167
18803
27417
91321
95166
71031
33964
84565
66935
1164
91871
41127
18428
41931
87997
28954
87873
73154
39985
30849
66216
88523
64388
11679
69538
83854
57124
90793
98727
76672
93630
4566
72137
55027
44350
15129
52082
19977
71174
69285
73470
83260
52890
31847
50297
13892
92889
15240
27442
23012
7047
84479
54446
12070
48163
6780
53652
75681
44743
71172
27705
51558
72145
10709
56424
41937
67399
21853
32530
86903
49670
94754
57597
48728
52826
28090
79858
38623
22187
69282
6902
42250
50458
62547
76652
3870
66589
82128
66062
23024
74460
37956
75012
58738
40134
71235
91940
94170
91188
89814
45226
1344
73018
44248
50291
26413
64354
48584
99726
30285
83336
18063
37800
64589
36202
395
43401
17735
7352
43372
55687
21930
1363
37559
57529
77763
72105
76696
67583
82037
95647
47683
52474
42775
14149
27395
72944
6847
11755
47871
70119
30601
61946
47610
8680
41336
90482
71935
83515
71426
58824
24619
39819
23182
96148
69701
15208
73104
98546
56379
99510
17480
62839
31428
59489
33759
81818
32399
63388
4876
99441
95970
86818
49452
19686
57714
64074
18639
17716
83696
31783
30389
40752
2855
29697
20193
90320
81451
26549
53892
13067
81262
21463
47208
98754
37423
12635
58583
41415
8336
11954
27477
72915
73291
47764
94790
37358
26782
5056
22942
60528
62436
68948
74937
72175
52219
99008
35097
93552
86767
27612
40987
75739
73
20809
37844
33486
78119
87366
8229
31983
73791
88709
94697
87957
75023
22677
94827
55280
30041
97879
65456
58860
94203
21420
66178
86565
21408
9230
95703
31929
79676
69199
17489
87824
28832
17065
87259
60851
53508
21021
46091
19721
45103
45127
15841
84665
61263
64936
50837
54448
80977
53903
64553
87673
53540
58872
67760
57440
14279
70774
7408
11620
32597
21910
89615
26021
76626
35990
21044
91413
8536
94786
30275
34736
96473
74950
64600
495
54331
37548
2876
10013
82123
32861
10800
68236
59462
4205
70594
88238
45165
79064
895
616
24146
78380
32544
74827
30623
49219
72576
95644
78042
17034
31341
38025
68667
79313
56740
29102
97825
18042
54587
40013
84820
80705
74450
22710
72534
71681
14959
69978
96422
40201
64539
79883
47726
70638
56926
64048
47112
9096
74235
50371
87149
19248
64429
99865
58551
79193
45754
63579
47910
48511
84823
17150
598
7630
11117
12630
65032
98195
45104
14945
80491
79847
20277
36049
32245
92369
87237
15420
27068
87796
71468
37016
36906
36094
78393
80109
52529
95603
18376
70517
39953
66418
95594
85955
28310
42828
8691
80547
14598
81861
69230
30080
62933
31989
80690
38335
76523
58653
84156
58579
48476
59705
66147
94806
46452
10709
40121
42377
43907
20052
74835
61180
5708
32653
85499
20897
99432
77685
19239
56225
64054
92323
37325
64642
9741
4740
90140
42783
90044
37459
73404
6322
77166
26808
16553
33161
49473
46523
55356
36172
43795
80991
60092
49781
24473
20024
68029
17246
582
14029
16849
15553
72983
13068
28034
76956
84824
18131
99125
1022
62418
48307
63548
99005
52376
76082
90017
55029
81878
29566
96806
55430
47239
83569
97796
58994
58571
6238
78875
57399
60710
1650
61981
49275
65876
5984
96220
22204
40692
63416
48264
30483
79771
89398
43930
61227
19116
73658
47193
38784
73221
45841
26778
46451
7128
60552
13223
70316
70847
49362
31923
74888
19332
13450
2123
10871
5471
76447
32513
79966
50876
60538
95789
30062
37810
39947
41574
99649
9680
36864
38471
81011
89555
5862
79448
1082
13776
44274
67605
73817
40000
3792
24983
41651
31750
9537
57232
56791
64315
34306
66402
81147
79281
24626
8688
82422
88829
8068
81953
63731
39279
75861
2489
21218
26422
36219
61759
20612
42305
42121
40735
38747
82024
50781
88989
96469
69846
25439
21692
98568
78058
71153
1945
51317
87264
55870
12948
38656
52894
63472
1540
78321
2543
77371
21218
30498
74332
86131
84989
13522
41564
15572
19322
43042
3406
61238
52753
42714
29653
72437
59870
53539
16987
91746
36219
94138
42027
55094
87805
12294
29454
66610
6969
86017
70491
33664
74781
94790
63514
57594
27112
52699
56509
21761
28993
95799
10631
91535
87065
59054
17325
98744
63037
59145
65165
68224
44304
54571
16608
74094
95788
72337
47665
38360
34003
2818
57063
17561
62571
71299
75984
78200
42686
7846
92977
67701
15826
64073
94353
68651
10814
84060
17167
63549
97941
5803
77457
48411
3988
20154
43555
18888
50060
17342
71126
45902
37196
1720
16118
91416
37843
39169
88742
61252
8382
56719
43773
45374
59296
58959
27125
47541
57702
39669
22045
47103
1276
24301
74217
58094
38785
3223
19310
20885
21424
91595
86597
42639
58924
10265
40061
70268
32289
5499
31017
86380
37152
65790
33675
58776
67181
74889
74083
53571
20105
54662
69623
50426
142
92700
25737
67986
3877
82809
92169
61293
42769
68818
82983
35209
52501
99176
46439
48330
1607
57281
22164
30704
18069
9623
44841
10280
51448
90020
43533
22085
81830
33845
36246
67297
98514
63577
99034
64707
16978
23669
7733
11368
98004
48197
69759
39896
32118
57003
66430
5184
45147
24900
27243
31394
58942
10488
9236
42635
67990
98449
99292
11186
42457
26791
42812
87424
34498
9147
17176
99019
69607
81913
87096
69459
73478
37386
91931
44278
84393
48911
29614
90111
91718
45416
9840
89421
40413
98257
86193
23177
21781
63947
23496
80798
78844
18747
87797
51050
57244
91709
47553
40214
20494
61883
83865
8185
33124
83073
75832
70879
90300
35124
4483
53454
89802
4436
17197
14501
22062
18542
41653
33934
30209
98024
40102
91466
5006
72447
88258
82256
80936
27805
84406
86153
4614
15005
47245
67895
62158
26220
39069
49962
99230
91808
7746
56071
99310
68622
4775
13622
32428
30584
83435
79022
2629
52929
17344
93050
92166
22361
65765
94050
74113
71196
76412
31497
78743
8593
24407
27293
22924
11547
44829
14908
23744
74471
33308
18340
97515
91849
5668
39108
47852
39527
31168
38563
48980
53731
92706
43771
60358
28624
66658
100
65844
77521
68430
53270
16854
10264
9729
23808
96103
29160
57539
12310
24662
31089
75666
31036
5027
35607
481
71621
72412
70185
33074
43333
76943
33158
79138
76036
36157
64115
72776
80216
19466
84155
49740
91744
45245
37056
79444
38593
54144
85364
5658
44159
63318
23593
28439
32133
72686
24730
29548
78050
89891
99829
63331
95968
8873
97052
14872
87162
80739
90857
44552
99267
91403
38218
95642
5360
54859
17735
79500
46947
32902
31387
62918
54486
33822
65626
58485
10951
15868
69797
44362
67516
55510
77303
82957
37908
29217
63594
30031
27908
21727
22680
75973
20739
7339
49719
86735
30676
89780
98249
34273
6645
64192
97694
21426
30107
20060
86058
95002
68739
84806
76242
11622
42399
98439
90393
31037
81305
43151
11802
83703
46462
90112
92774
51568
7887
98274
85859
90101
33162
77227
66409
26557
48362
70662
11957
83849
99716
94272
73569
45757
26561
85246
75669
66665
24634
40042
88850
14749
65323
33697
39581
89070
18129
52132
33652
43136
65623
34765
87929
713
21857
67032
17254
33631
25115
13744
13109
13405
67817
84881
7093
74471
67504
99358
84666
81527
78665
58176
83585
36027
95301
83084
18834
28795
47108
20926
36611
35517
77441
98705
95985
89434
61024
65225
21672
85196
59392
16492
84883
76044
22902
74296
99043
12589
54454
4692
81145
32288
68425
6029
63214
81330
59611
87307
89559
85590
9762
69389
27559
17765
99262
27292
93591
67750
49663
44417
81103
97905
20514
9856
14760
94739
14047
36860
38401
26978
57371
63774
25835
15481
31165
26366
51349
89651
36335
13441
66475
40790
61252
3373
74923
35182
36645
57106
68129
82092
99820
42524
46896
61044
22746
91559
81817
8647
35226
43807
15261
66538
55398
45625
5429
16623
49507
73510
94474
27301
36473
49133
62340
20105
60128
28709
26299
5521
65071
70866
55535
14514
4081
76764
30796
86449
60365
79327
5297
91514
43573
54965
26785
90219
27241
140
85867
8116
34192
7274
35976
62990
97288
45580
45995
61344
81821
31349
79323
44267
25833
84245
28261
22901
9102
48364
1498
7535
76415
46506
11925
55044
88463
90654
58114
11646
61749
4904
71731
98638
90512
86129
74586
29619
82238
15919
56156
40079
9460
98609
17521
10251
81955
36960
9331
2725
28423
11085
58001
65513
71590
78737
63839
39217
51927
31179
90574
62891
12655
22737
22509
33210
65965
89868
63575
66944
59608
67
55878
26729
65007
19228
73595
93048
2883
67627
73424
95879
48524
88955
83315
42916
37285
45826
341
21322
5893
38421
38400
36104
88355
40128
25008
82304
46608
18545
14128
35918
64923
33308
2885
27686
39107
37069
36439
45684
47629
61326
85313
34530
53811
53953
15478
70465
30221
48221
82115
30341
33720
47138
26952
87373
67032
39653
73782
44067
29119
90942
98994
45493
12296
73856
61682
87548
52955
66114
93332
20848
13527
78604
31974
47101
30175
66929
35423
55624
20012
12675
76144
45054
68142
24643
24593
96588
23927
15685
77639
738
81346
52779
35139
62160
53353
29919
68938
84340
27611
41283
91255
21219
18452
88381
30591
56583
71187
46187
14764
84750
77568
35253
1524
3080
93630
30817
29103
19508
40059
6105
50906
89291
90328
1220
99075
52538
93491
63063
83084
30086
58531
85649
39982
41004
49173
93917
24280
363
20603
400
21585
46576
45546
71471
96117
12973
47746
89616
60378
51847
78605
39669
33320
44924
69632
73188
57674
74704
24434
49214
87250
41780
39058
91264
99437
17504
20583
63590
42799
95305
96432
2128
40810
120
44571
67622
42000
80461
41773
85675
47892
68775
18153
1971
9624
79438
36339
88616
98476
67169
43436
62088
11347
87213
29639
36314
27384
89520
83876
61915
65484
81577
44645
49902
39482
26150
69431
7700
87239
2765
89039
3146
90696
69173
5425
67858
56186
51809
39076
27462
3483
14993
10168
508
71067
30786
273
39803
51438
1063
91431
10476
9746
41616
22548
91668
92928
70154
27111
45480
86921
76985
50628
97284
11179
47976
52257
80321
35056
3432
91145
27023
47668
3033
39674
71545
31657
85813
35074
10773
25979
47711
26496
68516
23594
32138
22826
11506
19669
41495
11020
10407
15758
63496
5215
60296
47695
11187
64860
96706
12008
48294
35375
81633
800
85482
35053
53975
1941
26115
73457
48864
75211
94176
98710
58610
86684
34619
93623
59756
89984
77871
23708
92227
24890
43939
28386
12923
14080
67246
53540
53921
79547
90983
94091
42259
10779
43639
99576
31414
3983
89748
15112
3360
25851
55351
81267
14578
36180
72428
95517
94252
47925
27553
36838
48243
95520
172
38367
71819
80809
6126
75776
71352
98587
18205
33404
36860
75375
62068
31233
63587
97991
86563
19694
67775
92178
159
38024
23147
40538
38383
95307
45132
94440
31970
78056
94544
62788
14454
54472
90166
59426
85918
93521
35339
1880
72841
85718
50186
17821
53974
72268
9232
96067
11811
46036
871
31442
51886
31113
44324
82836
33851
70154
66817
46641
15398
15067
34775
37026
19842
32282
63501
48829
30338
72652
21371
31289
26361
82258
32341
8422
68176
10391
98688
4223
38570
64311
44264
64363
62114
18229
98294
936
65936
67303
65384
54613
40792
64710
46951
48558
56900
6596
73477
51399
50329
35482
22354
28988
1305
32301
12819
9094
35589
18922
85404
22395
41007
87176
55617
89326
28431
65402
58126
69759
54544
29479
93422
72176
11223
1364
96592
23699
84655
61770
7463
24951
35633
99124
4647
244
85710
519
95899
5020
59357
28048
29968
43026
44051
6469
89540
71080
6640
49382
30069
22149
6216
62631
30973
14254
45249
48742
6358
31916
96743
65066
98750
2834
12752
77415
83478
63859
69028
68150
43263
56223
5416
13644
72799
89955
79486
58504
47597
42955
40457
91622
42036
93191
42678
27879
25559
97442
76846
82642
8677
22047
24119
81601
31699
2125
55361
25688
36215
62351
36351
1298
89541
43267
14596
76259
58958
77710
54769
63586
86906
29354
85102
8612
73032
3270
57038
24519
27168
64803
31589
5963
79176
35642
7011
37782
64133
31644
35905
62825
25304
25500
91909
17353
42396
37900
97780
76351
6344
35555
34021
24094
44442
93636
56712
84311
53440
1352
63526
38846
12133
23142
90270
59225
5069
25168
8003
39580
35152
79666
97697
30922
94757
31564
672
32772
17810
46323
99092
24097
53672
3259
51799
52011
76414
98313
71166
5398
79681
2295
52835
1193
14400
64399
54305
37174
88781
37909
33117
92814
20225
80095
20180
74597
69735
94744
94626
61353
39536
63244
85466
25088
23903
20216
48573
50551
5545
32743
93324
48322
12108
63671
46649
95803
16029
87167
95084
76959
41946
40429
76168
10768
78516
92638
7321
64905
10521
50516
43912
53502
92790
69357
54657
92409
44049
18756
92929
19991
37009
43357
70627
74835
16017
63870
6803
84206
87099
46064
98816
50162
22721
8390
6021
94219
76278
41861
86569
29019
19437
11045
77428
77692
28135
45826
19943
15466
91891
84095
93
11573
83400
75955
67491
5954
23541
61107
22511
28660
82581
72270
26704
16268
4881
23652
92061
70346
72833
90571
9888
13647
88644
32240
17201
52023
19109
88232
695
43215
65774
62238
87375
60930
30905
22609
94083
75687
29717
73955
81936
72737
92394
84204
69242
26801
83357
64939
9776
9530
33485
75045
15639
63760
97978
69064
38894
70516
89441
97098
543
66641
82491
4729
48815
85618
62820
68811
25413
90793
76149
48301
13454
28484
88831
93516
2903
6581
78497
9452
59417
1556
5685
42666
3787
90171
46756
79615
58615
58846
53468
22679
70464
21345
90934
33851
30318
30869
20081
10972
63626
54518
74981
67771
6165
26435
99798
92578
27747
24815
45376
4260
45732
42528
18804
48079
86231
72599
99144
41338
95269
9282
48636
41514
64252
10489
46216
59818
41301
34484
85365
90188
81100
17861
74957
90767
20750
82392
86917
27671
57590
53426
60333
59571
1562
24773
88448
33841
30146
54384
15379
76896
19134
20877
4743
94983
24596
93190
30692
54209
92735
33669
34144
54608
52649
9607
98201
72712
26843
31953
23337
54729
26551
95824
33041
57912
98229
91028
30429
74704
92968
70189
54724
22572
5081
77287
55946
13709
78444
35600
92242
17074
97930
15770
98702
87629
80149
42055
40820
40473
90344
86200
54570
92563
71414
44293
17705
83464
91260
15208
18232
79276
44891
85392
21082
57136
74114
33713
45811
41661
48297
11415
46347
82252
12465
42938
87426
39063
59268
78367
95834
1976
28977
15349
35259
75072
96037
82813
87325
33310
70612
40294
64341
61588
62376
15025
47705
93883
36332
430
93318
16519
16782
55616
59182
84049
52843
46020
19743
53293
78502
57838
53453
97598
98521
94595
35972
64261
37754
54178
82142
42950
76732
77371
53856
68367
77363
72647
92466
87430
31416
98784
69868
13273
41335
81362
12874
54010
6038
31483
11940
69553
82148
43843
35010
26546
31159
53963
99399
56202
25510
36749
27643
86023
61268
52693
11165
68097
76306
41161
99754
83943
50100
32090
55912
27136
91458
62119
10517
75871
66089
77254
38853
23764
74312
13377
28151
81447
98918
38446
80648
43765
347
93026
36041
48990
50121
12073
21583
26258
24726
47121
12141
70329
12115
79718
42227
9205
53018
97502
54228
39382
38791
64711
24376
11943
77133
26574
43906
6319
31893
99349
5112
47971
88174
49087
25601
73833
95444
67572
71257
62122
65440
63053
68724
69078
71116
66970
44296
45732
33630
21291
15073
15489
14461
23372
70284
7749
33646
42611
87987
37991
62610
54913
84926
57800
57724
94601
12280
82339
70965
56610
61441
44879
75495
89594
48494
26531
683
91454
12701
98677
69945
23513
43578
36396
38548
81400
70909
85451
46693
8493
79038
48563
48618
67547
4559
91973
93338
46092
96815
97417
47489
48055
77378
6662
41602
37507
16573
85743
57338
7847
28724
88303
78045
12010
28740
13892
72213
29687
11670
84769
92106
56678
75301
67357
22068
57622
31067
34599
36120
62584
28647
37083
95344
58835
52163
93390
94781
95948
77031
21611
22991
11591
98924
71887
93263
61444
63897
86551
96487
79157
16841
24637
25096
73180
37964
63370
62039
19664
18509
75384
39802
78506
13934
12799
3979
44853
7890
47979
27958
77949
95593
35522
4346
41581
45894
75537
51109
8199
12629
44249
11008
67047
51464
43610
4988
56280
66844
7390
8147
79446
45861
66890
58517
90286
3831
89757
9908
28032
32707
27778
81031
38783
89325
5236
12815
65511
31680
58843
61262
40552
12057
23153
41334
24400
35016
87545
76070
46012
66918
94230
47952
95259
28323
80563
94435
41136
39442
74173
6829
96809
24857
37031
24984
55250
62491
43292
45655
97075
81856
79722
50559
41563
80400
94758
84456
73519
57961
38986
83977
21936
46058
7837
7442
67055
68512
77897
88846
381
85349
30602
66199
2846
38543
67268
71888
42057
53306
93997
46917
74868
43066
77905
33749
46704
15215
94420
57712
49129
42736
2104
18504
46873
45544
21115
49150
96190
5540
11287
19280
55256
77967
33460
61167
98790
98321
34831
60587
20083
13239
2678
34531
50523
69772
75286
65163
95071
85510
86103
3866
28986
38982
59992
59866
3811
16659
13162
33428
1411
99809
17318
6896
31465
8068
45167
75620
58735
23277
74765
76152
49274
4205
76645
88559
63496
83871
65278
17402
6586
89146
25789
39405
13006
43538
84268
65319
40256
67470
69825
14553
43137
85977
4144
36340
27613
13789
52819
82397
80575
53222
6725
89848
42164
26149
52382
46908
91491
18441
76327
6154
94060
22173
24663
95104
19572
30090
63346
86267
40020
88339
54694
96634
18139
52746
75082
83747
97897
90311
98573
55314
65171
46441
68239
48895
38048
72823
33523
99209
54675
10247
98254
41760
28757
87066
35741
64654
60447
7309
86922
77549
38677
66987
21214
69268
99290
89239
62151
24582
29444
88779
4997
75989
1689
11288
88818
54352
63886
20657
55523
62849
13674
21385
61165
32009
15970
56235
47797
57609
94723
6576
48418
16845
894
40210
41724
7508
40784
58692
3654
48618
6626
80407
51686
89392
98156
84359
15789
86387
57771
73284
21398
8118
23934
38580
87479
99552
16598
35199
85028
34008
62516
84145
94277
20162
73388
57741
45353
2519
86851
86104
75453
15731
78808
19334
63498
89956
90978
61057
59616
37082
25757
46178
22259
96990
66058
87307
53423
20069
91856
33632
91084
99695
79179
57886
77160
29658
96196
84840
52965
36429
90041
72078
92987
74273
7472
59029
52419
26005
64499
35270
78465
35605
35519
61484
70955
38013
67463
20014
56
50372
16664
75820
62947
96577
60380
70397
621
2471
97134
24226
16283
53537
30304
89652
90663
8278
61047
32722
295
55524
44426
90241
32422
97134
91920
91151
34421
43652
42492
87940
31142
59741
21042
86369
17298
73736
25857
82062
11125
14680
23880
41272
3517
95587
62172
34770
54199
66749
50664
28261
19374
52423
88733
31948
82205
85481
34656
53866
30397
28260
28248
42497
22749
49786
89229
1575
84473
36564
62821
9860
83964
81101
20707
30263
74946
49770
85523
89939
98835
42630
19360
95387
71520
6099
45566
91617
5763
91104
7395
60427
62429
45341
91407
37100
86416
48356
83803
35147
36193
16009
67034
90194
10761
21718
475
64018
49799
60588
47876
99019
39869
57491
60449
12782
66725
59098
86302
76692
80662
19510
62899
30498
23850
59268
69791
67035
51637
13652
46335
7323
30787
81746
6775
57436
87523
28305
4082
22952
22268
6115
34135
98114
99241
101
39401
54011
10906
95526
37986
20991
8717
55023
89551
92959
37892
56302
77118
38352
77753
45576
3206
88140
85799
93852
1425
66988
21906
3119
85320
47669
78379
57448
32787
63965
895
37416
56738
21740
46849
8497
13646
66546
6030
80248
2772
21365
16188
41388
32356
86964
33463
52865
22940
48388
22226
84552
53975
21519
15417
62779
40015
62516
64642
88483
98622
3217
36135
30796
69511
15537
88499
93754
83536
68219
39165
13215
76445
56923
27002
12734
41701
31654
68167
46316
22569
9193
61658
83534
15681
37265
98952
64351
3426
41874
4622
74772
79532
37250
5359
34454
76067
79040
66547
5723
25177
31967
15424
66545
82029
27544
47222
77567
36236
44404
73247
84882
20259
65317
88382
40702
41600
70949
83881
14351
245
65189
94130
94945
48661
4557
62574
94955
39475
80790
10842
2401
3657
49150
65675
27935
11636
84213
15817
22303
39572
80
91298
83337
51399
14828
82237
80889
96504
39585
49745
48483
1700
59353
94702
95297
82717
72454
59684
20205
72901
18900
88043
92405
91519
13248
53504
71722
47456
63680
24226
14007
74256
89997
59764
83952
84169
62871
25030
32545
56011
5050
32307
42074
41779
81136
99166
35201
63338
57181
41679
49457
32228
50742
1868
36322
14142
57008
2057
29284
27898
6811
32370
80773
82712
9389
61565
56037
37197
97028
71017
185
91287
78145
5587
11411
30988
89098
84363
13619
5319
96992
50826
57226
16060
24307
25500
51137
27314
80881
77714
1286
32085
18298
6167
33783
72799
48714
65604
85718
92457
91582
78443
50774
53389
30933
46827
66227
94967
93254
14306
42398
2645
34936
63432
44264
13429
78209
68525
25219
5135
43097
46550
99343
91126
66207
11206
88363
69581
85367
30551
77664
20992
82372
12072
40305
18476
36860
27745
79432
82108
90977
58008
28859
44546
51471
60553
58258
20000
94085
6784
79186
78867
23711
46482
27216
3154
77132
37655
72097
69948
75115
67792
20599
30490
79706
43216
41908
73953
88969
13402
1572
90410
40700
98513
56802
72956
29042
63467
94363
68480
52428
97563
53652
46694
3024
84732
42477
52503
3823
73107
62390
42525
75477
58496
83356
71817
44251
88260
37955
79525
99920
60648
96430
62695
44169
82767
97391
28850
55402
20360
43161
69771
42000
17476
24746
28159
43177
33854
97804
39051
19944
41077
67323
15709
3760
16281
28696
49594
98137
22757
43878
47470
21422
24109
61935
10140
71199
74415
9744
90909
38452
74521
72142
11404
8807
38574
42607
1195
88015
85924
14489
25673
82014
93261
96187
12135
97776
21501
40551
41138
51373
2331
4147
71138
81563
36290
1015
89259
86071
54226
51738
30339
62303
68984
16663
20474
6238
14120
4648
49934
25533
4550
84848
64300
69170
69357
23373
99754
13571
4880
56819
88448
44023
88554
17534
78057
29578
85107
67088
75156
72895
45698
25516
2565
38453
77755
27323
22724
1426
52795
47878
56412
96059
26626
99191
4214
73412
17028
79299
33588
40095
85377
55505
74602
73693
26425
57644
82201
86562
62737
67842
89154
62082
60770
44289
8001
95835
41526
6977
48980
89498
75640
14420
50134
92883
84951
94408
20503
96069
46584
58631
78969
38353
93467
91875
11333
48530
57505
28252
13193
36966
93383
60144
6214
44250
33248
28952
18254
13007
97805
30876
36076
42479
6059
45241
91169
41955
77679
24608
90413
69574
59539
88196
28664
12805
59878
69656
60189
2940
65643
71965
54212
97477
71887
4421
96645
60194
96405
92888
74136
38867
66263
29004
79676
87593
82939
22979
56382
82859
91158
34985
82899
90090
53421
19147
54279
46781
94031
5684
62700
76186
33130
72541
92972
32020
15785
91405
26948
9211
88095
88097
80673
93293
63568
59803
57583
63950
19951
26518
63153
7086
70938
27353
7627
38519
48169
55054
95630
39376
21113
17813
32659
97603
99653
9350
52842
64545
2650
26585
11581
98885
28926
80150
89140
38993
69912
83150
86298
84060
51597
31859
65667
13927
4581
21692
8598
96329
73932
51898
80641
66931
53907
41957
64782
20570
83436
86296
37738
33247
6843
89014
55723
80419
33641
46156
70360
69535
24218
13612
27577
44958
99802
84105
70878
50137
55139
6945
43153
20360
91015
15842
78457
71343
18805
32002
22058
60654
36679
86782
72392
63366
14648
51252
93173
78168
36881
77502
70562
82892
278
44976
37602
2418
39199
73389
67293
68825
41527
44714
7566
91561
8358
28748
48787
16776
40234
99747
96765
24680
19384
51422
43440
61187
49734
88938
97741
44656
68760
62135
80097
18383
10413
22346
58929
4655
26929
30064
54496
14940
34836
66271
97101
9407
45931
57557
19949
89567
34692
98792
34402
25504
48185
96370
79869
17216
69475
24507
74080
17277
7735
58477
15281
9003
6790
3112
86935
22003
71302
22756
58878
84624
14279
36822
22019
47109
96478
50985
68665
67915
71893
59662
14609
54592
48061
1129
69480
15399
8057
76019
60808
47742
25081
88603
34611
71269
26987
75916
91400
3974
13972
87768
98387
41886
61380
36483
76750
28133
47982
90678
78617
19416
75341
49577
45255
46535
89701
9586
37021
53034
76396
66691
20676
69542
30873
39113
95812
51187
2604
93464
94531
9976
34250
21439
19762
9325
20407
9690
46395
99495
9903
61048
56784
2902
12827
72042
63290
92364
38835
987
40804
94536
89364
61413
42142
55842
52654
28240
61581
47285
79835
82314
3556
48276
4754
98031
43469
10522
60865
86112
87034
90958
5768
19306
92561
90374
45550
15517
19468
38901
74661
36299
93733
49615
71996
14245
10399
24460
85396
80986
27191
66696
37234
50999
95360
7871
74757
91666
50762
2295
89500
57730
12799
80544
54883
62479
78910
30372
18694
5569
88920
49242
60494
60143
73582
5594
32770
76750
42656
81426
2984
63644
36083
49374
59246
7223
26736
10080
86593
28667
86191
25624
46935
72172
1042
7349
54854
26321
583
8354
91386
77946
25341
54116
74204
38895
83611
50460
93734
76713
17210
42676
59259
43428
91558
80476
18029
98748
12079
75846
66508
97248
82676
21115
14462
74593
11175
35635
78909
70251
58170
40761
79956
90304
92768
91501
64643
15871
75690
33992
63400
49843
38154
56318
88592
21167
32961
92312
41030
89667
85765
97857
10283
27875
92826
20958
95272
74014
81955
1712
90349
4051
75705
25361
94274
66015
42053
82671
37036
25365
82336
96232
48459
96507
26055
68884
32290
11062
87385
67085
2812
48259
77052
62704
56748
15455
65906
63601
34870
50556
21519
43405
38076
18399
86463
27329
11426
33290
3635
19483
15203
96859
5688
20123
23039
51641
82299
25171
48050
10693
90572
69255
64529
52572
72733
4092
51113
10329
41016
84707
88011
15591
80053
24613
62266
15253
92859
75077
83080
90498
4734
67656
55777
55189
80809
16342
52109
56024
80973
56373
55588
58661
79300
6041
42798
3980
92905
7932
37865
37001
79374
42645
10270
86539
93730
89829
16200
1650
36780
12978
9546
76654
50825
63319
64658
59880
53156
37223
11275
61125
6318
91247
12416
28949
97464
59693
84277
48085
47416
69050
58063
23165
77692
99981
65710
58759
82698
21233
70197
87815
82609
67516
55837
62296
94933
79034
78200
88297
40535
81805
4217
98013
91216
35752
21614
82927
38137
64242
15775
88736
69198
34800
81676
21253
4645
69449
26247
26880
23075
87327
98005
90985
77501
77540
62188
9025
36389
82481
77773
25599
54778
22535
90894
89632
68823
99314
85169
8540
37513
28106
90347
34966
20399
72405
43696
99176
59323
89574
12144
64733
73774
88611
75569
96931
84366
39123
31074
35732
53121
59993
1052
90753
38793
13110
84838
97001
27184
50991
71273
39699
72472
64143
74999
61487
57230
36235
32811
14763
66713
65984
27744
19317
97352
46562
41420
44438
3774
7603
85230
65804
52862
90952
63781
29137
76922
82238
79148
13389
74997
72101
71500
88935
81650
4458
50189
60105
48947
1679
76546
31411
34826
81093
35172
70475
48421
13264
62602
80705
91623
58503
1910
60934
79689
38837
25273
52643
48747
88830
55791
58638
66506
50966
23849
72974
44809
8095
67638
3357
10472
42488
29445
76394
31497
34728
68315
20492
83950
19449
60650
52453
24063
30502
54267
22002
17864
50913
8617
53245
499
12777
41265
33039
77923
34724
26581
47481
74743
7867
82148
45519
97550
46996
28351
25476
29991
26848
35136
73047
24437
82268
86335
89384
28534
35181
21056
4295
59868
15417
21302
80598
2891
86869
75301
61661
64121
8560
27888
96378
30092
38143
78909
28213
20396
35307
34712
11709
57386
20308
56598
45635
69480
14047
87191
26058
61947
2678
83920
83886
15703
41199
18298
26282
64990
61356
37084
56220
40762
85724
9819
94943
63101
79253
80879
29668
72814
51673
7902
43542
9017
23272
27929
69288
62423
54350
61195
26458
62533
5375
13326
5225
92599
34219
42518
83868
1135
89810
98220
30043
68888
44166
92923
57183
76553
84555
43074
33935
69228
19657
97856
93296
9692
42163
7372
24376
25125
10136
64714
69258
45606
46620
28067
91543
51636
63006
20391
61268
17245
91806
76682
26032
99411
47929
79906
19724
35941
975
85256
40948
82777
80626
11428
12284
50918
40515
83426
64620
72106
5351
21554
70065
96471
63031
34641
1873
53246
69300
18893
21689
49411
27537
12381
14307
21509
9246
23479
19643
33991
14192
73730
50758
58211
74893
56414
92556
97334
59042
14079
75490
48380
284
73037
81511
52052
38003
60003
51593
84917
28796
86624
62378
57288
76361
69399
6116
54760
52058
49988
73959
28261
76424
12163
15852
79663
2551
23628
52024
88982
5843
34553
33946
21166
65332
44425
53591
1364
57900
30610
41526
22592
32150
75727
36508
75926
76997
10910
1113
87065
93128
95893
63013
52029
76068
66282
5394
50570
42365
51582
57357
50806
30956
24331
51682
74877
40488
54476
91409
78995
20354
19960
46433
67032
170
69834
61840
50911
98438
35164
38352
64451
21202
79238
13241
10041
90636
81170
56687
43115
49744
57273
11641
515
43124
6898
95398
12956
41676
30413
49744
372
8347
46699
87287
13371
49943
18212
30165
6918
96223
81665
93576
56890
55474
4130
11364
73783
66656
86135
81479
69829
48083
46385
33768
20043
71486
71273
58354
75654
21250
9964
13077
30349
22116
71552
64335
37952
14784
70135
13928
42419
83966
96685
80109
83027
38127
86340
97626
81425
91549
74856
67997
8802
8775
91954
15311
63918
83205
71386
61245
70094
98702
56204
41652
47514
37184
12462
48366
2365
6295
50423
12834
82126
14883
83505
63389
52894
34397
46273
79280
98572
15676
83930
38075
7534
84145
98949
88545
79868
83645
40796
95630
14051
76815
23767
97131
43574
13021
87933
57639
84382
44851
99981
20130
56412
63395
83923
52992
64503
63973
45276
59471
57004
96261
73245
25653
25940
75712
35121
60780
7109
57979
80750
30977
29094
52160
26726
13934
26944
4610
6849
8538
92325
51903
13900
35950
89196
11840
90767
52581
44302
95095
14891
89283
92973
53797
66737
55793
67642
77305
70558
81886
57424
29820
46210
71680
76155
23030
96066
73795
2719
73243
71674
5269
74355
90653
96740
42669
73882
62429
99542
95294
6990
15058
9743
93672
64063
85462
15455
21047
92433
41223
36370
56100
32538
38793
40158
19445
44495
84650
37564
23280
93932
37227
95128
26698
93479
9583
50108
95622
67449
65993
77573
12248
75772
82877
45891
86186
31459
32392
57878
23958
28525
78780
99127
90342
1020
25998
86124
86559
97203
11760
55280
76750
86513
92253
13138
63185
50694
80914
6018
67443
23403
15993
80485
1809
76224
65988
58267
19355
87799
25932
35088
89823
22078
6422
79279
66567
2428
59383
25939
8302
55117
15196
35225
30383
46896
33110
11719
95424
18095
17626
48328
47574
34421
67868
2293
15693
42750
46665
79073
96252
29558
584
74397
70451
55539
66886
51631
60004
21185
26493
89858
57616
13701
32679
53265
59205
80681
85747
5870
20414
41823
78483
42506
81252
31765
81629
30597
31690
54632
40263
25549
21135
24333
68120
49546
98762
1185
19658
74966
4934
16067
49762
50591
25586
53796
1345
39523
75311
29875
14538
77924
82854
28760
61040
99487
28621
29893
49516
52148
45624
42104
39785
83706
20878
87331
62619
66662
59734
94391
49239
71919
50933
14997
43746
98137
49278
31360
16985
69300
85997
24255
18309
36721
14805
79433
59667
53229
46485
26008
52919
23425
56356
5198
20471
97060
46167
87923
36219
17991
78782
24237
65066
71017
46721
29577
55305
53082
91164
52445
22836
63941
54155
10170
44405
52380
559
95103
26156
73627
27220
43714
68103
98686
77111
25466
92114
43972
14469
53806
99749
96676
97429
69390
83208
8941
18292
80277
16048
15289
35857
80395
96698
1943
56667
