49502
50554
87188
76668
89498
27457
44827
52434
25930
15142
10903
3118
72780
32902
23087
79185
26146
94351
73448
68428
48072
18021
81642
75712
87908
53347
29429
17752
14776
54594
37800
99696
67667
6905
45600
73067
21152
22612
9129
96048
17040
18214
74658
90924
7040
97644
6220
54453
56501
90815
63130
89758
36038
60170
19175
22456
52458
37045
84638
47442
23728
75742
22029
69151
72495
8633
31190
51414
28933
27779
81896
64521
1461
81311
78512
62966
76878
50445
3359
97905
94991
56444
82819
80783
99402
51658
69780
32638
54720
53357
71524
55158
53272
57901
91731
46373
91465
20067
11385
89006
59141
9385
51643
37643
96528
27243
18649
18968
39888
51346
13003
82779
23435
68153
2282
39829
63375
19206
9135
95269
50122
83516
34927
64088
95145
42647
7005
50362
46763
17237
1881
4929
99855
81041
4556
95011
42921
21843
71824
73415
16646
65800
35967
19231
97511
25950
88479
45643
75156
44134
26886
3947
33143
64770
94639
97163
96888
61445
25899
58644
26727
8530
56625
39361
95684
53682
96537
55737
77500
41251
90953
92662
91346
36612
62407
13894
84871
51203
90977
6365
15158
98233
39098
63257
72891
85153
62435
83248
22316
87953
85132
34553
38846
51120
43077
72342
9179
20980
54772
50523
14356
41102
96074
37387
67933
94127
32551
13174
54138
67118
42571
46467
7566
82034
98548
5119
12264
98866
10458
13559
2102
903
19811
20586
14880
45447
66277
18666
55034
11686
67083
5608
4461
70992
37542
10240
5981
18838
42469
10587
94294
12219
16019
29982
19280
75051
46301
25713
1852
50822
31395
20371
11490
10184
57405
34072
27250
23052
79748
84410
79588
76572
28035
40877
75866
49314
83172
70199
4733
4632
46104
30969
69445
20730
12338
1441
23421
36106
63120
61828
74298
36780
82302
33399
25461
99413
22592
62027
95004
6872
72138
48367
8912
3186
84454
42805
59071
23146
24718
48514
9194
96722
67965
46856
19420
59781
82604
32884
98033
71677
94789
1338
44599
52157
10773
94608
94376
90203
63673
64920
43741
24088
22426
12078
37413
60749
75904
23517
98198
63941
15970
94320
41376
17277
45736
94824
56668
84958
4962
22176
14996
60299
11679
4925
58213
45358
75412
85839
74672
69552
75122
40451
32988
68785
18911
89507
13048
49756
80640
9526
23916
48432
5987
35157
92337
58114
50421
21399
41372
89349
38912
63337
5683
20162
60185
84221
42398
8452
98947
32319
25439
62487
19481
89963
27664
49724
13697
24042
50691
39501
93401
77861
54435
30823
27278
29857
72732
9913
2519
78760
88292
46588
73389
36620
33053
9935
31378
66798
7450
21269
97333
79390
99113
25780
80235
59580
77412
4628
14429
28487
90967
55936
28293
65822
48301
37203
6079
34070
22833
81618
46053
57997
94927
1583
90201
40860
62490
51811
68243
64173
11973
67064
55468
3323
70697
97326
1386
50807
15765
62724
26195
88590
28970
76659
85034
86249
99291
71339
25352
35743
54425
18077
38826
29042
9530
50786
3681
68458
25989
68097
39362
24572
21432
3346
66969
35865
7151
62734
45387
41673
440
58757
23180
37804
50782
90921
89132
22534
68580
17208
96126
21020
69647
94193
43184
55067
52795
49293
46690
9166
84013
77907
13093
34344
26548
13567
71268
64372
95428
41769
63074
13366
48843
63133
2060
12310
54372
54283
20721
43535
52985
81462
71507
22627
61196
46646
10085
13980
55411
86709
12218
71477
92880
23861
40759
13093
25599
19995
47755
53470
98653
56856
28152
71895
57270
39341
70985
21273
28565
31512
91368
52835
24745
49504
81930
7801
83943
81094
42595
99053
78636
71419
53170
88520
11327
29873
78450
31255
28805
5997
30711
59565
21402
79743
37734
3154
48140
43419
19545
7237
32182
2529
60409
14605
85644
88771
93438
50689
25195
24966
58725
66808
58925
8378
52892
16930
6832
52310
5006
13155
1613
57908
2381
21622
96384
2206
64015
45941
2567
11228
2683
10432
77822
6915
61314
7283
25163
98439
24383
54429
31608
84168
94214
31884
99907
49175
69755
1841
48176
80118
62486
52369
67722
62593
86543
59293
86779
8842
63971
13239
53736
34088
16306
94379
19723
67694
92776
65098
33178
44470
90716
12746
91837
91681
24602
17065
26442
53677
80116
11586
29989
85731
30865
74625
60701
4565
40087
84574
99993
50782
35987
4795
20169
42970
43584
67469
69610
89340
39744
51658
6862
63983
75195
3709
49453
37228
35151
28829
94659
43772
20226
1795
63243
66370
26538
87300
87700
49848
73241
26218
33556
63006
26110
96385
77337
50522
58638
7110
57582
83716
8271
77074
52230
6334
56619
29833
27672
31320
89828
26416
11587
62837
74322
39617
27071
66531
13530
62549
52148
68710
87269
86115
53188
40660
14120
59325
33065
26735
28220
13821
36210
17182
85875
63828
9466
21063
91368
50097
42309
25460
34732
35002
25766
74258
41889
94903
14663
81867
4190
40299
38310
61102
87165
69969
9786
2923
98193
31641
3402
92063
37513
3538
82769
83446
81222
59856
81078
70316
52081
45828
69778
47861
19967
47989
40852
83573
61341
69400
42502
58668
37219
45479
91314
26200
72484
27469
47350
48964
81018
80602
29508
94053
9249
80962
13975
32070
50195
54841
53390
79899
5499
26209
86449
86751
56305
52011
55682
3248
44388
29950
31468
11944
3464
10281
15557
93790
56788
38572
14604
63266
16930
57993
19426
92543
36461
15925
32101
48528
97635
25433
82974
76580
29560
24362
32470
98905
71883
21471
49853
2606
47445
43619
83543
37391
3979
34863
43032
21281
10759
63302
57033
73381
67170
18144
97255
15212
29241
28618
54476
93321
65634
14870
57806
81028
97480
32785
35797
88528
43296
6146
79261
99056
70739
22383
95056
92114
52460
27087
23403
9393
79961
34680
16169
5749
56683
30003
13758
93715
9124
36826
92927
35327
86509
25299
64005
2582
39494
65357
69132
9489
34986
670
7594
83544
10528
5089
86609
49792
97846
64993
8813
10655
85419
48271
83540
16077
33554
16656
75601
98101
80420
9516
61717
35486
44286
91718
96763
6452
18420
66845
86755
28443
65229
38004
29885
97603
63424
69996
53636
94330
96021
72813
1051
74779
15735
63679
3303
51873
80719
55587
37700
83255
60965
17825
41996
34607
89800
17575
35217
33158
5348
59777
28776
30225
7289
90552
68477
16494
63272
62476
48490
28931
33431
6113
3688
81498
41000
29049
73837
14481
43391
7333
67480
28120
10077
26673
11062
65849
94854
57841
92796
44054
37002
90824
67382
58994
9333
1816
33903
2946
52036
67165
47049
81791
82327
9355
45393
93224
37858
89951
53615
31786
18976
4298
27620
87755
3254
88307
18352
43252
81753
61710
61748
40302
92239
11376
62419
68599
35015
45402
29478
4059
92074
45921
29826
28743
63477
38911
95219
34299
4291
49590
33581
15699
25879
44318
24865
13259
51636
70439
49043
89095
77637
24447
82710
48725
56293
1201
7568
11441
11812
53696
72576
47756
91487
25753
26368
25017
46232
35915
43416
79064
30404
7704
93967
32282
21248
20325
37809
83609
22234
49978
32340
97283
22785
80195
19758
16405
86541
19952
28547
88983
75041
73550
87505
16560
59376
81292
64725
37346
17616
21602
10371
19373
40444
73571
85874
47769
63417
77712
76207
1196
42790
27430
93623
91487
66028
74474
88194
10261
53113
55893
26831
91695
26627
39662
32231
11355
30470
58691
70583
52050
70478
96689
32330
34818
49081
75650
7571
85951
67736
28669
56344
27941
30215
53241
90814
72600
45700
40497
72030
15531
66813
33120
12768
96134
30046
98127
3874
48562
98115
7708
21194
37958
81882
69295
60870
14877
22857
63853
4508
92769
93131
35969
23103
1220
16839
3547
67858
69449
34587
23003
51724
73522
29341
59518
62622
98642
61191
56302
90251
14535
56345
40723
2492
11876
60312
84071
66319
8216
2577
44498
10761
33069
57795
19805
47918
804
6881
73820
53324
77964
83834
43306
24791
36096
42179
86067
15259
66798
94743
68689
68102
59508
5741
32045
9187
31072
70169
50948
17922
51004
2964
25858
30433
27529
67624
23035
83496
18853
129
72642
28041
15805
95095
27731
56931
11261
52457
89762
98480
36510
80274
39383
1580
15755
39804
1742
10244
61135
43187
12007
31717
93471
91790
75857
49906
12068
41525
66651
73792
45640
5234
86281
483
67822
12185
17677
68182
82944
62044
44742
65528
71982
26122
76431
23917
88719
670
30547
31453
27173
86130
34505
62978
45549
54628
41189
8740
1043
85464
9874
17243
35226
92364
22526
75761
38897
44002
91457
73524
95151
51933
66031
74775
65922
2543
50060
40436
12626
76930
91890
95779
40373
51555
40879
87511
55611
23673
88085
19430
11866
58948
72984
86164
67118
22731
60325
25810
44875
70519
6639
98109
76443
92003
26671
89962
71600
31891
36518
55496
95027
8971
28899
97905
87407
23714
21430
32680
19427
15818
39008
27467
7859
4294
51973
86744
40654
11161
81658
44839
81600
10394
66816
40209
80723
44082
98108
10573
23568
24312
66977
80056
78548
2320
31170
40551
77190
11137
80611
70644
67549
62277
33875
67031
23325
14992
52491
81242
20842
75332
70908
3925
53032
36136
82699
31398
37712
54297
22620
3274
3600
30201
12232
9814
9878
51271
84582
92093
24388
20585
12948
90133
39547
28635
73360
22507
39733
18113
20748
91784
52555
970
92989
85234
41263
95771
8856
39760
97671
57845
72620
61654
9679
88292
2000
20082
69337
34530
99593
78619
83424
31308
79292
78763
99248
674
44168
57827
86992
80547
30939
8866
58136
63231
3079
13147
6571
13599
74960
56878
10999
58607
33193
5438
67002
36280
69231
86010
73455
77813
51668
38719
2679
19689
91646
71170
97155
55754
14975
44255
14338
44512
47766
4977
42274
43679
33906
46507
30486
37033
85494
47595
94738
42450
16435
19376
69993
11319
92782
94408
23397
6611
23390
27293
31422
995
43653
43476
16766
1464
37286
27475
81047
91840
39061
87803
29559
43783
70738
25552
70746
15101
79796
2517
56654
62099
3091
33999
27392
52596
27077
7052
9405
55306
88148
73411
4231
96475
11666
15632
76226
59135
46904
35042
30959
1521
5687
97401
21577
19911
39915
92699
78825
30078
82420
63795
61586
12564
4365
70288
19854
88294
95004
58910
69542
42794
91216
49895
32391
87674
44959
39625
71907
93424
30855
71182
85329
41679
8109
44206
22669
949
67195
25933
45913
37153
68212
28599
93895
50073
19531
10722
2692
11349
78778
170
60244
39666
46485
73739
18884
59727
3111
19499
70684
26018
47490
53813
27636
19022
16404
17170
14278
58769
39639
52089
59257
66061
37381
7552
71634
30809
14655
77509
94242
69128
74974
31982
44728
65614
2437
75887
74550
73938
71478
38086
3079
47943
97461
31890
77957
33453
18767
83472
96272
65061
87854
19587
10233
22309
2002
70841
20923
51937
81550
89649
47476
38541
73113
12704
46908
17376
70110
73784
54010
39047
14631
30058
26093
43152
67874
90348
95993
39336
39088
21233
9124
94542
7897
68025
35831
46536
61136
71891
1519
39787
1719
46316
96093
38300
14177
69672
8888
60546
9379
44197
76096
59662
84186
25891
14455
29211
92041
85712
46695
73813
1562
40439
76152
75710
72630
40344
88071
64052
54831
72055
5653
4854
16680
29316
80161
70965
59915
18770
57204
12548
86496
44105
21275
5709
44653
63016
25363
32058
72367
20180
66362
71728
65649
28514
97734
99178
44127
84211
83547
26682
1829
46713
51802
33380
79896
53398
79504
95128
89176
44911
39751
8055
41219
94627
96232
44677
1484
71888
31132
5298
29080
41946
55409
80490
27344
32930
80278
61399
70605
82735
88602
39291
69773
97926
87465
20118
96022
78209
72033
33929
58647
1157
53821
84690
74809
21580
89285
84240
68995
87023
27434
34975
61317
14110
6337
55802
98911
19819
10527
7071
63443
16076
97408
15840
28678
25696
49196
98016
23076
77325
13421
73863
4210
75840
35453
53834
47698
94894
11611
79549
57088
28377
79765
84585
88650
13875
354
81820
75929
42985
26303
55220
39073
55317
30118
40888
68114
50583
39374
68398
47232
55213
61626
84682
80797
88557
23357
83656
5330
99235
30063
22464
19059
15595
69280
44403
29591
52892
99395
31244
89119
75065
30385
11993
72273
62924
7167
46968
44018
78104
23641
7219
11410
33751
74931
67580
34970
16391
58997
228
57540
19278
84502
63921
29728
98265
84022
55700
37723
71946
11569
44965
28477
47989
611
92044
21871
92433
58107
69413
38835
25042
66675
25299
24238
85330
78580
16795
19799
27974
38863
39933
6477
7510
11445
46840
45004
84917
55369
44179
83868
17401
1356
49481
11180
50724
39311
41155
39208
78546
25188
89755
49514
26443
18157
59321
23067
6938
15784
94960
24528
86434
36680
82598
68491
49546
3649
97034
61248
87831
26739
88831
47020
77043
78472
47574
30452
61805
70347
58926
12112
56367
48905
67759
29501
98446
36149
20687
31213
36430
6629
35810
65703
9952
28695
37251
81662
83064
27432
31446
15957
65473
91100
67194
42161
71662
60557
67162
13514
96500
78053
13387
60654
13860
26507
99369
42055
70716
63854
16515
32321
44924
34445
22220
72931
17476
81782
15409
97680
75228
15083
11821
3915
15753
57537
37886
54504
38848
709
24946
16701
96812
19498
88924
81545
53371
95529
36253
41187
1843
7422
64526
13721
78723
32278
35941
48575
72616
11602
43917
22741
90539
80196
57443
76217
91408
91024
1598
62645
71061
70225
91515
36103
335
25177
89189
25537
80050
50985
80361
73093
93842
67790
29510
61530
57631
17310
75577
42675
77423
27645
87201
82145
62019
48801
89859
77522
43388
7662
25208
54148
6039
10484
27403
55599
36432
25885
47790
31063
96628
71140
50800
93243
1124
29959
71973
72745
1237
85300
36192
44357
61155
91402
97430
22469
39020
85123
63879
83259
17010
27909
34975
96549
81145
99065
49059
19848
6117
60647
97781
35188
50390
75972
28944
54680
95691
14110
77986
56491
46900
88802
64127
79640
41425
14787
32064
93034
69547
2005
3963
2148
88029
54783
42405
13317
6896
5470
27674
82516
33728
19814
64196
80414
15663
5428
55966
95881
20744
25610
58909
77196
35252
69179
9671
6778
30175
55552
61358
70185
22379
21726
38480
73592
92230
10914
66959
6145
5203
19175
88893
73950
16356
79197
26200
95556
99623
39117
48180
54500
23546
67939
38998
18812
15925
9288
85260
14317
892
31167
34631
13987
13069
37438
12452
72690
32341
40052
34577
8434
71162
44119
10210
42587
88613
78888
33662
67197
33908
29180
19756
23528
61816
93922
36313
14279
43174
57189
87859
19900
53793
53197
62727
72195
87683
66931
27180
34159
31740
43795
35094
63891
47909
29419
50708
37584
51829
34592
43563
36051
7794
63377
7406
96748
60289
54228
82057
61584
72372
98134
35575
88123
60504
24830
91720
90284
12846
29
21914
18384
94047
47445
85620
90104
78349
31948
6517
99333
55285
22693
78931
39466
26022
39313
97357
60126
69102
2921
85066
35389
95470
95268
54778
28829
47602
64609
71784
8365
44190
15426
82687
75503
54268
36333
52030
18371
83450
13721
3520
67160
50886
43203
16991
73572
21843
71446
67680
92930
64853
98225
20191
68967
98105
88592
10005
13616
84145
22279
73163
79128
19705
1440
32064
84589
92453
46019
74375
82416
73460
52801
58019
90747
99645
52435
68446
54528
85007
43101
57545
39747
35257
61659
9980
6196
43750
75432
67414
57719
65385
50145
28552
72176
24233
50336
95552
41714
82490
36000
43235
4169
98369
65356
62848
472
54231
39247
95624
96201
2019
62699
20754
26738
96807
23364
38453
27699
72634
57140
97771
43338
6569
89740
60964
85483
36631
2133
68139
75594
43231
14440
66547
29967
99092
47283
12103
37036
41035
40412
54540
47722
52717
99663
33126
45201
52784
26761
74759
37955
82016
24969
49570
28311
5747
57155
29740
90135
7035
70625
20952
57887
48489
36570
96024
76672
67634
78413
98633
23567
18522
60416
69242
9230
28414
3152
2731
73370
11751
32857
11047
66956
3619
87500
18010
95622
55957
99403
4910
43150
87120
91103
19954
27222
98340
93240
69492
77200
60614
56459
32965
28610
94020
50412
10620
22925
69313
59514
50685
80502
89850
74265
82137
27653
89294
75523
55367
88550
88634
23808
97118
5418
64656
75399
75472
25841
21539
66740
15477
70960
19609
55210
19357
18717
39552
65105
44656
57381
61
42797
59245
20803
27359
75838
94257
65265
61248
91991
35253
49663
69891
82616
13010
9173
89425
42689
24869
51129
37708
70281
9933
76364
2781
67366
47557
80948
76614
72606
35661
45818
28031
75464
3343
36572
4230
8956
45409
98848
28253
18498
56550
50776
33151
26162
10866
77555
15977
44046
36298
46423
25193
40181
31359
97040
38410
63005
29144
49764
20176
58708
95125
52968
33728
88175
73522
98604
36848
50509
16474
64835
3660
88546
51335
89649
5942
78951
21362
56699
66892
71022
92297
26195
18479
7774
12935
24643
27242
60614
41697
24645
43492
50196
7496
48712
7937
95366
73979
27474
9270
85559
49345
5510
43266
10677
17974
83446
31946
68017
64553
55835
71930
19364
20245
17864
94208
38106
37347
64021
37724
48794
47135
16677
22765
24137
35793
27629
67723
80071
49173
18997
28372
65731
9971
41233
42223
98964
71888
23222
41052
80793
8758
94451
71639
9385
25511
62
26286
12327
74503
45536
64955
41468
27518
63724
12394
10334
4944
48189
21326
58367
86607
26979
3978
96706
79203
2276
11804
76035
4352
30340
13843
3390
62339
32788
89714
62507
23344
64073
84319
87777
22481
65935
11867
16931
21710
48930
66252
83310
43899
71813
44703
42619
95631
90749
40590
89704
73330
28255
98230
88530
91681
68224
32503
14436
427
97
22582
17810
72661
52746
43495
92281
25195
41922
43454
69901
75862
33926
79559
98788
73865
54016
82689
67916
14761
35355
2047
48618
1397
8763
45732
31771
90296
24807
97997
84155
44913
22548
73108
28497
82896
52927
35691
83180
77837
75671
4104
83450
33091
2212
98204
7731
25475
98258
23023
39873
29974
92774
2383
49944
94325
79179
6031
56924
1318
39312
59784
54801
47809
92408
69377
4470
37736
38547
30908
79514
38653
97667
19391
99019
73779
17341
7343
5154
68906
15423
98798
75369
38678
24837
72239
27222
50855
43692
87542
34616
60100
63024
43158
9666
27324
52815
74564
6685
90200
76590
47642
36659
92834
44403
1860
39148
64531
87422
37672
9664
42797
51216
60767
97278
15265
14382
855
43983
33631
92569
62100
29390
3105
17171
15104
41611
23562
55704
67135
75766
73104
11398
99250
6426
43573
36985
3755
23147
80037
74278
90169
3756
32893
55986
39181
96127
90573
74882
38313
11430
52680
95367
89690
95499
47109
15588
27169
62194
46499
80549
16088
67274
82463
22949
27869
67078
42860
72239
93163
33168
57153
12387
97437
72296
66358
23302
90579
97109
93366
6948
78421
89903
23518
9107
79403
29542
68287
53559
43285
37062
13536
31935
19547
61475
88000
26783
71738
33295
75154
32291
52018
98546
50913
67949
71093
64614
98209
51006
42306
24160
57992
20554
31909
38517
45399
50592
54357
1078
42833
75734
67984
8477
46351
70670
66238
77934
86994
46653
65674
69634
77582
92387
66072
19417
63566
9810
48805
85493
43611
35718
90234
72452
40360
79165
64626
34718
56279
14703
4081
2961
23944
29176
18467
52567
81487
41097
23235
46979
80297
54070
84333
9728
33487
92788
28862
27145
14187
59102
12893
37311
82904
13773
92176
33075
17464
24057
6672
94042
10164
19165
92350
58400
64805
78042
17029
97784
57648
34110
7188
70612
56512
97261
28669
69307
49883
52272
41468
62345
13335
53258
71470
40941
74378
17073
71842
85850
84371
5808
42512
89870
35000
58905
11621
71082
93394
82728
7558
45823
3560
58261
84476
34325
33462
27281
41672
59982
59043
77361
70839
44436
43056
30885
71512
78963
73770
37035
40785
28443
60311
3670
92008
97975
20941
76027
92989
58860
95447
17824
71964
88343
12895
21918
99132
97265
19123
17480
91948
24438
97305
5561
75248
6944
89760
56854
73960
20542
81904
64875
13125
64036
41201
83393
66686
63966
98338
78714
26836
12916
94067
1516
27420
2658
5618
55380
45424
76036
58065
18591
59790
27913
43814
91289
73658
755
1574
77391
49329
87726
39717
80282
20577
63330
35217
77524
78618
12619
69575
83415
95131
20409
66300
99948
77556
93577
68754
9523
35445
78402
10402
55069
9930
70337
2405
87902
83596
67668
30479
85111
25138
83890
85885
58267
28579
96693
77614
25309
32904
85855
5681
39897
4967
35428
16447
67011
32264
90610
72559
41372
61008
25687
43910
94531
58949
35716
6012
41523
14581
95783
5576
40676
48410
22090
37660
36148
88257
64142
57208
37827
70790
32997
77409
55560
99266
5731
59912
86971
98340
13336
55308
77587
63431
29280
41867
96901
69233
82917
68802
62557
22411
66707
11226
24324
63666
16975
45075
34131
20190
5369
12719
86284
8172
18517
40941
90025
3235
22291
76795
66151
42364
68540
14741
89077
47608
75839
38022
60933
6510
65727
10824
45903
46011
7367
16993
43416
28006
44428
1050
97199
43054
1625
81436
56216
79519
52326
62033
84768
15337
84867
78189
89541
56304
86275
59595
27103
87247
94226
81872
82498
95712
5463
46002
72879
69002
77816
56056
78268
30940
58168
83476
70422
13123
42607
30444
93471
66152
10928
23520
48820
19717
18982
43139
26219
65485
44277
14076
38752
88301
12046
99697
86778
80770
74285
46556
1904
43569
66340
58903
53772
3845
50848
22203
60023
35978
50531
87507
89394
81868
98837
94541
12656
51255
94329
1820
6954
27907
4055
42200
86460
34474
37003
51575
65457
71227
7154
12651
53892
11558
46657
26839
64168
63079
24164
68083
69311
1473
4464
36589
81021
55609
73306
2882
67088
70698
58042
29145
90995
12765
18712
6938
67956
63579
72613
70396
10677
95885
86190
68300
37764
85211
62937
82365
98539
48044
19065
6252
93386
39606
21358
96258
53587
405
74336
92132
89041
30477
6831
93959
80139
68309
48333
39280
10286
6841
79706
93398
68660
85900
12458
98965
60927
94661
90968
82641
93422
44320
60397
42964
2202
92494
55440
79421
1007
91455
65248
70380
33371
82096
58735
34675
53639
68464
59954
10182
69976
70860
10025
27895
50578
70512
51404
59272
63352
35192
99167
47971
10596
11001
74706
40526
33741
74454
63084
9982
48739
27938
38859
25264
66973
27736
37958
89528
53694
96112
12202
71387
3698
36541
1140
44334
99860
82597
40162
46890
68149
79313
75261
34971
69711
99356
64518
39153
74111
81824
80001
47838
39882
92613
17371
22220
92268
61754
18165
64898
15729
56491
83447
61087
72864
44076
87026
55875
11625
79898
77087
67318
25532
37362
35666
81525
2505
18830
43394
4532
1003
17163
25185
5576
62470
34926
16146
69989
85175
96154
19151
21683
19051
83022
85918
18210
3071
67862
25276
98395
91490
67405
2181
70848
48797
27917
42830
87838
92507
51291
52671
2432
91127
16738
71530
2094
13961
27471
63822
9352
62878
75841
69154
24576
24783
78592
57713
81697
48236
88777
16510
24176
8774
94755
82709
24907
32028
42491
71614
83854
93372
86883
47392
61740
26282
20127
43327
56589
35066
36016
52197
20773
20166
76471
46179
67368
31838
46623
88952
1620
18524
83988
67535
99261
60554
37721
22613
30336
25335
79208
83835
17075
47739
83739
63125
49113
19226
85451
70958
71750
38926
2310
78852
57395
77938
21931
7757
97029
67896
5282
47394
34185
94707
12093
94217
75226
2647
85240
9714
18051
32289
40280
99872
88533
56233
46492
83254
40939
82398
11498
12895
34685
10506
56557
88523
89479
11666
17474
38946
85282
46771
201
16578
23980
78601
71311
5787
8901
36248
31935
89912
45747
42280
43585
11940
71143
21631
20541
9523
94479
19087
55409
79885
15399
76685
40265
13317
57077
35796
94146
70495
85783
53433
3
21652
45284
54159
93505
94287
83356
39719
42239
76612
59923
33989
86195
18960
89449
50508
859
40003
33274
6390
36155
2364
75918
6362
86864
51597
45595
76624
95330
57522
88871
90069
23025
983
52122
99894
10037
31807
91186
25399
63288
9131
45338
77534
19689
15223
78830
81881
52520
3916
38828
10681
39564
22500
66159
15039
40262
1284
97741
43341
37613
33992
55089
46575
87728
9015
99021
39931
4510
8255
11545
41969
65672
17080
92118
26371
70674
86062
79135
87409
17702
47400
18762
38282
73458
45795
81341
93114
14956
84025
25164
5140
12130
47919
10315
7874
1145
13112
34183
86372
78345
52108
9912
84199
8828
61498
47214
65921
57460
50255
76474
53529
7423
39528
39905
50728
26879
6600
85122
90747
64053
64193
37813
29310
98317
95376
58061
227
1909
86474
31402
32296
81934
13539
16501
50968
38407
81554
89876
51631
96577
72561
76642
50303
81934
58019
27649
19047
60122
25613
25263
70867
33795
91859
89723
17402
35513
33107
42630
85047
49106
5847
9042
42810
62151
66616
57699
40494
90997
80116
91722
19013
43228
38046
89436
45724
55166
74129
97334
37838
85093
10878
18983
28021
93262
19567
84601
75875
40068
47067
67448
24845
29768
6806
92575
37689
19354
14345
58601
58948
35289
70183
78104
72819
6943
39149
45019
14899
51095
10235
55466
42547
72060
49765
83038
12474
95206
76117
72947
6264
18037
69088
20297
80566
59302
9953
91786
36966
51539
17182
78317
55232
84096
19805
33192
59230
63910
27552
28046
45467
97322
81177
40876
63243
25987
76445
3021
11476
17091
16014
79874
44320
25700
83618
72359
20613
53449
9354
48800
65902
23721
59884
34174
97683
38518
88885
82365
70183
4309
4563
45049
86082
72031
71203
93709
65889
98364
98418
55329
12258
69885
23212
76896
44361
9488
29582
89147
42685
16168
64520
2398
23068
1755
33024
85167
63658
47122
81971
56345
21078
50648
43254
42748
14493
5180
20123
94990
27435
21142
37928
19928
74646
38133
92565
41903
86665
46245
42751
6646
58076
24880
63954
94869
73357
97061
7558
43151
60448
60180
87927
92537
72087
72530
19919
22918
54830
37166
48839
10327
76292
14480
81433
65963
44156
95167
68761
59990
44583
60624
15055
6756
79850
47313
82419
14534
13962
85563
16196
57376
70093
50432
12115
81160
9160
24834
56377
35538
11908
10317
76901
4267
58346
40657
32575
72259
54763
64150
84511
31864
71249
33790
27984
4363
29952
42733
98432
29035
65426
61729
47981
96859
8109
20283
24960
46853
83937
27418
4097
32442
96446
51759
52833
89362
52853
6480
11117
83218
95626
37168
92128
59706
92583
46473
47939
53298
96542
22853
75558
53183
58405
18630
6667
98868
42250
67912
48261
26650
26319
50093
69191
6558
18140
90378
29250
59224
6832
65964
13060
83038
35964
87973
36358
41137
22622
60992
58206
66974
90863
21691
29062
7680
22996
76373
64220
38717
9484
28816
24274
30779
25528
72780
73769
3671
822
17364
9023
1961
45370
62254
13138
94803
17259
49219
98533
81840
53820
20937
97619
6895
84855
67486
25364
67732
30774
74207
86866
46802
59329
6261
3275
20045
6777
13904
62097
38073
60464
73899
40634
38227
65659
47521
11404
23653
25879
15650
74394
16652
64924
98906
85858
38892
4806
75626
32365
16771
92475
73054
93193
96983
30392
12088
38042
26670
5085
41775
26293
66217
80484
24428
1597
27941
25768
64304
58864
81972
15952
18239
65492
18551
12160
94140
49015
98450
3506
92874
8967
5765
59
89408
76575
65151
74602
97336
13011
11648
28555
55781
93746
88042
56107
41394
20406
9303
58138
11020
72874
94586
88563
91176
66995
28458
88618
26213
95893
74985
70650
73629
50241
7858
39655
94986
64498
86475
19507
17242
44673
3725
49492
8897
9013
7032
4631
99246
99239
3805
35447
11776
62872
98880
60155
77873
84065
53389
57495
46117
69141
42107
83718
95332
33266
60234
68993
653
77625
6120
44307
77085
54689
47638
88747
66538
67356
81323
68378
58871
32461
55311
53861
25675
85089
54758
66731
7054
84705
67081
93364
32303
86202
47825
57596
57665
20998
72004
89196
46831
69122
41308
39659
79887
67825
63512
77323
52144
40250
42448
33111
63579
90665
33299
28781
36639
42614
33343
82220
69875
48380
73531
69497
68224
45096
63953
97479
70121
35113
50156
20251
14270
29743
12982
92533
98916
24547
92862
47800
11819
63077
93435
45645
23621
40390
82197
79968
4403
29246
64499
44332
28728
20717
14598
43488
12509
66631
58930
99749
10190
47614
47177
5461
19023
20493
15751
69769
30052
85401
57395
49640
37512
8200
33340
89839
13279
1887
15880
78285
59916
95836
35197
9737
25700
20178
41914
95384
51286
82256
76302
5991
58505
23000
27870
89306
97125
85516
94510
10101
45016
58178
56292
14836
59726
68551
92388
19602
89015
44335
33181
44361
28268
71118
82170
22781
92199
13820
55906
58152
20736
98664
60604
33791
52853
29706
13605
71764
1591
3858
67992
9083
53232
53022
91607
76007
17168
20050
37958
55062
40447
24929
39670
82678
5465
56382
18000
42300
23019
4215
32737
8758
87501
48950
77642
22618
76437
54701
6943
84141
54403
9334
29293
91716
23774
81625
81155
80989
58801
20851
34577
44255
74046
50774
37924
18798
88088
15948
97791
67004
43202
20398
59160
41819
64074
74987
53139
90702
1139
4169
51136
35997
91619
66784
63028
11293
22519
65800
9465
60913
80409
48601
84107
68445
76851
22336
99526
63161
49938
78408
38366
27519
88952
63618
60593
44613
72739
62802
65910
60933
69718
1433
92669
48058
67659
86368
13665
50283
33499
46586
53133
24903
1162
91974
36035
73068
49831
10391
14496
29893
6653
29319
65658
98035
43136
47022
74733
70814
34564
94284
89134
23238
98660
73325
79289
45050
26137
26971
20878
5151
82201
19624
82279
27884
4427
99380
97371
88931
33223
25593
94554
7683
86410
49541
14743
38537
92864
1116
86561
1642
5878
80418
9213
76379
68831
59462
62558
67497
60530
42967
13862
28452
28643
27865
25227
44589
60632
91741
20386
93938
9040
46346
12607
9507
96576
12136
50662
48247
70479
96995
67228
98936
64501
10585
99439
15583
97642
10748
88931
23099
28729
32591
49842
79144
86562
11883
72570
33234
63659
16478
13601
27544
97648
11897
62592
90707
95670
99138
12486
75853
53275
71133
45483
20711
37940
40814
64743
29902
91833
71079
12895
2237
3109
31642
64246
22295
67646
87028
83688
71283
90266
6774
99421
33036
13828
90049
31214
96843
53686
17594
48332
10945
34700
85797
6983
16118
92834
43256
20094
57392
85161
32023
61741
96005
40928
74548
12163
75905
1206
18531
20676
86436
34244
52821
36582
61577
19103
50966
90663
1973
97423
10479
4372
82761
84021
6100
7227
28200
27745
49381
78836
14793
74266
62305
99941
55718
30503
16095
95732
69595
19356
4421
59556
31298
86941
76835
78428
26256
6628
23649
41229
61155
41297
75208
45205
76732
44069
38277
32791
41490
49791
8117
18672
45115
82529
61126
25634
80671
61818
99222
91980
27032
29855
40069
51610
47666
41463
37074
57079
80065
76144
50124
71624
51020
35571
33896
38804
11130
38605
9428
23907
13302
24384
93269
13637
91527
51076
6121
54663
78820
75505
15113
1258
56160
23163
60625
72586
46519
97364
91073
26775
95804
37531
11662
60647
20394
20638
96980
79518
43581
11392
182
66153
1365
55275
76312
72616
21104
34295
13659
19241
9507
70380
32879
9600
14439
45045
64028
4571
7066
29911
24543
44501
83618
84462
47847
86436
23348
21245
16575
14886
94922
14097
15620
29367
66102
9296
79404
47760
91207
23883
44532
58072
71345
65186
97972
7539
53251
32944
21539
77331
8017
99450
11266
17382
26870
18717
43465
84158
75231
51596
73197
29609
93944
73417
61320
4691
11484
425
7733
25052
6572
54851
5030
36489
94404
90054
86449
18414
52626
96048
3290
77549
6712
2026
70656
3286
7776
23507
88405
57630
47588
13885
80384
61685
17945
52433
16614
26517
32167
84863
15223
38499
32308
65397
32467
25983
84165
68622
51259
36839
73342
18483
71350
32003
98391
19641
7074
95929
74494
51333
47645
24067
75024
70578
2915
40310
48839
19074
11872
95096
56638
56539
2509
54490
8238
77393
57591
65457
90480
21448
10105
32354
43569
78372
67858
63767
30962
31007
66214
28409
41674
6584
67044
5651
8223
95784
79717
90853
28674
38132
69652
63560
30393
49879
34567
11201
67932
62590
77192
43372
97703
99442
84553
46362
74072
24601
40313
72213
59350
33758
56482
56270
33873
38352
72992
6412
93725
99788
14367
39618
59093
37242
25282
11771
5939
79074
3748
66762
51429
64680
34307
18378
1909
22699
92547
37074
97167
15291
83691
75854
22320
59199
33123
79451
26749
83062
58607
49077
22995
89408
78076
6965
69253
79204
76045
50096
72566
76922
59828
83305
33497
23809
3392
61093
72409
53304
47736
26301
34984
82759
15669
26168
3101
81675
88784
38114
94492
85634
44463
85252
28846
88543
11945
28235
62441
45006
85485
5555
19791
65235
40818
60525
13325
94978
91300
59498
36830
22559
89789
68228
58033
4657
95283
92226
69831
7262
10170
94084
25462
75414
43956
69694
49873
58241
62410
74096
35739
53517
74031
14398
95088
57467
25079
99988
98806
45716
38077
70365
75843
14079
58548
37025
35128
20228
5043
47006
18896
4474
16140
83669
36458
30990
22224
7491
97689
13306
21718
42319
50681
87104
76539
15628
54613
82438
43286
85009
60924
7289
69470
29617
73553
70784
81026
11622
42517
79276
20691
24540
16172
90018
44379
28127
77818
76939
42568
18027
81394
59333
47957
48947
70364
27414
85949
10738
60361
96646
71776
81653
66044
76388
96044
42014
3554
44599
3213
69807
75287
79902
95723
62943
5327
60889
71147
12717
95428
4877
43401
80262
1688
27235
78822
26719
83626
93183
80124
79550
37372
28017
53644
99546
11703
47792
50148
95001
38658
36569
39471
16862
46509
28855
92312
44321
43344
27632
2120
47551
3110
56107
59358
47453
33227
24087
54946
75568
84806
18851
60282
10167
18348
83027
29731
75873
25866
10062
80908
13201
80902
4252
16662
67881
31155
41003
39804
43224
44369
21107
9176
11550
34638
31188
84409
23577
78156
13346
64184
30702
1480
29968
52251
27512
77882
24866
65962
76108
27035
4008
86240
50039
94605
45959
719
51094
26525
64241
67577
53940
86226
76207
19054
23772
48727
7113
55156
55850
62856
44372
86495
72724
26853
58369
16852
82026
41987
83403
75573
99986
11233
86047
23563
76772
34595
50913
46771
2811
39223
8426
11381
16398
53954
15779
12424
96117
61526
63560
3824
96775
33971
43036
79242
82363
65838
59517
50965
10677
56013
65688
17257
13342
95367
484
21769
5209
28677
71479
68144
91646
87351
35047
61574
18707
81045
76425
83518
44289
4935
18823
21964
10589
42468
4736
91576
44852
26947
64980
92612
13845
42759
12677
54154
98107
20659
56585
7952
74446
22042
45741
97852
88269
82332
41846
35713
35062
69557
31527
10845
52600
48926
52535
72527
44623
58105
45877
26190
71328
1729
62482
28816
28016
75277
82353
3086
84058
87748
32744
39055
64135
92709
88320
39316
82395
76012
92377
52741
11128
8178
8441
36689
90536
49040
68065
72297
98095
14126
19074
55596
89289
58693
6535
61914
57720
88886
89530
68380
96001
7984
27901
15756
8571
40015
10310
41324
56840
32716
32479
62962
38319
14662
24983
33128
22530
9817
96029
8095
43020
58370
77586
50214
11185
15804
31233
79835
89425
86901
3024
96634
18289
31152
50287
57105
28415
47391
16362
67492
45685
81561
82237
46707
56798
61940
63297
38012
82521
47919
62803
48375
49503
54318
33297
55065
55126
24117
47031
59761
99018
99679
37238
8046
11171
31043
38313
86476
23002
60669
86660
7935
53201
50856
19420
90949
22940
19667
97150
21167
79224
77489
91695
63832
26444
48623
86307
43218
18096
89172
54159
55539
54317
31322
13781
56216
31707
2192
13918
94540
36993
56696
35725
92378
3875
29217
83545
69271
931
25089
86794
19474
24930
6275
24273
22311
31718
27903
23056
55624
19931
98326
5587
1071
58456
7162
83580
74142
83318
98885
87702
92341
70319
19343
30822
68184
70373
64177
74849
31023
46779
30697
38374
6480
23093
67702
91357
55964
74982
34985
66199
37005
83879
79479
29489
7240
11280
60416
46089
32351
55678
54640
25260
69958
99002
97788
20589
43465
51006
52206
22207
13042
38140
59173
75184
90921
21305
15713
79016
15745
71838
97652
85403
7772
7288
47453
82754
50755
78886
36133
76104
89041
72422
11019
82985
92939
1543
24440
54087
86338
21056
54648
13342
33030
8631
49266
1764
26452
48432
22437
98689
43888
74525
95408
39828
80074
58042
57092
38186
69711
13812
23202
84685
83661
4442
39353
30824
27716
99123
19566
65863
49433
71750
90518
45260
37598
78175
41836
8943
18895
53904
64306
81149
17200
90250
18985
77210
27571
64315
17050
50092
22761
53406
55934
61992
29368
71435
19471
56772
78656
36376
82227
73593
42529
27311
30855
58678
51691
3973
46858
75058
38402
55437
11106
75774
17230
54369
65423
66463
6963
51992
15265
6884
57564
18880
99625
9095
40566
44216
96050
11419
22185
64439
37225
45261
52118
76701
17510
46065
94024
62842
8642
36794
11867
54872
70505
83041
63709
80924
79058
38774
70487
51
22141
81340
60414
54743
54657
5497
3060
92719
63240
14274
85773
92720
86191
55772
62832
41970
36913
1809
32871
76991
35151
39233
42222
88133
46635
59991
50650
9377
27297
56365
70146
32215
74290
35139
24086
37181
37855
61213
71597
6821
39693
59347
43975
56519
99019
95187
5394
76159
1592
55035
9465
91051
37978
38205
2312
42010
20737
79179
36971
85430
59110
44859
82013
42926
53757
63375
11942
73716
45818
3962
80261
96795
5085
54390
7710
66658
74304
128
63836
30167
62794
21338
38622
94005
44879
8662
33198
84963
55660
75667
69559
88800
28136
91447
93270
45348
35172
781
43183
87819
39771
81313
63453
1039
68938
63034
39374
66339
58548
4661
19459
25741
1413
22717
47555
93484
70807
42995
53488
93862
18599
12167
27029
8062
71821
39810
86466
19813
89174
80958
71112
62364
97709
966
56779
61251
57845
14172
57810
1213
2545
52107
96229
46024
95328
21034
81885
18412
69586
22039
75923
95471
20285
21711
63395
4093
43660
87175
85722
87124
90638
80305
51919
94426
67678
91547
99233
70729
90649
32747
32168
48284
74605
8618
98302
46605
80491
3492
5991
47417
24516
36681
75412
721
29491
4744
97664
63963
85162
84368
32713
5794
65646
44561
3497
50328
82820
58825
22547
1359
73406
87627
88868
44008
53282
89051
13121
1370
52720
89904
23748
37249
29803
62717
50576
33943
32297
21916
42219
12036
87286
74245
70520
4996
27442
49176
13753
50522
46076
78178
18346
16284
22922
53890
27352
79417
82576
78674
74952
48111
6356
84201
52908
68317
97531
98415
30303
7894
91590
97162
49555
84824
44076
29216
70664
69301
1800
41957
24708
63871
36989
4504
37987
20690
57333
12695
99398
47825
52577
21042
22850
57484
51714
49807
17934
54688
97771
62563
26478
81505
82686
69863
3083
80221
60410
78314
11063
70556
32227
69515
41477
67418
75039
22752
44859
62586
64993
68034
98799
41735
90526
17830
38157
54820
94081
44592
90856
61984
49704
52268
91366
8610
29289
54864
59160
92981
91133
98963
99272
80717
9695
38205
60290
27698
11512
75907
8847
36057
20844
87364
20015
66901
18281
83320
26123
35267
81161
41177
58979
26215
97560
38218
36254
95513
47248
19706
85882
61772
24217
24504
69523
75576
70914
18086
7513
17132
37951
21080
24630
59711
67369
62383
28904
1212
308
52387
70994
97671
87727
98061
44249
69458
10859
68492
83475
32681
73275
85227
70505
94150
44180
95575
97246
88794
26663
94363
5645
64083
42923
56569
24566
96281
89283
37805
82161
34669
19131
18863
88796
89837
6612
25131
67856
11573
41928
12304
53287
50341
9449
59219
3474
8703
84207
81953
9722
27437
84208
45872
29234
69076
90470
48305
28564
85280
67708
52283
60696
57558
91737
14819
26948
89702
19037
58192
77944
40016
55210
12809
72633
79482
33282
42029
35175
66625
21486
29604
51038
62595
30343
11362
79831
17513
15382
65608
88878
15351
58888
19746
60004
48058
48155
37438
82365
13332
4599
69664
3009
20573
57657
61631
42501
4304
46213
11882
8997
59112
32253
35743
54445
83620
79631
71868
80783
32307
73006
89951
81202
32265
43881
75168
49352
85716
38268
25305
68330
79569
62178
13836
13091
77104
86525
62248
47146
26550
24357
808
33108
7860
58282
14068
49239
77328
41283
25510
29896
12323
32549
20534
18575
75685
41763
26661
36306
96713
65664
21331
96215
15080
81446
23944
3014
70320
48367
88674
97322
70197
37335
1214
42641
7851
71176
56707
26236
12396
96882
58801
95491
25764
52943
14159
59195
27138
92934
28578
72494
86601
37278
62821
48905
35058
60380
39188
35617
7996
41280
40426
33270
99205
331
37819
37908
95092
9717
74319
971
81368
85434
42546
30873
29309
90380
67117
20187
34332
30523
57578
24643
67636
67338
36474
29903
83623
86831
32597
85188
54519
59680
82753
85821
11459
91194
59905
93886
74950
30953
3020
83271
82960
4167
99584
66532
23673
44037
69592
19309
48524
7271
91489
26640
79364
92443
79917
13865
7686
21010
47515
92195
13451
83737
14267
27263
98690
47315
52961
76386
86178
67003
74891
32168
98448
71017
77724
44333
47282
74871
78130
19242
86511
96425
47166
1323
3557
38898
11522
17154
70340
19791
87106
33551
30896
33592
10022
59581
76792
79968
42843
11959
17622
60369
30772
50577
13831
97705
94496
17567
3838
14780
21147
7013
90268
85127
32146
45090
92279
16965
31858
82099
75233
68607
19964
48657
82182
6786
66407
57030
36095
36055
54691
35966
97809
37936
84830
59577
33503
39766
58594
23193
40984
63370
42052
96669
74466
95416
63585
79673
77868
79064
46872
39317
31010
94583
13581
95730
67223
83467
88469
65993
13833
16602
86578
87955
62517
76930
47566
88074
4120
46289
73756
842
53254
85418
57122
5566
92225
46040
6882
6993
33070
5627
32179
25942
96417
28384
91118
62681
59720
76557
63179
60378
35182
16750
34915
58053
79238
71809
86598
53250
39507
75083
84248
81154
79132
20213
69468
64898
67988
81697
66560
33623
13185
86869
48131
34287
63730
38503
3954
93834
77435
55224
74393
26571
54077
7075
83058
6532
2939
94460
64298
74269
26868
4254
52718
34389
61775
15127
99809
48207
67391
59283
79203
33984
15772
34763
49691
37939
4669
63320
88711
92781
86678
89576
19170
48610
83451
91582
44575
99573
11768
77434
16338
70180
72844
90702
80571
57081
6881
92759
77799
25107
96378
85356
58836
22352
70387
3767
24403
49046
78778
71994
891
10038
64830
12365
48124
39734
28696
56100
64795
13613
21478
86595
88015
79512
59591
86462
97039
22109
63661
82033
77682
6212
23380
45655
30959
93907
58796
77412
59526
16358
6536
57940
9154
35722
84456
87191
36051
73350
31982
60036
79967
17674
85920
24050
33728
2942
80617
41296
28600
18743
70229
23070
13107
90907
69668
30591
74722
84426
12419
72850
57773
2529
88566
8927
92353
57324
83489
53497
61803
52330
46201
17227
72605
9569
51927
24801
43185
64740
35868
30597
88443
55897
56733
69005
78815
69459
8444
31718
26592
64269
65520
47626
83343
79174
89093
41050
7090
2098
96455
86602
89829
77842
5444
12467
74764
65644
70478
28909
71348
98999
98212
58274
89941
1014
38289
75780
28891
31070
1472
37911
48091
53791
59498
97195
43088
40495
1669
63120
102
23711
97840
46643
26273
69315
31310
17486
45140
5951
32108
81825
70951
4460
81453
26756
34481
2125
18369
25124
24825
30497
90710
39889
24227
84709
44284
36764
71790
40742
39937
88362
58611
90561
2216
13105
98327
73561
35562
13376
82428
94261
38831
73107
44631
96023
39939
14393
16984
64564
83317
40614
42396
95147
13427
16217
66507
57023
30544
53026
6725
55722
29193
60229
10946
94088
31941
58124
909
43923
67075
7353
90057
98335
76702
4176
66564
3286
42030
13185
15481
56579
28646
16147
88769
27432
86164
58033
82051
78050
88885
89875
57816
29382
29801
39360
94950
27595
61279
21630
58379
10871
95890
51409
42777
79103
63765
27982
35958
78256
73605
83750
67827
41823
91397
65465
96708
16804
49043
49967
61043
92462
14559
63859
42462
42994
52259
14180
67748
73895
70375
32841
68447
67126
28110
90311
79860
66946
78291
18816
75618
94061
19581
13725
98359
50232
53561
41489
87279
46972
16975
53856
53950
33102
76302
7391
43305
65515
38621
88249
28539
82604
98604
96341
17743
54544
30618
78156
94269
27384
5530
17114
90457
52620
40297
15161
25517
77142
88014
99366
50715
21507
21296
5197
72648
8200
87282
38455
90757
23550
6102
72084
16340
50727
61708
98348
26640
15345
22960
12596
79462
75431
75517
47596
36710
24057
34367
3568
93682
40265
7071
38728
10265
11192
69900
81475
50938
27126
60589
36883
40040
51286
21490
9193
37700
21488
15064
85715
85745
26147
56241
29664
22400
42446
93651
50635
294
30626
44724
85780
9013
8699
84178
95795
4989
62921
82781
26025
86246
35060
59169
93880
4867
55280
69784
87013
54571
51027
5839
93834
11025
44227
8319
32905
6855
34530
34102
10832
91518
4769
47357
28859
84244
84810
59834
15838
90846
73456
76274
24521
1009
93458
11958
79571
21128
89487
2349
56116
36501
5676
95873
69188
27595
94155
30238
85585
14146
69309
45375
90194
75812
59131
77426
4703
3325
27938
50202
54279
13954
65716
63884
43163
43037
49125
15267
28299
44304
98446
51434
36234
33278
78662
99040
42762
5998
58724
82010
48693
89688
9450
55654
43367
67728
86438
4459
42712
80489
32022
24007
55007
74250
19592
41857
85218
6342
74932
31942
63080
18758
81458
60720
34989
35368
23548
1259
71488
18261
7065
61035
10843
41487
20113
48648
93116
92804
81817
2175
94740
41950
11155
55700
68146
26862
57066
60511
35763
65322
62644
92274
22920
57592
19629
18881
13569
57056
94425
73126
43880
27567
56140
21985
54053
87407
93324
48512
28881
20584
55565
34027
4225
295
1828
28692
13335
96380
62463
18434
76122
70412
90965
94357
34504
45987
91556
60022
24697
46668
58205
95911
76978
56246
22135
46767
91886
88836
62333
39479
83078
63426
87334
15681
55398
53486
75808
83772
23692
19334
3118
98337
63866
3927
15427
48717
55920
46055
37568
52178
59280
28308
70716
79354
79648
33934
11676
14925
68087
1327
10549
22747
13120
4826
63287
80926
52044
4184
31868
72179
72552
46218
77874
48173
90093
6997
94886
75579
4228
2998
79574
62301
74347
71081
22792
87861
29539
69981
76051
7264
74458
44402
97714
97804
49583
95607
91836
88567
68425
69142
45647
62112
22092
76793
8332
67139
75139
32964
20486
67923
88490
38111
29082
55360
22000
80560
52813
71375
87429
62066
68618
12561
78173
27636
99481
8948
36678
99868
73368
75495
42249
90480
44140
74128
87463
6676
57926
24736
85261
41185
81264
16275
39989
10860
40470
51348
16187
32326
90990
6147
52950
35678
80710
7526
30731
87420
21381
92623
53566
46741
81017
70150
41644
57612
52143
25401
70693
84392
99876
1246
61524
10595
10657
46110
86025
60107
25757
15990
40522
63041
68194
79017
11047
94843
70294
2695
92768
37810
94313
57826
89714
80241
30563
15821
28408
35953
14036
30309
47000
51306
44971
58957
31395
37710
69988
75244
14279
23284
96329
96240
93627
29164
5663
16658
26108
1944
59602
6240
90299
28002
66814
24981
82345
39555
16599
75254
65279
28137
848
36922
95283
99133
36361
31686
13693
19090
33214
43509
14697
64512
70953
38643
93892
19334
90576
59611
70947
29776
71325
993
51215
44175
81410
79191
28101
73996
98666
60656
48887
51220
15217
2868
61321
96054
85074
49443
91506
4277
51509
79780
58700
61311
61671
5067
12781
82315
57303
97721
50239
4157
55742
47649
47539
89774
63409
4749
58415
17531
37610
9928
20234
4937
11530
61882
26420
28155
46784
18686
34795
18209
75609
77260
41770
88109
92863
67046
89688
1861
23374
71715
3265
26761
67425
82968
19440
57010
93201
8522
15708
75860
97852
27660
87119
77848
51355
62707
11507
95262
20818
30965
32291
58691
88735
3149
93601
74091
98514
79724
53403
32988
66604
65115
30968
942
81398
32990
53226
8501
46571
33146
9329
37045
35484
41875
1618
287
83143
33772
11688
36374
90613
55559
22902
22229
73171
33714
75036
81627
73973
21062
46436
31483
72228
98208
44494
90805
74031
75560
10733
33256
78983
95197
95171
64609
858
71952
34611
3055
43910
16179
89164
95211
9152
50184
99065
32650
97189
22752
94616
11682
11967
43136
67969
38593
91878
6545
41048
75092
51242
8096
40226
61984
56648
89289
96041
92521
84413
8984
45376
7083
49200
48303
38901
2587
28076
23313
8243
45803
6131
35734
27592
63705
73984
4427
73047
29225
43322
71295
74561
54821
3497
40174
24777
56133
46738
23388
81638
47805
39039
5406
76392
29160
95586
51121
52427
32332
35550
83226
41285
34491
83597
52002
24823
87866
50453
21135
68447
53200
94453
42066
1656
439
40850
68581
26321
49287
15482
76879
61691
56468
84833
2630
80520
3461
20796
84280
36492
45072
21629
32434
20527
44967
26243
31581
57454
99719
31763
91014
88581
3528
25597
78030
28260
82196
94870
76630
11099
45890
22056
92029
85522
96294
78664
560
37126
5160
65897
31833
36191
59859
74191
38052
47677
33426
58982
76850
42414
77791
93760
39591
72197
4979
15772
48550
98785
15035
65336
40822
20548
98641
71380
41190
44885
85167
89046
28544
82124
20442
83334
37719
2402
38359
92852
67490
93050
67948
85160
37175
60984
6850
57552
77425
95444
15253
32363
6448
10780
96046
68140
67484
62513
26415
33880
56452
3965
8386
37886
65868
98957
7399
69398
81863
36266
59880
98843
66508
82895
10429
54602
81259
86461
37661
93904
41979
12520
92032
89130
9685
51260
36887
10614
53313
23979
78845
18461
29010
60092
13655
80220
60612
29819
46256
95063
45395
73011
4733
23125
46207
50240
30281
72247
41453
51814
68312
85058
71331
54152
53925
21463
87599
85557
52221
53862
8449
45173
26006
97885
99535
32638
89003
33874
52305
42838
4185
61273
91980
65488
21463
89370
62705
40868
23298
21061
33927
71081
92016
76513
23672
58182
90266
75793
65149
74028
13652
8818
63189
84294
96942
43292
33729
30282
67926
84646
5678
83934
97925
58118
20006
73537
52634
68813
18758
20121
22425
1053
39342
99761
7358
66334
84623
71245
1718
52795
26256
20192
70127
7418
95032
2810
59356
37335
17995
682
16486
21688
75493
68625
57381
3254
83586
16470
81162
58699
77112
59587
50263
19364
71563
71686
36043
90303
69741
57394
72886
99987
48162
48487
97645
79463
86913
15
50249
18844
59905
69102
66531
78541
91069
5895
94530
69174
16429
42505
15233
23177
40602
36076
75978
25157
90694
75066
7380
55671
14989
13605
98495
19293
43903
77412
59828
54195
71938
45090
11322
42624
8860
73742
42185
56993
13818
28478
21535
6319
7213
97618
8087
11907
14845
82902
47765
20226
41011
32405
7899
77359
13263
26907
78930
10663
60726
19298
45626
13237
14072
6993
13826
48418
94047
23071
22717
76611
23137
80986
99400
19550
50782
59007
7214
56529
96669
53655
55396
4253
72730
88676
68460
45258
91202
58802
87424
56177
84537
87391
48790
97383
30575
4823
16840
79578
75117
69482
73318
69061
33867
90775
94690
44050
51419
33905
97664
79121
415
90963
8817
76245
27036
93551
33874
98562
51409
45838
86809
66712
31149
57297
95203
44015
60775
58832
