60766
24531
81967
35976
85065
73477
26653
20580
58008
14662
37524
55844
29745
95807
23080
93503
96452
17566
19536
61660
29221
68707
68142
34299
87304
33509
93527
87996
91833
57221
18543
52323
99081
54336
49558
78016
21505
72415
18770
64495
21607
69104
37582
42185
35829
5118
78397
9842
21985
20430
48956
15903
34449
26392
95118
65932
90651
10158
94043
97606
81575
31957
60760
33916
25318
5606
21002
1144
33621
28228
22440
1630
57213
17554
93670
57931
25618
11738
5656
98594
77136
73388
8702
82530
92662
81919
18961
86740
22491
44379
63238
90521
6714
78579
65161
25505
48431
9939
45145
30622
67114
5902
72255
39412
40064
6739
39705
74183
74090
45599
36817
53870
56820
10452
56087
84034
90206
67912
82054
54282
72038
98692
16772
29307
58829
52103
69607
30984
47950
2370
43056
90209
45501
55194
35929
74439
30243
59844
42870
24522
62119
97222
85603
65679
96740
43410
43901
92214
91990
45068
21509
15309
67746
70483
21330
99748
22484
72095
38426
73274
138
70874
2323
43454
85155
78528
10435
36169
84859
40161
94187
83367
29518
98470
90883
49222
5094
24499
72921
39837
75567
84757
9637
98996
24264
77928
39384
73211
85235
34750
74439
1578
96182
67678
35245
54798
9222
3993
77510
26770
12405
48377
75892
91250
27449
71612
82353
92648
93910
65281
54092
28597
85869
46120
17417
34369
5281
51122
89972
69645
6215
59949
16377
23796
51684
10493
35090
9191
50183
71338
94613
31921
63111
26339
36549
88835
59585
5422
10331
87944
71728
67310
34245
38331
64502
21645
93543
96874
48285
28855
53807
51542
2419
61881
72435
80528
93835
49121
42439
78208
86571
80444
3043
28882
58143
49250
2818
25743
4461
10620
20907
77811
41650
41719
11802
5302
10492
46599
61275
82294
17665
27453
99811
57231
60041
91314
51149
50074
50546
88900
12907
71328
23247
10408
84267
67597
43191
98016
53009
22454
1031
64522
6924
97995
88643
89837
80024
80283
1064
38939
11751
89688
13477
40211
30723
50390
62048
80093
47389
51471
63177
62742
75118
88549
96060
66564
43044
81276
5808
52407
14037
13884
67941
75124
72100
66167
85521
16253
18571
52713
97930
71867
31720
97850
28587
23759
1727
96070
51031
41795
50081
84732
19787
64060
16201
71699
98919
29809
37274
48271
15490
92268
39362
33237
79231
81449
88089
20047
66689
62163
49479
13463
38574
97016
12803
41673
54877
15157
89021
75925
71089
63931
65666
70105
81722
43355
32397
90095
95454
85740
1033
5955
59333
65457
32981
87100
45818
10417
20941
92717
74339
88438
4307
49259
88007
62584
30063
39045
50063
12441
81368
47139
35981
45803
16307
95288
41573
97308
43132
54393
17452
61148
16897
50450
20510
1262
76944
5901
25886
23248
35474
16368
7867
61379
51458
95114
3224
41298
92666
18234
24436
41066
29722
40118
58520
51582
89437
15296
52318
85625
34047
15239
81112
1956
55963
63654
45959
57609
60390
36890
11410
8143
9500
78467
54368
59077
42127
2172
46478
88037
8738
24685
48666
35719
76624
68247
3252
86806
32021
23639
33999
97938
51174
60841
4591
51145
37513
21328
65397
85075
24682
13686
28902
19569
34181
65168
37802
90768
23269
50056
88650
57164
50455
76118
65364
35617
97469
44410
27919
90763
85533
53590
54984
94398
61149
23365
5666
3288
9547
82866
64895
30889
191
57730
25276
72738
80431
56415
66557
42594
58249
96232
80813
65979
70828
48565
12095
3369
2053
73047
84975
70710
28472
83828
43916
96217
99994
80492
90740
96032
23913
76625
31970
13387
23321
24417
6158
93933
15499
68994
28803
87117
29721
22211
48075
51619
38911
15575
21143
3010
64131
20296
46698
35369
18026
65818
67767
35833
68753
78132
86811
51414
90915
29443
82367
82107
69688
11151
83341
54096
46466
70591
4128
50305
34302
98589
91687
28246
24342
37599
17249
15100
29602
62226
79929
82090
92133
88167
75252
18800
32488
63864
60763
13829
46714
78475
17003
11509
45566
73107
32786
8694
45324
7878
10240
55094
64084
17159
77668
43036
11331
88935
39119
46323
86592
15909
94668
20693
91502
86530
51688
63362
75240
80387
84886
63048
44604
53864
58196
47835
49567
23250
13844
23326
62497
18939
16672
85763
79612
40679
96782
93352
18343
45967
42497
81875
99989
55682
6477
48534
31686
5717
80483
57342
95846
50790
27404
54852
44561
1391
73729
72259
91199
22408
24323
34148
508
63188
76394
86238
81393
97316
99905
18272
15498
3243
5280
42661
987
82376
22068
6404
73594
750
62266
53281
88847
9370
37759
97232
6489
31256
21896
37357
90112
24393
39826
14165
85329
58571
98697
26361
74767
14235
57641
58588
10272
52444
53858
94364
24302
31189
20237
85549
43414
24463
42275
41635
64311
26578
29210
75082
17815
79583
69741
68993
52894
50397
81349
93907
69987
67167
59056
95511
60272
72607
49089
92063
42860
40457
47514
5201
82740
12748
23738
20316
29968
93542
26637
36515
96158
48643
74991
92795
88147
40285
32249
26639
89731
28802
1262
97710
45913
89286
66735
22499
26801
29977
17985
67084
91144
6650
3371
55545
2081
83793
85966
52485
75854
84088
73289
12914
71364
36517
55908
16157
63142
21432
57642
61286
21033
44902
51656
27327
66086
96357
47868
27421
40737
50023
28305
49215
62172
58498
51955
67114
63622
59322
26456
92150
86175
40369
56864
61309
66414
60203
50089
73652
50585
66624
95271
68550
80662
59876
59188
67008
8027
2202
54534
36110
84893
12568
29438
42298
73266
57391
37724
50321
84885
28091
81068
61239
75334
36304
39213
76042
46683
40768
93750
14764
82193
99195
25069
28029
99278
60223
36960
26668
30324
32874
51805
27341
32793
67976
75761
63749
59480
13253
95988
37156
48527
4361
28245
83231
98198
73623
29255
4753
91848
54707
92449
54790
19984
85750
20984
12198
64428
91199
32646
77999
85093
66672
92727
23694
73257
82279
28276
86147
37487
39614
74169
15667
37656
97949
52277
93580
42690
77829
75866
23402
97356
42729
71294
40216
22198
67060
68819
81332
89373
42698
7898
31535
98032
37749
827
71296
25539
40239
1519
30220
78186
17573
98255
93346
67927
24790
31882
18133
80335
46743
15751
92754
52955
3011
21517
4978
94856
58392
81613
48952
83445
92961
25067
65096
9568
23547
28102
94611
16911
90314
41789
9430
43073
17605
5595
54014
50473
88994
22439
47635
38813
58260
20172
30762
79223
21006
57856
58736
59183
94243
58561
48652
10187
12022
39813
60385
9063
89783
25204
13784
77061
27224
51528
92011
35340
16186
18981
58603
14666
47347
9946
91693
84817
67238
67122
87094
87374
72032
26106
13328
471
28543
32575
79676
25753
38375
38106
14670
12047
8166
67420
67556
95678
79427
96722
42806
93909
44802
49069
81818
25895
34806
68382
44909
9849
77482
76549
20167
93546
63944
95339
15955
53107
30741
29517
17444
60534
90012
86757
39245
12752
27558
84484
57964
88953
88937
87242
85933
47235
22575
14001
31621
41789
63066
66419
84826
96734
3109
72806
19114
27073
21526
81161
82245
84574
56765
30892
50983
45047
43590
8406
80394
75246
13885
20633
57894
38486
80819
48979
60769
39904
20815
29802
94643
63258
332
51416
93339
32825
73384
90195
18147
92770
95752
7545
8143
29503
23418
19710
95494
30598
15510
2783
71535
88343
46617
35901
81229
98169
47578
96617
70401
5254
3217
66366
73569
72490
74108
28197
67068
46233
93101
98585
37923
68951
41367
66305
84526
64370
98763
81072
36797
60913
54821
43636
94449
29701
53801
10236
80079
4580
56986
50174
39634
62655
79821
92691
7770
7367
89141
77181
5201
9019
15278
28438
577
92500
28385
12335
28504
57667
38239
94644
30608
11112
14940
82133
16584
32860
41085
81806
52476
16710
15024
65218
91301
71936
76432
49220
26225
14470
84183
65465
46739
35287
81185
72890
40359
50185
67992
81341
97692
40360
10185
38879
94056
95229
79377
48010
76607
91539
42029
24483
56969
15188
43602
4306
62637
432
68323
81282
25531
46585
83669
33943
21709
60789
26627
83259
67424
88343
55848
18277
94855
41580
38725
33521
74272
62212
89541
1896
16701
69272
69886
8784
7543
54681
22928
75230
15474
33502
21021
41459
58982
71835
40168
46407
58566
18075
84189
4159
52409
25347
30121
96977
81328
88547
94153
48659
53507
51630
10825
27357
93111
22949
67762
68567
9381
36213
47620
16486
2006
16694
18187
43626
10492
26270
81810
23304
81177
61321
42112
36625
69932
31997
50008
71765
72279
91700
30492
35421
39449
95743
86447
4334
12139
17411
19050
27092
55328
4575
44732
87447
23680
12984
85865
84346
6065
41370
7720
20344
76366
83829
46691
54423
94074
79893
81992
76959
44647
45223
8494
34499
52256
21297
89814
20923
2516
71649
86957
44167
20850
74611
68318
44595
70387
84961
6047
43905
22390
16531
49232
532
74075
23878
91359
4843
29364
18665
68505
63254
83245
52151
53874
29887
59650
53621
91057
49036
79879
62269
93152
18157
43006
84872
41375
5176
4891
63903
53429
13034
89826
6845
11108
36204
19877
16096
72931
11102
53723
16574
5599
73419
76661
83968
56712
61602
15943
88639
45421
82183
16211
91127
23064
96804
94241
97853
23669
60577
85498
67615
41077
81939
92174
24419
73400
30302
81377
90880
54966
82836
82063
27497
78263
94633
57856
23059
5862
46856
5108
74362
1866
71618
86311
56832
24532
30969
23395
96252
35164
77931
84908
12777
97212
69835
34367
58668
97529
4780
32442
69134
28886
48655
7543
6769
40868
84314
1393
91488
84232
35352
18305
10205
39418
83377
70987
74221
12997
84961
89849
57421
43486
92162
63382
51999
48742
1939
21806
1247
5004
32117
3449
39242
58222
93146
86144
32660
20698
81590
35724
51952
47097
82016
26740
55321
90867
73575
4810
35404
76188
91249
78971
20332
56367
87921
74380
62310
63905
7180
4548
12293
41950
78265
82194
70257
63045
7458
54202
15647
44614
11805
7230
9545
69498
73384
22459
48615
12116
27063
360
97223
60592
45115
85909
73745
2594
59904
67728
87367
71069
9554
60295
6732
26094
38603
23424
8252
40522
75948
6816
83041
19458
48257
17294
50920
12790
2766
85061
91160
85490
68883
20711
53233
11018
28306
73523
55351
43204
96185
45611
23742
26288
96505
37326
55638
92085
78909
44454
31049
85702
57178
38647
18501
85536
69562
33452
22764
62486
75818
57731
58255
64079
63517
7149
30934
32232
53088
16816
12169
88237
37190
66768
84618
38541
64477
11975
28533
85379
74326
81140
9250
66218
84379
72310
96144
6868
89853
96125
80732
46041
77850
6612
85619
92709
67582
77117
24284
17440
78401
88073
59336
78272
55725
87327
3051
18854
34615
98858
20955
83201
60175
87061
82070
13867
4245
18065
67998
12928
34278
23886
94475
99467
39429
72031
92151
12757
54311
88140
31712
5177
70015
53356
40802
76635
84861
73480
94420
19494
13667
24970
28386
95912
80997
56650
12575
84889
30317
32688
70700
77673
94830
52931
36631
86654
91018
54027
53476
29588
8012
91965
20713
47792
83952
19775
17926
11092
12950
9026
20860
85899
40753
30897
50989
50192
24074
62064
79911
75459
1373
53346
72391
48595
5434
40866
19732
21993
11010
43209
13575
72807
67359
58647
16171
15724
88348
73034
58580
66043
24757
57918
8769
74642
45370
28482
71849
3269
83896
43265
83178
32479
99294
5599
35309
93011
57866
77626
47719
81530
79062
97148
62177
58352
94724
84074
15243
12727
48736
26088
80726
7325
64335
89165
95838
14652
86196
90830
69672
67876
29950
35113
86613
55488
65658
37260
18723
77169
83022
78039
6761
95705
17259
38211
45948
40364
36190
49782
59227
29955
21005
51515
10675
86807
54033
13004
5583
54245
11849
87820
43335
99341
66731
26172
6474
45356
27164
96336
44740
17636
66563
45932
6701
42471
75701
74252
23326
65749
79310
71018
67604
21399
95100
11601
12275
25687
72786
92766
96684
85021
37854
14872
74120
53956
97523
38049
50517
99687
60768
76352
53755
57251
47773
58013
53210
25003
28867
51954
88460
5172
19575
71386
81500
69661
20409
81498
78683
41231
4632
36533
20567
55199
69490
65100
21223
28847
90774
25524
14951
13376
22576
28968
31314
74396
24027
98181
19938
67336
82111
49266
54480
75015
65114
90502
48486
22428
93854
76566
80713
47604
78308
3189
12112
41771
61715
47218
76769
32605
19159
81042
9081
87229
97450
46886
38080
99235
37699
72925
53150
5879
19697
79932
74984
14018
79417
24961
65267
27598
30517
2122
27512
97671
57378
54477
90772
65579
51126
38998
38992
44751
38393
25530
79729
26170
54949
74060
39490
207
34984
72233
2050
29613
68650
21220
20258
70818
80548
62952
10004
63635
39877
2634
6970
97506
58777
56641
53802
10616
54034
28557
8491
47121
53580
39590
49692
48311
10233
29398
38616
68417
26363
83341
90303
53865
49609
2348
91824
22526
18892
88821
78916
42647
9118
40220
53799
49639
33843
4560
53840
21512
58756
29800
65838
60391
43132
13909
42905
76918
66351
3206
68114
25793
29024
7911
11420
89295
49673
32636
80753
60958
16676
63309
75300
9215
63867
55796
8431
22902
75409
95721
93538
7130
70591
49448
47918
15799
25071
96204
3966
19026
66939
77208
75069
75164
94221
20293
19436
40552
86846
25225
37919
54874
89037
51448
21357
84274
8910
44796
10045
26390
37560
48280
34191
24225
21398
19414
39881
20634
28340
54910
99201
78390
20557
40014
28313
99439
76398
32554
64080
95279
94144
75742
65790
4069
98364
64213
32130
3358
36977
55363
63438
67003
51333
11081
72467
11279
77158
74933
90383
53945
73494
78402
90230
11193
1813
9334
84193
48289
89762
71587
97805
12776
78916
12758
34784
51066
99018
97808
97297
19340
46797
52204
53540
97265
81494
9932
68135
34330
44663
16019
78414
38562
67596
57583
81029
30524
37479
42952
14732
30732
93530
76211
94065
84617
53401
25406
54093
44985
85517
67387
725
23112
92494
29819
11581
3160
35736
87523
17557
73106
2032
77492
24452
6743
8144
39456
76338
17680
50192
42983
6968
99925
52515
30567
32549
77972
71809
66019
95192
80572
43115
84161
30873
21847
83797
42901
23454
15852
29828
25918
5000
75436
96643
31542
82363
10907
87641
96705
35463
4894
50799
25791
9342
93894
12248
11034
37627
94686
69124
70470
19699
89859
59733
94531
24709
31209
49918
98424
63901
4092
712
70845
74987
9187
62934
21096
42088
37788
22611
83922
37768
76845
35631
43681
37834
638
33380
67954
94335
6549
34956
52543
55685
84611
22005
23767
40055
11402
36703
90407
61002
35989
61043
61334
25637
24197
11613
82391
36642
44893
47397
75402
27771
88694
33689
52818
59966
27946
48632
30104
22619
4418
70120
34816
12466
32429
11965
38310
59586
67655
94926
15553
33067
14120
93168
60082
94216
9017
56620
94852
1241
25737
50637
55919
74279
14556
35291
24858
92503
2045
84389
66564
4889
40716
66782
9099
16716
9133
48229
55986
10993
66238
82866
35305
80400
51912
67722
72018
35598
15576
49397
78279
64992
74601
21712
41609
1943
61428
12130
57434
55048
75926
66834
48641
94885
85421
51087
88412
4641
60382
157
95634
38616
94012
15697
14840
65936
81446
61489
64483
819
71451
53846
81038
16089
72605
4298
73163
94063
66403
52180
87582
45952
53296
45529
10455
4874
468
56483
99519
97593
59755
21375
74791
39120
7388
70843
50722
14704
26736
15577
23966
16012
21498
14878
72892
10270
31274
7727
44024
61739
3363
85534
29132
76791
34041
86597
62852
86715
1757
31793
65147
49162
18713
24338
93128
99220
41457
55929
75897
33838
12042
74884
35666
58337
2875
76029
48921
58020
74648
95910
61582
40278
73904
87629
9920
71071
60287
93382
63886
63865
51228
51405
52365
93371
65244
63485
450
59930
21125
90216
38188
32232
75491
75964
91897
71811
54508
79819
88901
6882
65572
44752
61189
24928
93700
759
11367
58928
43216
69563
39221
36019
19246
58687
55853
8547
75433
84312
43669
58880
99254
61017
60528
24293
34112
32266
82984
65614
88552
96986
6568
17514
83138
28908
20100
79397
11578
12485
75
36684
85796
53335
3640
91041
33727
81428
20225
44865
33285
76211
19094
869
12490
77132
17984
5183
47479
47492
98300
29162
11183
75831
93427
92636
83262
98575
95254
40162
68889
92633
79942
66562
98471
13177
80242
2349
77237
92561
72240
56594
74471
82930
52184
51679
52963
44850
54677
70990
41260
52892
34463
27263
33588
76720
90295
86326
86081
86812
98705
84555
81076
39746
33587
41339
69808
98333
98232
39966
19728
22592
45109
69929
67153
67336
9268
56468
33215
71264
49148
32234
65508
6760
14924
13794
71240
38830
79442
21142
7587
14059
87164
52045
93348
67980
71922
46138
91771
10309
47017
51111
66396
85566
30028
41833
43925
49586
11525
97129
67777
74053
52177
77681
9060
35659
21224
20352
11283
3700
20554
48149
21438
51344
53924
22090
96206
29875
61866
7210
90545
81751
83626
48104
68253
42868
91661
92254
78428
64734
38474
72133
50501
8983
1957
9775
22028
65108
41790
74420
16131
35312
84919
65218
46225
24578
12235
66923
48948
53824
35609
8835
92688
68091
84905
50112
75245
9734
59610
74136
27782
77869
97181
44022
78193
10039
80078
9219
42314
95504
4494
17543
38514
91769
21504
71171
37872
35560
36614
422
66073
83204
13576
53799
61326
34215
29955
37039
86014
67532
28122
12407
15316
61422
35509
28423
7929
16111
4499
97861
23171
9762
49082
59098
78562
67146
75843
58684
24309
8860
96248
23266
4592
22325
63053
18731
49685
59732
58800
14199
53063
29025
50378
89978
66237
37863
46920
98344
75573
57199
43657
34068
80215
61655
50902
36306
57924
10734
74141
18623
89779
53696
91682
32222
36001
83578
73148
91885
29900
76994
80054
9938
75409
86021
64616
81851
40270
19363
9007
47722
82528
63770
73593
73739
1778
24405
73483
98992
91454
36124
39367
95625
86067
54614
68153
4169
15940
62694
36953
42354
3872
96311
89206
38872
43745
75399
66423
63773
5755
50840
90445
8028
43780
11657
84802
82751
24989
96155
57138
91954
37112
70802
62123
541
3468
22443
8342
34820
39098
93754
49754
92489
10745
76483
49047
18179
88594
34906
73494
84046
43817
68672
45557
12168
34050
61584
78683
25118
21050
85702
49894
67266
53463
16383
75209
57878
72013
13157
37152
49168
22985
78692
98631
91006
98520
24316
4616
1777
4987
72784
3742
32652
67645
10903
495
75677
86919
80793
43389
54764
57708
9031
46359
9721
82346
17267
56778
22075
22842
73511
66151
7261
98793
45780
67166
74381
51937
58298
90615
49781
72255
83500
92280
37932
62569
43357
36676
4917
74825
34
41667
41621
17162
25571
49785
70481
42516
15020
57503
40624
33049
47468
95747
57292
60669
78008
62277
38626
27322
63931
58143
45128
78384
49453
56849
75245
60716
11682
34890
50012
57965
86368
98665
45264
84940
88141
32463
68563
78762
58963
78907
63627
27792
69145
37674
69265
55806
59614
180
287
28077
12414
48134
5731
20469
86157
7785
57620
96688
3947
42742
94486
30518
72588
14059
33093
81214
33605
95620
1337
85437
29464
81842
30503
81458
16787
50548
89070
55040
53430
1372
68937
57900
17714
11130
52700
42434
88644
21774
28433
36364
36009
48543
46733
44803
32372
45824
84760
98052
31346
91660
15588
99252
80633
20714
38531
65638
60224
15740
20997
7534
32578
67079
11248
39164
69773
23472
605
72949
95954
73316
17771
17914
18016
17751
96967
28096
41159
41338
93459
60241
94384
93383
47780
25700
98407
72694
10381
62732
53309
76358
68856
27464
74624
71769
9728
40557
69104
78775
53866
86357
32343
4055
53776
40772
91377
25186
21718
72654
6150
43750
48707
29129
61609
13992
27610
14829
35869
60842
71031
29445
32784
54002
84106
86105
49094
65480
98290
78450
20406
48633
1630
87245
87422
84082
58412
85258
66784
53212
62396
44516
76284
9980
16346
36972
11283
64957
40766
340
56955
17162
38106
18755
69983
8690
44903
69241
55854
26136
52874
17637
36307
57381
23078
34414
34118
65458
63785
65997
29596
90429
59243
1876
33299
65667
34691
69178
43278
63968
48652
47141
4808
21979
3219
99584
53659
23597
63916
18380
24255
78693
35796
57342
20222
12252
59312
19787
38742
96580
12122
51366
28055
40891
83269
66447
68603
50770
17490
8979
26770
68772
82678
83531
15161
41032
19397
31062
76689
46600
99253
57992
56443
78933
34369
30643
44918
84392
64177
80959
9395
93266
88006
54393
2276
80212
26966
6296
46228
7611
14924
34535
66936
95216
74016
20495
51833
54009
60079
71956
3597
11131
62185
51267
36234
8848
52601
69021
95046
97489
22214
11337
7965
7320
57068
76547
68615
89185
78533
85965
57294
82997
51928
9573
76494
50009
66399
80289
75565
20263
55925
99011
42178
66866
2743
98818
74717
52552
73860
49976
15975
25803
73707
16707
83391
87207
91776
26672
99804
73021
63030
53988
24498
78500
54791
99688
39995
50645
99087
91634
55319
74418
41636
54331
49806
79857
73412
31597
59914
54178
33443
62499
3935
50195
38887
58517
55340
99540
13408
33523
45393
65137
56303
3074
58278
18928
2034
76651
65153
64217
32824
37843
97708
33882
94968
44873
77602
96393
90607
45278
72145
67681
96700
27708
11948
4298
60321
27606
97931
60316
78281
95553
41248
96201
70511
12719
45100
81355
52570
11080
93709
88981
87966
63587
79574
18813
92848
20029
27382
38431
81269
46316
54053
98486
73638
83352
63708
90624
29807
44026
88965
25697
68164
97666
64456
74721
71102
56955
86304
31569
63960
40833
42848
46458
77771
18923
43496
24201
15718
63038
99266
3673
34313
63784
4001
82511
50427
41253
21950
5481
56704
29816
91904
33121
94285
24440
46098
34585
23209
63801
22832
85322
39573
35084
73048
29559
95311
52789
80536
8368
53513
17645
24129
74226
86104
48582
46121
43228
85177
92412
13274
31036
49284
4837
57863
11250
73056
58528
91484
14894
86488
16882
44592
74081
63457
86504
92131
41193
17077
64421
27129
40736
92875
35264
4239
98461
818
22987
33659
69975
67718
54518
86953
47192
65629
1048
42805
79239
6214
91215
74477
24326
48324
62853
10541
17477
41883
69972
94255
41898
75599
84167
91525
39801
44603
54876
3205
15890
99267
64710
29125
74794
40520
89395
55389
62470
52107
37152
27358
78795
59713
98767
67495
60759
63757
49109
76661
84647
56785
97418
71103
59672
65719
69947
36521
16506
56165
55597
3016
73480
76819
30036
31788
97228
78897
52531
74284
42969
54774
61821
22836
40970
97039
70904
91232
31637
749
94886
11827
75368
95844
13264
8857
68753
53364
93049
52823
75954
26953
15805
68781
37728
9212
9596
14388
92131
26793
94546
40652
48701
10229
6290
84475
87599
47391
77078
15199
60957
54655
11956
65196
86938
99998
94004
26083
36651
64568
29148
86273
59964
26824
64608
1390
5446
77646
17357
62034
30777
31577
74696
21638
55561
73270
74417
24269
9140
70111
2908
40629
15488
32903
56950
2369
63186
19792
63059
67567
51646
65289
55853
1435
73800
60867
7982
40571
81671
8546
98734
32281
29359
15956
71911
28031
10208
80555
95275
65025
75844
20225
41439
68349
83402
58995
47406
9588
13680
31824
5228
437
2358
70733
36458
78093
79398
71358
55472
7992
58388
21209
82850
79181
12927
18370
48896
58303
77689
57900
4006
17693
19636
49645
82347
67993
30017
65282
66155
61878
77279
8377
53117
22975
21983
47317
82366
5436
91217
7607
28169
30564
81614
77138
45594
87433
89022
77549
32468
72172
37785
37098
51640
23433
61340
18715
2199
75928
99832
2045
31241
9856
54342
52429
58633
22410
77981
4766
83942
42743
91451
18738
92967
50992
12793
66428
45121
26617
80421
58070
48597
19558
43879
69596
73053
80441
26953
62508
72794
74257
55066
66548
9420
38643
85522
72208
63329
22270
4612
91753
83124
71934
94644
2337
67010
84818
20681
4712
68363
79880
18132
90118
80936
66089
1255
82301
36934
72738
10011
82202
18515
80909
33809
26496
62305
91571
75739
53472
82468
41867
31984
24865
56230
13795
61876
73655
7552
88339
63618
99310
3868
28543
62925
70588
77254
64301
49149
55225
56446
73674
1012
19891
62121
61534
25806
85685
76267
40327
92872
8616
93116
54125
49642
62012
49956
29251
48191
95801
17285
47500
63348
18170
6115
23221
20783
23007
1364
12286
99616
28500
65368
98103
58134
59783
28673
70837
34411
86680
32518
34651
57900
73761
51374
70318
46025
75901
83662
22639
84586
79276
4539
99709
53040
47491
71207
13569
75829
88511
84964
37054
45551
71575
46106
87116
51178
41713
86237
34939
70068
10048
18152
78041
14310
15036
75844
61938
98129
25662
14481
84421
34162
9618
33540
86754
26776
35611
36240
26882
18536
31480
19602
87628
71047
97862
71196
98005
43328
91600
57821
10603
61615
52245
9069
30250
92661
12020
71260
41457
65848
80061
78309
36987
20190
8041
37991
32639
1914
45513
9778
7924
13370
87911
98734
1857
17538
17430
82609
686
64967
75731
26944
4013
85135
21740
34346
48858
57217
81462
85529
80210
16206
21474
84244
88177
17599
42529
36016
69863
65208
87152
41783
79148
74230
18407
95297
89564
77888
37105
39949
66616
24032
33757
27479
79586
60709
83771
36785
62021
94031
63380
30503
46952
71548
16412
82872
21818
53868
25519
27807
58480
57683
58365
4626
90466
33442
8289
19371
5220
63782
47570
58806
120
21905
65336
54766
17068
60484
22553
30717
38653
59281
92694
53600
14349
24029
70770
96004
53251
1880
56345
2848
66774
56043
89648
2306
11191
14098
43584
10362
18161
13600
29496
2807
68313
10392
73002
44081
46947
92801
20483
90629
39339
19593
19336
14513
33640
73094
31915
59282
16014
36902
35155
19100
19164
21874
93117
12077
60
26866
49926
49915
86825
71264
72336
42137
42930
70037
22248
95286
95764
16918
50206
86181
60107
59728
23317
2283
35701
22176
66938
42262
34353
97084
49104
52972
29428
63940
6393
20136
82419
90127
13487
82528
45820
80742
46345
79431
82243
50200
62243
82860
51299
56961
33602
35727
5198
58038
35279
6557
76748
93389
30607
6088
78757
78538
12046
80290
44092
12111
69262
55200
98065
71209
1567
88053
25133
59351
8469
3297
49138
89763
42763
72431
23281
40974
28335
2232
39832
23622
49494
63971
40947
22755
84461
83495
15341
44934
2078
54833
59460
26135
5130
99841
44439
91042
98220
10809
53734
76415
69739
33509
42068
24298
61098
57336
37568
40574
83087
48546
63281
38252
22496
9018
54621
88298
25265
6764
32695
64160
78273
43820
72177
8313
27615
73257
12331
59523
45193
62206
2703
75453
46921
44734
51088
7381
93796
71344
98335
78749
19962
79492
18450
10372
98967
44239
94014
78050
7143
81745
57654
7380
86321
52115
99124
10911
8030
23921
88578
99336
8289
21130
17836
74265
73596
19057
58705
48305
333
20167
39671
8124
49087
81464
55888
3743
28562
29278
12566
30895
67539
62518
18323
15933
81150
55874
29794
4610
38484
60683
46513
80171
25722
5805
99037
69028
51454
52302
12756
68028
43287
55561
44588
62915
67217
50718
98763
45679
45953
54890
67798
93009
48457
31309
16794
13550
41314
26019
98905
43820
19767
86067
940
55682
22573
6840
794
53200
44770
93934
54440
2113
77448
44558
22020
92351
14210
72438
26954
49122
75339
12916
61528
95318
87065
19738
54238
37229
72643
28515
45883
13355
26574
54735
67263
69073
52656
27213
47158
5386
50117
28448
72810
8992
5502
82734
13534
34989
48762
52237
53416
46654
38387
11416
80319
77849
66150
62998
51273
43663
65599
5123
46588
77365
96371
88636
29111
30063
59411
94845
75169
84850
15140
9852
9758
55527
79558
47865
43830
60570
94338
28510
32708
90210
96151
72256
66233
6539
4320
28705
40373
61291
68682
94566
71848
91291
844
3428
9601
53310
44921
12883
36717
52487
91805
43405
9617
40447
14990
42909
27177
98308
50137
1342
73817
42408
73988
59411
57326
65109
17301
33876
43961
82719
71556
36689
39709
98017
60247
57034
7626
2438
37868
90691
61486
88206
46005
26153
81749
56055
10479
64977
45104
3799
60097
75608
5623
53594
7615
29315
16385
69339
56644
43718
40586
79104
94647
54646
8413
12810
37509
80643
16543
74064
40409
12477
25205
96714
97641
69185
71675
56138
44712
44189
16894
19245
98670
10815
3578
75346
88004
66198
48056
97405
61482
76508
57231
37328
5758
11082
79989
89414
34276
7216
12161
57794
69991
95279
34778
37180
10252
24057
50855
99905
19988
9487
73261
31543
5768
81340
1997
57068
35083
55353
71487
80039
59090
47555
91253
80597
26232
56665
47964
53133
80505
91825
20303
16884
15207
86522
16774
2282
61383
75157
89708
283
12681
44142
57104
78493
31010
25050
92377
81661
55437
11446
77454
72096
30657
18338
33833
20474
79142
33992
85744
78603
12286
46518
18047
72601
39548
67502
76383
93001
15908
68211
60636
58955
29209
50180
99303
50432
69347
83316
56344
38916
81139
7592
66858
518
38448
1097
97079
45961
87089
25882
19428
5779
57826
60368
86362
19618
17228
98802
92534
20974
22828
91283
28723
580
28222
73695
50934
48782
62039
28132
99985
22522
70017
44046
17731
13535
20450
65708
45863
26107
74791
18656
40321
77856
86584
79861
50916
13416
40169
45585
36586
22439
5670
60665
43841
7794
87041
88590
10546
59446
63000
34597
38120
17592
5382
26725
90884
52642
41746
82734
71041
76733
86397
87742
68584
60313
62417
16606
20003
19327
40846
19269
95722
48319
9467
49682
6136
67330
20899
15839
39841
27232
8426
49818
89381
63020
48229
32185
82320
23293
46716
47957
16699
86832
97149
3386
24799
30535
48473
45542
99629
69529
69999
98480
77130
42492
52022
3247
79203
40099
52495
94360
58593
74203
27722
22119
2737
43414
18597
48704
91217
56834
48211
26616
81878
87717
58120
372
23721
42183
39904
17538
21786
85438
7060
53483
95024
36931
77338
34620
52155
77241
1432
42927
66001
69248
2541
55964
18484
51817
87265
15817
16508
6262
65008
31955
21772
66299
80839
50307
95906
44437
7477
44726
94900
31241
86256
8974
5381
90254
55651
84518
71825
66504
54582
34390
94714
63201
78254
77956
84974
34353
65374
98523
9619
92154
11973
36195
4153
39777
18715
77989
86341
20620
10241
36470
35173
87455
26084
70638
15267
45293
95925
40268
29696
91095
55948
34652
79236
60758
70133
96727
40480
28958
70371
95701
84542
18458
96449
79777
40722
19305
66104
36374
58093
56850
98931
11598
23475
91960
53183
45915
56099
27403
29202
85308
77221
60038
55612
72344
61395
97794
84327
85678
23888
32266
60117
81266
21774
76711
94233
77144
92702
66055
9256
52564
13457
46890
44558
46778
74882
32685
19562
995
87132
83195
87276
97169
21163
18431
19916
28842
69231
92661
83822
26946
61606
80756
81057
16237
35328
1860
9207
17301
11671
45022
44673
214
27151
48971
2146
50361
92586
51706
2174
92426
85567
60115
56858
96981
35943
79589
60209
76775
47112
69595
38664
49169
83088
23640
89144
75599
43445
24984
27118
89806
70965
48091
43415
88084
3897
97512
96665
32895
5851
29939
64726
67467
51440
26976
1226
55322
84761
8289
99569
84603
46227
41264
62287
67151
29134
65706
9253
83936
46087
48885
16651
4511
96888
88366
70974
94894
64936
94128
32924
70755
88423
98421
84644
31270
30395
6486
25784
89269
99759
58595
85213
51197
62239
43900
86722
7890
35794
27415
79983
51366
63145
51452
86120
21305
5894
91394
33462
30104
9848
54607
93737
50794
79953
56966
58963
13373
22195
81478
94842
32651
10796
97962
40151
50311
78119
15084
88885
90421
39913
96646
77352
77585
85995
54638
16584
90805
22186
70587
45903
21999
55570
89902
51629
7613
7317
78198
23884
51342
82793
65396
16659
30898
77826
95915
36209
27749
12036
93809
85053
68915
98887
80674
81562
99552
87262
61690
73424
81477
11119
20200
97959
46216
82849
52405
83599
11423
67156
36522
80689
71793
40052
73959
83798
72720
14406
25366
66211
67306
60892
85297
70366
59361
8405
48256
18080
96385
59911
8939
309
4354
33909
74434
79439
95922
35964
95116
83777
95792
3760
73594
54923
9592
92112
42687
31016
77556
13762
12486
5585
51426
65247
68154
92459
27608
66019
90760
55150
64942
7762
28414
29552
7021
59098
16600
70028
25995
59485
10099
53660
47250
27058
6201
89494
82688
94343
83724
16356
66960
78024
68297
85268
99967
87627
24320
68008
85244
30646
48076
34931
30924
46728
50962
19041
15091
31680
93705
81187
79690
26761
95581
60318
4625
8003
11352
47672
13465
52571
23587
91961
92348
12431
50686
19877
23550
18383
36788
84121
55019
68443
87839
51167
4712
31907
34133
81507
10295
14391
65408
27951
19038
39450
48205
31800
75255
26256
85628
45334
81058
84351
33557
33395
23638
24789
46209
3851
95340
15090
14339
81369
64776
14430
85332
77362
20742
28435
36844
84199
10243
63654
53556
54189
24186
52399
93973
74536
65857
91972
28463
79863
60974
38159
97291
61740
49670
2657
68200
83377
82039
35418
41340
80749
61621
99831
59530
55025
38964
30622
59524
62703
78016
53510
76079
59277
99715
87910
31188
12507
93155
24424
51154
34053
11656
62378
34450
1599
16344
70471
42167
79592
8699
91734
83991
89606
18889
43721
71677
32016
15021
99354
57050
38104
1779
49717
2266
87950
39135
11538
67524
43969
79035
46942
21306
12344
21645
73036
79068
64172
40830
97000
76432
35475
3929
16797
89348
45372
34648
82120
39635
16205
92774
44936
57551
52265
39327
50140
33690
2640
89292
15644
1525
42770
5196
66089
31468
21979
66664
78366
9256
46341
61988
33429
25072
58225
65759
86564
20530
32456
50958
53487
228
19912
94473
3717
72767
36952
45261
38991
64826
87149
43849
35263
92028
80539
99717
75388
35767
60702
91657
26718
90303
22743
82444
79391
69496
65031
57495
1787
54816
79237
24490
34540
92660
23812
96316
58305
83981
68333
12915
45505
65506
45598
61750
23285
68553
77435
81064
57461
60372
46880
36321
25227
95919
29891
56451
6266
22768
26646
62363
1948
68099
36793
28259
76490
30717
63386
47406
28259
94189
34739
9431
17353
32620
36307
97889
48714
20
73501
15843
35961
58385
47328
38129
5865
88102
50415
86643
21996
32784
45683
67088
62404
71
52182
98756
23298
76954
5991
68105
49039
81672
88579
90619
35506
50607
74747
50077
62718
63466
47307
43378
58443
85704
78588
66337
10164
55094
13296
12670
32846
14617
71562
47349
17329
40402
6955
38051
10403
49163
82431
58113
10218
78950
1203
47999
87209
74263
9234
10687
89453
39496
68662
68796
30940
63682
58696
38450
79644
28393
84039
17776
94178
51799
36860
36835
85353
65708
33770
3227
8613
54270
93170
57117
60470
13757
39231
71761
48689
69959
68647
64184
61735
16641
24056
77438
36326
77057
59219
12629
23028
44896
94230
43353
11947
59397
44478
60235
31682
20900
88078
92062
5981
95180
79315
20990
55469
11173
38725
22828
18075
27654
29784
11130
39552
25367
39610
87580
64387
17925
16959
72276
16670
5477
1675
13230
12392
96377
80823
53467
62869
76743
10782
14955
63486
61113
19842
15556
96524
3734
12216
79455
67884
31776
29162
45961
66201
78948
95843
75141
80568
32555
76203
29632
56304
78690
53054
75134
46932
57457
89346
68555
14599
98998
27328
40299
66229
61454
61857
36108
9197
84280
58365
39920
55811
28879
61532
11490
2604
7901
32572
56907
21250
1545
82661
18398
2960
1500
2818
91762
35268
56486
71292
88934
24474
602
77866
54451
46540
59843
13074
55652
75075
1260
32873
81810
32000
24553
7398
70828
93659
91023
54648
75045
51009
27288
22127
9081
84922
53093
10491
41063
49276
72503
96556
34682
32025
1404
34794
62637
62992
74683
67857
14883
92986
55053
1386
6430
19992
8262
77283
27616
13162
94337
73382
2336
19569
19791
9660
17140
57077
38841
58812
69709
10877
91812
94561
68237
60431
35990
37205
3539
10400
40480
44459
59144
63116
43394
80085
15591
90149
47014
21554
45060
48525
43923
75658
80979
14428
1528
87902
9153
85770
47689
10232
30393
31309
8952
47195
8281
19682
1282
7587
99437
81105
41617
21415
87984
87350
58380
72435
41138
98306
21901
56885
26481
12852
61390
19251
69994
93666
7283
13588
66485
15721
61093
37625
16628
60276
54050
46600
6148
86625
67056
30150
63023
77492
3305
7698
16396
67461
35683
33417
27040
19724
61461
40685
53809
47762
97284
65664
56137
6849
57621
68465
79581
63307
79878
10732
76446
37109
38095
91075
56257
76041
11579
20045
68167
50472
87725
29997
46056
85807
68657
16530
82448
34829
91496
63203
63295
93068
88475
2797
85903
17432
87262
94041
3615
57056
98801
47683
27820
35367
4545
67021
28458
56361
81382
33620
7310
6166
39752
96195
17008
34457
47586
6369
72923
20947
55935
52171
38933
12905
43615
2553
95639
36003
72687
77912
15865
57202
45554
25447
18
679
29608
72593
56731
77981
15319
34108
97205
24692
54119
33186
60905
48987
80048
63569
5037
60250
18653
61418
62295
67738
6735
23901
52261
43311
82018
46308
9729
62115
91739
68527
19954
49734
80694
39238
12056
65056
19950
72020
62290
68213
35725
51800
6356
10968
8220
76280
92180
44483
17164
87638
73261
82974
75447
20468
86272
32453
30117
46543
99293
65144
89109
9277
6446
74886
90731
40765
96651
12330
65148
75232
96330
18244
97688
58756
70143
91988
26338
61524
46644
87953
79120
74984
83473
85648
71478
1361
64992
52057
957
88099
30127
65295
19255
9771
31615
24215
20412
93550
34215
44395
62072
49127
66704
84852
72571
50658
89544
22621
59803
77577
63331
92845
47080
47413
15609
71806
51685
89753
70383
10181
71278
80664
73489
31681
8163
67297
88160
14503
55580
1555
39822
2911
16444
26314
80036
963
39097
11907
34148
62077
6609
54240
51130
92642
19280
66330
44726
65593
42637
36089
33690
37516
88174
85604
52611
49545
11321
82554
53090
3238
42385
88358
49370
83228
27475
57291
59416
52281
84763
64535
57568
58892
5683
66922
26269
21797
4532
83081
77270
13363
29145
10039
40787
48210
19708
51627
77082
35044
69029
75229
15664
91912
9811
62760
5216
92776
27712
86720
27948
95458
25704
10136
1117
92939
20525
4509
79162
5463
84389
15809
7755
25978
26326
22179
37937
85415
15096
34859
52316
88744
18818
68187
37983
45017
16425
21257
215
68291
16811
97263
19554
72267
19418
76992
62283
37356
43245
34234
24820
90195
78997
70801
24674
10616
60328
31439
37680
52496
31487
27298
88797
36199
29388
97786
5428
56628
46663
57164
70258
33934
64819
93086
70711
42020
13585
56022
37790
14212
7224
55093
29840
88679
7731
66338
16593
71977
14061
99136
41009
70280
24765
84648
1012
17341
19677
30773
87417
61661
69257
38264
93497
46048
26003
95035
38589
99851
60262
44483
83732
16719
42206
34240
1467
42124
25210
91926
89716
49150
41506
39036
47960
26817
23296
64153
53351
50780
90116
63429
85276
64024
21483
57435
90087
8107
43165
42669
60415
91099
26477
41742
35907
40218
93012
44642
9931
88225
24620
41451
39751
76347
78480
9511
57048
825
35024
87536
21830
12821
32504
64739
45522
9753
17041
50949
75088
78329
21534
5868
33880
59286
73684
85565
42933
71669
79914
78505
58353
26227
90792
4007
33708
16879
33965
28560
8252
92882
93025
43658
60003
11040
29790
85907
2549
97834
31640
75599
54797
66660
87589
96656
75603
17309
15955
71136
19128
84512
1560
66685
12516
26462
54510
89564
47269
66002
65979
56927
31802
25506
87694
31764
99330
42987
42708
16380
89861
76825
91136
78291
89797
5425
80699
14963
25178
31285
20071
88039
83736
75990
57080
44923
87807
43220
70902
51889
91530
58001
29470
52943
49570
8495
43641
65591
7577
18743
71262
32284
53577
17423
32173
62377
5271
79615
80917
79922
90409
88739
24699
10217
31714
78757
68069
84533
87976
191
60715
27464
38292
2297
4293
89298
8004
51644
38693
7958
77573
57150
95173
26875
30250
98881
45695
62903
61263
32823
27320
87641
5452
33848
2102
35494
77649
88507
99776
36546
32432
15164
39419
23021
5775
86996
90343
7464
34208
64266
41943
16323
73856
29254
77766
3154
96965
1583
95159
83965
36488
13102
7783
98400
58387
7364
83054
75876
21814
6779
85314
64462
15980
77083
42589
52075
75643
33836
79432
25814
43539
56872
19981
88353
31815
75673
83577
7625
55896
6877
28007
31294
84222
66111
43025
98002
38045
86634
82307
37166
52913
58510
72752
55187
31295
90695
37965
82904
51792
96623
28479
19125
70976
11668
19445
63281
25906
41737
53556
60100
49811
24560
34039
14971
72072
35440
77499
1798
75168
93896
61704
38959
63638
65059
49451
83779
42042
90005
2636
19010
8364
12065
63703
70757
49893
70269
59626
32189
27975
95624
87463
63745
27493
93672
9323
76952
36043
42948
76424
59241
29253
16204
89925
43332
77049
38275
42052
98689
33361
25911
14534
16404
7763
48339
55501
59699
76105
97661
11970
34189
11787
35458
54478
59352
79018
55083
91460
53047
35998
59163
6262
34199
80113
30844
58981
32992
16314
26559
5779
74098
65331
61746
46514
64852
2153
43083
2169
54572
95801
16340
32681
85010
41669
59758
82341
23261
80616
79645
10743
53755
47842
94757
14476
63090
94058
40130
15632
6643
31209
86387
61185
14388
73752
30988
83500
66254
89483
39267
69929
31073
16129
94418
47125
70365
18598
61033
19579
77023
55432
9556
78629
67616
99483
29283
66494
17988
78359
31343
46682
31593
7408
25514
70273
39412
7099
83466
85887
23091
59456
14965
46960
35089
87100
78491
83187
48034
98006
89173
38080
37780
20558
96159
70988
43031
38078
81884
1616
57573
18097
67835
89480
22291
67400
78016
55223
67896
14760
20729
97069
95030
89147
18769
31049
39016
12165
89093
4907
26574
37939
11520
57884
47866
7283
13385
36051
22865
2249
75555
89156
65030
43624
20531
23442
97106
7148
80734
33936
28229
86552
37171
94683
53078
54646
97088
43654
70008
28816
28666
2892
71876
58519
34661
10736
32411
82268
63381
92998
55194
21071
55843
36038
61407
32008
89526
69771
20968
10840
40785
13270
38371
54997
69309
33510
44853
49220
39109
38335
28944
4381
18782
7045
38871
12274
70272
38889
44362
83890
40464
64807
41923
88216
94628
35388
34703
58455
34934
89965
6344
33781
25592
49208
57479
3467
97985
25652
43587
9192
70823
86978
71655
85180
38358
55848
13754
80873
20191
2952
84293
18151
75697
56046
52931
94816
92499
66489
96583
10951
2657
52464
60358
34008
12541
72455
54888
35950
83350
51972
36221
51043
55754
4447
24383
26274
58825
20873
33973
23440
32380
53867
88909
61282
71290
71691
89524
4880
98676
18216
36582
87957
54643
91733
4089
63723
3931
25008
77223
91907
10186
85738
63919
85654
70717
34782
93865
65085
4471
77152
4218
313
95336
27397
66387
55876
92290
8242
95707
83
21192
8183
96093
79976
57567
15194
23414
37534
16815
62164
92834
79528
3878
39765
5520
60924
58789
49036
59252
67207
21445
23400
82294
89182
87795
57562
83523
73781
23719
16932
93657
22069
93311
240
2929
92496
25310
38462
97331
78358
60695
59864
99899
84673
69863
10914
76711
82164
57654
98968
81673
47593
54010
3363
31660
72147
95978
93698
44566
12000
72906
45798
33363
9886
28487
16456
85680
51609
52200
87706
42977
34416
74529
6811
24
1521
48933
75470
32881
52349
17454
21021
35263
43808
26684
33568
46914
54166
148
65095
22192
31447
98090
48820
49305
54219
46176
80050
77579
19438
65534
29288
18700
20867
43448
4447
48738
88174
99687
4707
69796
73130
81452
50836
41721
57646
52906
16608
77100
19222
65597
86530
49597
92404
82113
15170
77284
39546
1276
41150
27590
62842
72231
6586
65765
87484
22707
26009
25622
84771
68100
14508
53350
169
37487
81318
95994
9496
7481
989
10815
32655
63111
99710
43767
16583
67675
41746
42649
21730
39965
54594
82076
16366
73548
77789
11939
85779
80929
4751
70776
11759
24911
44834
31537
21305
43438
49873
13774
17517
46823
27978
91160
58942
68565
5331
23214
44720
43763
23435
94236
63539
21611
44736
54719
69571
57292
56046
29691
93359
2108
53795
42530
38054
55295
99483
4458
10257
96153
41078
8768
3348
42245
22201
78556
69343
1478
25980
66674
1039
70210
50593
30375
69079
40174
26536
51186
53261
53306
29201
12491
11379
28152
82864
6715
28478
29109
58143
8896
23028
93270
72639
36965
32663
13719
79198
45492
45564
75113
91049
19344
52522
26367
24369
5572
99134
88491
71732
86644
6325
87658
23173
52858
80192
91276
72220
37225
19878
92236
24317
6665
57710
64077
23729
46076
41631
36321
96542
51936
86694
5914
96449
23211
58860
79870
52504
92127
77515
83461
38374
19057
6898
86338
32678
27287
13990
70221
58355
30271
27270
74734
29959
91153
49837
20311
72832
9897
9185
52655
45868
35682
3064
8883
83487
34913
86569
91768
44786
8225
75335
63596
21999
83668
26808
52878
77731
35337
33520
22454
20182
71404
6352
6182
52135
40378
65544
15783
96117
82041
94238
11117
58967
47705
69470
69850
82802
16304
56742
72166
86055
14876
26729
37325
23502
18901
84630
75607
99104
84503
23246
90074
28731
56548
41914
95594
94951
38791
79311
94905
74036
19168
44770
50764
27334
26211
78362
12761
91885
76824
19608
55442
76707
91273
85373
33008
421
486
51394
84045
65190
19503
45892
96852
73640
90152
34388
46330
26508
5080
14775
70397
89232
16643
8814
22263
31365
87618
95259
78204
90641
80104
95776
8487
63775
84691
75368
727
34929
69407
57270
88335
80534
72496
3489
29904
51229
17362
19764
70985
61163
66070
69673
34173
28184
84190
55382
30855
60302
31975
46944
56503
4461
49675
4756
71624
19592
79222
82834
27455
56839
16371
85044
71536
48277
30520
39762
45254
76553
29399
84072
50122
25203
87831
72999
67115
35326
91126
25167
55821
24510
67731
26395
88674
96879
5468
12700
11100
55112
54701
60863
9716
46585
70400
69348
60579
33502
61773
37700
51280
12126
6672
2312
72394
60764
22089
32166
81075
13680
94821
74517
86728
85191
16930
49438
52761
78462
21005
11315
25794
43198
57691
58735
91609
98278
27526
57646
68285
63014
26908
79341
21622
65097
92151
35275
10032
74476
43075
45196
47207
15236
88441
77047
37164
9105
6744
69108
3783
1619
92843
52836
38420
27364
8800
67512
25344
44091
18571
93702
15196
28204
50099
26928
91469
67657
81773
71149
49402
86461
36985
29249
13382
32246
55597
14196
49167
38354
65238
64598
72941
7050
45253
89927
4711
68291
23030
36456
75763
68046
68446
18621
70771
71264
7054
28504
83762
48843
19378
50510
59939
94703
79853
69688
82964
38253
46068
2295
38501
57412
49058
70253
76595
55136
8088
39768
51334
92450
98495
73915
71232
63305
49607
81472
15421
80185
14430
86838
69049
8584
1688
46790
90689
38117
56526
5060
59537
66350
34174
11059
29108
90564
52277
42405
79432
28141
40606
27254
79666
4378
30726
16612
60450
13307
41354
66298
95410
90097
59404
31165
13062
13428
57296
49929
88948
30877
31447
66551
15722
63506
20517
1832
19
35617
28527
97979
22794
76324
62594
8300
9390
36010
74758
57701
93217
85404
62938
13597
80500
18876
62460
41416
63068
14366
20076
20558
64610
40823
30436
87905
86792
231
25189
56564
97111
92861
5546
83742
92898
20259
85272
21272
22958
64670
52639
5301
27002
14834
38191
58998
82443
81560
64419
12671
57613
27352
67277
54107
453
46956
9894
53858
17989
83868
36757
5601
53660
57521
8019
51726
72160
40794
60920
90584
32035
65022
65733
81998
78903
62401
1687
78236
24732
45213
33273
33889
6578
4702
92980
93263
4889
4211
8704
91124
82867
86625
72990
68673
72207
65675
95632
20026
32430
12192
28884
32384
31773
89550
42037
66820
36260
40566
16161
38868
92628
41667
53147
48785
48490
54263
30587
22799
52773
31606
64779
7023
36262
13851
12667
56021
90104
59806
56159
51725
1341
61585
59882
84395
83813
86283
38921
79142
46187
43654
39010
74548
90582
86330
2272
75033
90488
326
44531
9730
48478
10872
95202
78919
64032
87180
76345
78954
64281
3954
1322
96834
78634
95691
54863
77669
46540
15921
11717
63460
4334
11835
56593
7735
76059
99395
87335
40069
48102
24253
71284
36673
42391
72775
8440
2849
16412
36527
24945
16660
85722
44920
74664
94431
49074
85354
79105
48716
66851
480
85220
68938
62161
79554
56962
11957
91713
79999
60124
91191
34309
92985
81616
10222
51413
45517
22826
96962
45513
15721
42174
45685
66639
73370
25674
17098
55059
94325
93470
74924
24078
36591
12530
48663
48716
28314
89122
18723
42953
94905
46242
26921
34296
41007
30771
55275
21307
52925
73337
24836
6850
85040
24401
48395
15327
23986
16424
74422
78501
21490
68537
36385
58776
93448
26876
31751
91272
27416
12565
72383
42471
79335
17856
10770
11852
651
2398
93399
29124
53266
56718
45247
69721
81848
12922
58545
66707
39962
18043
91796
38902
17147
29178
42865
87030
33131
61339
80093
19874
84159
65086
63251
92899
76041
84851
87761
1946
78147
70761
39321
78957
66302
27877
18775
12702
36152
75323
71310
72149
37285
12907
73935
49772
81576
76611
43721
2136
78919
8358
93108
36509
9444
80795
38624
64688
88486
23026
92815
4238
78426
56453
82502
34677
35247
99947
57742
78596
93220
15629
65767
76474
77320
55299
30715
66423
34658
47694
27820
99484
65272
48924
23367
84086
29495
48518
92016
51397
5708
67782
69595
3030
39007
83501
9942
72948
29264
68424
82190
82824
14521
23392
58589
32839
50196
92964
8119
55420
20198
18422
18599
97315
39304
76224
70613
32273
62381
75627
42284
34776
82373
5785
64686
2358
56880
44675
30396
5727
45197
28729
60709
99278
63387
75446
31494
46145
49701
63247
65232
5381
51449
54788
71763
5279
34329
52376
53356
72819
86159
84886
33002
18060
77904
48728
70803
15902
74710
95936
7559
22467
75586
22672
45059
56982
62852
1562
46103
47799
47301
49115
71457
750
68377
2867
72874
99567
68443
59820
65829
11460
36068
79838
27350
45910
2526
56894
43905
58825
4689
24657
8519
85947
19176
64545
18987
21062
73625
8217
15129
2926
92221
91527
26530
2803
7038
334
21841
11041
33584
30121
9521
14937
58593
5792
5921
15495
10730
77758
70233
37804
26788
50160
71073
68494
68105
17398
16331
48988
58129
36706
8566
21065
77871
95453
95967
45638
25168
33813
13538
33720
28252
21015
29324
34985
19276
13287
65688
45459
83013
26441
73654
2589
95537
80431
53066
35490
72218
3307
62161
95792
17659
26132
66478
31999
72239
49590
77946
26295
74123
13965
59108
38988
50826
21846
35168
78156
34487
9088
42051
9390
19368
82402
40725
60582
15196
45502
67668
1435
63906
39473
38294
5824
32998
14827
4202
32223
52647
26271
61772
55585
16745
83617
77172
54559
21260
76345
2238
90539
91447
49052
53852
83080
60632
66456
9626
74488
64329
72306
55592
99275
49636
71382
15717
80273
55451
84062
43823
24318
8638
62179
76781
17212
64069
54703
75191
52278
59545
52669
9908
42770
17011
23044
67640
34897
71416
35277
37157
38199
97938
32365
82866
23843
38824
24411
18202
50469
8946
47488
11645
6878
14226
70779
29934
44283
91460
88786
53759
6951
13279
83310
83872
32087
55237
74168
17954
96264
60021
9775
29360
49474
30845
18933
58094
22355
12968
48295
39880
4620
23272
90024
24771
51910
65258
12826
35524
59229
13619
30008
29132
74109
7311
35460
34190
14084
90075
92844
46790
47829
1073
69540
91409
91187
88241
99175
78877
29241
63661
44245
28682
91462
44563
60846
76880
86193
94456
63573
74138
33114
91499
76985
55936
50504
56162
63612
14637
46774
92838
4853
25948
34297
88027
76857
14610
38045
73811
38394
30689
56180
81392
11572
51915
86578
44049
30411
96299
39918
47779
92928
874
86429
17639
78774
51216
94292
92984
72150
22033
12792
69187
35591
47789
31117
26243
41169
59279
90159
27424
85796
96258
46777
37610
63703
23833
99655
83681
85336
33415
1877
75751
70442
73586
53671
80095
18849
19535
78012
10294
23245
42448
38762
87713
61583
38376
25963
98755
56800
55183
54962
86972
96607
38516
17921
20801
68285
21003
12161
95314
16202
35077
45529
76002
63288
22988
71421
1061
29075
93905
55439
29139
86660
72506
74360
32278
27558
65438
71629
96974
81205
71760
57637
87625
24493
12126
92184
79912
87736
70831
26040
76889
91837
80096
97884
44129
8158
27729
53562
62693
96541
68530
15632
53940
67329
58166
16110
67606
30831
90988
96440
23340
29199
77885
72053
25211
80085
99972
42023
59154
38227
48431
67411
97616
77230
26427
60811
85110
35847
22082
10516
1510
33347
54813
52728
3574
94426
53411
34368
12306
74154
65968
71497
63817
11136
78531
84047
35692
26450
7800
12938
52812
66813
22126
8623
62571
84099
73166
99413
88207
3628
36131
12662
97662
75518
72703
50817
5361
82752
67487
88418
33741
24049
1901
27506
65346
40642
19380
81641
28361
40042
96015
2786
50227
41262
89338
79501
96383
49845
80512
79053
95630
23036
72863
35977
65139
65864
41542
19317
55715
44384
83436
16994
54313
14073
508
65476
6399
25325
74610
63367
55450
56393
63528
57439
74390
15686
16930
7945
3253
72918
29192
25623
26060
83830
32851
21636
64534
57172
37065
58869
83324
69140
40490
69241
23354
7394
66668
78862
42811
6750
18292
56805
55556
55015
72998
78841
18065
7452
92687
16158
42674
33656
28039
33481
53584
34969
97891
21230
52663
82797
60339
57745
60618
1814
84640
863
27707
12275
8481
26423
97004
52954
51351
45211
54302
62235
90936
29189
69069
99207
77048
40276
60549
84529
969
92127
7539
29712
45962
14333
14251
60588
32502
93249
35316
52102
45804
80567
58267
70321
20349
35802
43887
21478
90410
66169
93223
25016
17416
86963
26975
17774
93087
78087
56829
94530
12585
12069
44469
30955
83394
10928
78062
70047
12466
35647
43896
67560
93473
82609
22197
28517
90556
80331
7630
20320
8901
35110
63646
32114
49513
77322
91908
75306
56005
30104
82551
49301
34684
70095
43657
68283
75957
94961
74452
19377
38181
20858
34470
63323
18440
52787
25957
71071
48112
32978
50223
41901
20032
56621
92298
10102
1873
31038
74814
43563
83808
71995
15411
83921
57627
45226
38546
82916
1107
77893
59065
97169
81669
43248
3051
8964
21745
42165
75122
5979
46459
68353
48548
52942
70487
94493
94379
93308
39131
9987
92544
12202
29335
48810
4627
94386
2393
91906
49951
86768
18897
27449
75980
86733
44245
28858
87798
65048
96967
61172
44282
79735
48197
79180
81634
37706
74957
9872
4780
45983
1422
94728
21959
10721
14944
73073
58867
2924
73199
2568
59876
35554
89533
73326
21647
70910
87302
58854
72831
68308
63130
77993
53415
76330
39418
17160
37996
54886
38960
45690
60058
37196
79581
79807
39962
98311
95841
56973
91334
51797
13286
72018
92305
94942
66503
35768
38340
96396
41781
88429
31416
51797
3330
47967
3644
91550
61012
74443
83244
35064
63855
74035
4252
31382
21231
78633
39912
26882
50757
30899
24628
63675
75719
80854
87836
37270
57945
2228
35295
85483
5348
81314
5288
90915
18587
61591
56831
41384
91219
39389
73648
29656
28992
10233
41383
6119
32857
30265
93863
68920
64685
15754
18159
39134
4224
15456
89639
5177
87847
6729
76070
67257
66229
39903
16830
83904
33488
42133
34274
77497
18027
90177
3203
469
60325
88319
48189
83456
61710
58311
69563
99971
91626
91777
69025
31814
71996
92831
51900
60830
4536
83319
35733
96280
42140
3110
74348
70549
14543
16370
93675
70269
13291
26140
99651
15949
36812
12654
22225
24309
15331
81830
34580
1509
23490
47591
74562
46970
60118
72489
81587
74731
47632
15745
21769
65785
82334
32367
61236
61818
21491
47865
23648
26
8979
45332
15896
25407
61614
46344
15098
90358
23109
6795
51935
5486
55084
54575
4868
14301
45958
79224
41282
27705
65209
36613
53814
92717
85410
19282
56349
23346
93731
34039
67765
70238
93337
35307
10168
60978
20768
16409
13856
28989
30666
36410
8162
5723
30766
81492
29233
72119
19651
9697
62167
21720
73644
85469
22406
29127
17583
46125
23209
33682
10135
46561
69666
68884
10406
92897
19670
90560
71784
17379
62405
37717
44226
7475
60104
31821
40195
97649
49030
85239
59142
78826
71809
62973
57964
33950
23440
2115
56786
95607
37424
8522
49602
87139
55070
13798
10447
17841
90699
22644
66531
90440
9088
99639
92374
79413
37492
44380
86466
59542
92531
9743
19771
1682
6361
99925
37123
21480
84631
47991
301
42753
32997
80379
32652
30120
16680
5494
79113
46774
21062
50166
74571
45699
97278
25598
78265
97656
19586
80772
62669
50151
94714
25003
94918
41428
24841
61884
96185
5534
10568
89020
19889
73265
84330
21653
65913
33779
77607
82783
52763
60442
65156
96234
22690
29452
93724
3257
79907
14024
15204
68884
49583
73394
68746
4816
18449
97017
26320
68951
75521
40259
97415
23743
11701
89375
34849
82639
73684
35273
41546
44218
81433
78317
32358
61933
707
1609
86448
70198
73636
66762
3132
20052
2169
85169
46164
42742
22321
21707
1029
6602
49814
22778
32647
33796
62170
67425
9907
66374
52919
92546
41441
93384
43032
14056
81824
88314
71777
71710
62561
97014
32282
3705
14165
48728
79948
91920
62121
77980
20763
83489
43332
18566
5451
38162
82785
19509
24447
12281
20119
61077
78994
44091
86103
96686
43732
60826
8507
62274
10205
46233
20317
79333
26541
38504
57788
59876
59291
45662
22628
18661
85
66231
72431
55218
36090
3781
16770
76271
4027
52682
69768
67684
64915
54462
41710
52456
93754
35360
47469
96591
94469
13834
33488
15666
51931
32760
11814
64813
48038
10331
39466
59273
11717
96257
35120
31834
53652
21594
88360
89093
22410
11967
60369
21296
24697
72773
40483
23884
47116
83135
81627
72850
21325
30984
66018
30513
70027
22910
65260
72421
93041
99045
91712
73931
36686
40015
88162
76849
77160
20065
26742
61465
63328
23911
70269
99364
74637
87326
3758
65463
76949
60024
41418
91770
30706
62218
65602
89700
57149
76793
95892
58440
35440
32183
57435
46811
90598
50226
7176
15673
43073
53712
84678
96422
20299
94205
84383
91695
24492
37113
13012
40669
42966
60845
45914
44612
86265
40351
75058
50098
61842
74814
68434
68492
56669
51128
32706
74248
11421
22432
68762
67941
83192
91904
61102
38295
4498
50850
32708
40404
67244
66285
94219
12356
95117
44622
22135
84040
29582
95592
53532
57859
26008
84793
17070
51585
95890
97550
60017
48213
66136
16437
13152
69728
35889
99298
40970
18703
69095
20716
46791
92846
69220
45571
11046
22834
81966
9846
75604
29334
67947
37663
87395
21330
40424
9488
78239
2033
23138
54580
62622
60982
5964
92187
74412
42785
77455
82254
5093
48219
92592
8681
19637
69608
32395
954
74549
87320
30103
43303
80566
76052
74540
21267
16628
27339
31643
61613
99850
2824
64606
92421
62200
32227
11929
39110
11741
33057
82139
96279
90810
22242
33479
90599
79565
82010
40646
51514
94693
61709
64285
9051
53313
5023
71942
84817
10545
94563
71698
14292
71385
33901
71370
37817
27043
51258
92060
26904
58777
7288
88965
74014
30524
79770
84460
14068
85298
65358
55893
35253
36087
11909
53258
5827
7122
30538
84268
47662
12825
12906
47332
50103
8653
58302
89665
7321
42491
13452
77757
47187
83376
90827
34292
51084
5249
98659
31770
7142
93942
47449
92504
68126
5211
75046
72790
5648
1693
80580
13761
98535
60334
59269
3232
25217
91853
42932
77983
17428
47702
64544
92754
47124
13982
99163
72634
8600
73885
48080
82071
71564
76464
39029
33282
33854
89985
10865
85203
28846
59492
17690
4490
68323
20563
86907
27268
42618
19147
99517
75902
17504
94552
62061
5388
30450
83985
7543
81842
23501
84700
77220
10412
53570
13745
52078
17034
48926
3430
61962
2602
32591
85547
35077
42638
34766
39092
53168
43805
98691
46746
99601
15796
99867
74571
19144
55417
8136
45793
72454
39241
10460
42234
39194
15342
84630
46944
99356
50853
95579
75575
64658
23516
80377
54205
58225
33264
4152
81400
43118
94913
69335
24717
71879
61571
85692
44300
71831
32206
10116
2242
29721
42009
29764
84056
90516
25681
69366
35345
61656
41187
42044
77080
6956
45794
26016
10674
67771
36013
35387
78187
8014
7822
80264
37183
31736
49747
20426
85344
61846
50713
88766
80184
41739
5803
13701
38016
80371
57509
17362
18024
66325
13382
88024
22140
4821
70225
50403
96236
42203
19140
71835
43363
63507
6739
48856
531
53505
22903
98855
9050
28224
65026
69389
73454
20385
89264
97208
97925
10932
58886
35836
98924
13019
58715
99728
71134
95891
3976
37429
87010
76105
38368
16067
46440
87450
77297
6535
74725
23185
32141
58258
91240
48870
44660
27989
12926
95395
89189
45318
48989
35148
77818
37012
47337
19114
18778
18241
92750
81751
71020
14215
84349
32593
27418
51434
83206
17306
39662
68064
54612
72310
34514
66784
22498
93044
66205
26033
91909
21450
91114
81149
36970
25093
758
38709
7604
45201
89006
70428
24968
76422
35757
65724
63984
79404
38212
65219
39775
43968
12571
53611
26951
20134
79016
66509
59204
18977
36216
61667
16932
55802
15282
80137
30737
58203
18615
48213
7760
80387
65009
26089
60319
60128
77388
3688
74240
25154
97718
87357
47509
68309
79939
70952
37484
40156
2269
49592
87065
36683
40989
72825
69202
48954
41000
92228
25597
30330
84203
30803
86044
9856
17963
38383
13229
77786
68513
67463
32869
37604
37835
21059
587
13744
50390
36098
65946
74409
89486
99843
71609
91708
21735
65892
80132
97538
2599
47170
81477
67249
59148
18645
32523
76043
34112
5782
72065
48868
19293
21073
74063
36056
86499
17147
19229
76933
70320
95214
61731
29299
28428
69437
24197
20394
31996
90749
96930
16012
14333
96542
61211
98899
16383
57716
37090
64701
54072
22069
15530
50259
78098
94245
79393
26236
86768
89631
49633
39308
29785
51926
1971
32564
60350
48263
6975
34929
68808
24721
90346
1217
44932
90751
54663
83260
33761
78284
53698
23057
24022
76513
99900
67928
38653
46988
2212
87669
40247
9337
88281
52697
97739
79094
31396
33195
61390
90152
58735
33632
38728
22462
40509
63899
92500
89975
20636
69620
59363
96156
54745
3129
74341
9473
4994
1149
50390
67095
18427
52640
79209
85434
22951
74878
832
13891
21166
28123
23606
96544
7097
57596
41467
28927
44436
45169
49918
15739
11598
48605
73414
28413
41037
66100
31610
58436
53366
56836
9583
7152
54798
1598
19989
89483
75988
65668
80903
32527
66561
32013
93130
99730
8191
61823
43215
74800
99289
19510
32073
87502
80099
34795
70203
25975
64666
1294
43284
51863
42302
75007
30102
58456
2312
54613
57528
24759
17142
28312
77565
55193
20063
36672
47739
9119
17914
7914
95895
84913
45932
4492
60090
59593
69092
69208
18251
30225
66133
52049
99660
22583
20235
7394
79988
55713
48965
14889
29552
43929
92389
41964
40836
15393
12957
4814
64305
71575
63731
28934
2165
24577
72713
26899
93332
95549
90686
86147
89112
345
84160
53012
19617
60245
8177
57975
66221
34149
20462
9489
64168
29615
13991
21998
81001
82886
99799
46555
50618
72469
26754
36094
49099
96242
51550
33166
24174
72696
75032
2506
73470
73127
18982
68032
51318
37170
90516
39102
85412
59237
66427
77836
86312
98376
49961
25488
83294
61803
57801
38055
25967
66841
59440
9865
97228
31122
6015
71032
66730
44389
32947
81838
29247
7576
31026
66642
99983
56959
26181
54368
68281
89626
34150
43494
26268
70156
15633
79373
66365
5165
17690
44934
547
56808
86395
90362
16336
98587
51821
35301
33504
90899
91088
59535
18871
14310
2394
81518
77478
1682
22726
58558
14235
26903
41330
15509
56420
50964
96971
90784
76319
46685
23060
77529
11385
94876
97970
17106
45966
23093
50779
64320
53908
92691
28497
41100
14768
59824
23913
1848
10412
11894
85505
6752
871
75132
68225
77980
17166
71586
50014
20310
39789
84067
32999
4472
381
60271
90902
45870
20928
23392
83581
61933
83129
6581
79000
29918
93674
69339
25917
53430
42503
80814
66850
92843
34697
