70890
50344
30690
58900
84547
76583
15092
25738
69921
84809
63053
79538
36184
15921
5347
11097
84654
17449
23750
92103
70261
28395
12854
44710
79679
2797
71758
6149
5375
25339
82760
95323
79768
87772
45114
90388
70946
26889
59583
19485
88777
82781
57773
50661
630
59944
50450
37775
581
9170
61157
86412
13478
78170
92012
75594
50140
99437
96377
68225
67735
50472
93853
71524
29060
37453
3746
30178
76361
43668
88380
3098
96254
71021
6255
6321
32211
90226
8914
27662
68461
40131
90410
71770
48219
35727
82845
75403
29385
16905
1522
25050
92758
81807
49135
385
38094
8018
14181
29848
6268
97407
18104
84247
16919
16880
45947
67060
16492
71833
72880
3578
9319
50673
80179
45243
94420
95807
16517
35859
65618
38072
82385
97077
29768
9129
27466
84594
75048
45705
78270
8036
45850
41294
24567
33413
76753
85645
52056
20801
80984
10234
38005
7106
54523
98802
95541
97638
73656
95990
5097
61457
874
3212
38249
27287
78367
33797
29513
86408
96012
42811
36955
41086
4222
72078
66804
88342
65332
22143
2286
78099
85750
54845
73645
27150
88939
88901
91960
34251
52111
83680
17257
31890
72836
81470
34561
51861
96211
98929
39703
3186
57833
69753
97403
38342
74383
22118
50840
35581
79725
32848
69438
99440
81895
13252
12854
52359
40210
80191
3255
86375
46897
88099
38744
23997
61483
3718
99882
37729
16728
17964
81501
56544
12128
65253
10236
94937
94445
31173
67555
62134
41641
82397
79686
3682
58972
10601
87635
507
598
49227
92489
38260
79571
29268
10045
77016
57868
70661
59581
68214
8771
24118
81905
87350
39704
28590
14431
60067
73642
27807
86683
73639
35125
59692
10691
21412
78137
26679
62526
29333
650
56365
26784
54133
48181
15763
79729
5987
89944
73648
36065
14660
26598
46282
92658
9467
45136
31131
24880
8272
20157
92284
88716
2780
9225
40637
40024
73519
69398
59783
3533
22897
31293
44112
7977
44998
89018
29075
86467
97252
41629
60266
44388
69421
37378
79146
95203
92288
73638
56900
37857
2831
40467
41715
33298
14841
30415
82830
40469
55885
68486
24365
38862
79741
94627
20724
13716
17347
86945
23926
58154
27110
86050
76742
5557
8470
93378
91284
64611
84348
13634
62566
90088
2740
35250
18616
95776
27012
60066
67908
46704
84351
82841
58804
42979
62513
94207
26222
66338
30684
29007
24363
31414
56970
92701
14681
10555
3787
57279
39747
65748
88807
46319
90246
3040
26414
28211
33910
18436
69958
31417
92533
38866
40434
90710
2525
54533
73398
31480
58183
5905
13855
37744
63424
46263
69354
29387
43369
31298
80542
30606
76126
7409
26473
99640
53557
8050
68602
64316
17337
19069
79153
55096
91634
45582
27879
77508
33646
73531
67757
40525
97338
35837
51793
44157
12688
87411
67125
68664
25059
80074
39896
65497
95091
7127
12326
94719
36069
54701
37088
62452
46729
86630
37282
37369
72012
49254
58372
73035
45624
54625
27576
84855
13606
66812
28405
61603
44403
76755
63295
22646
88124
33466
56275
83561
22576
49737
3837
67215
23188
21528
75024
32963
98408
65202
6605
54591
98858
15991
87229
51153
35957
87872
46986
10127
3811
69975
39831
53858
98411
34697
1677
99315
32857
58751
56780
51880
34856
76555
43215
50131
24178
7698
79998
3648
35386
41151
34523
10431
91642
52991
44182
6204
29839
50324
185
75665
86421
24293
46298
11738
94408
65246
38344
20032
93989
96791
29325
26250
14547
2690
68856
44245
75582
31667
60378
20927
56351
83499
91793
87840
93170
26458
61069
42159
5375
32461
69897
4028
33703
48051
77521
82063
20136
99525
39892
52874
3974
15015
169
91454
89547
77522
89209
2562
5773
74154
40780
82080
29794
63848
68399
59668
27055
60133
61535
2833
13976
47184
12840
7655
62839
6731
62783
74976
79899
102
56715
83508
66882
94511
55364
72247
28857
40028
62318
54175
56094
79302
68411
22734
27549
60433
4076
88094
64858
63972
75060
33609
36513
23224
54350
64875
86415
99089
2524
77472
12028
80041
38600
10656
44562
81459
13588
7344
41948
71310
3692
45097
30797
65037
55773
61709
50594
53881
82037
53427
55898
35516
43383
90587
17680
63429
36516
63957
50078
39198
89949
73703
74848
39800
59784
54056
10464
71259
47533
76243
34002
32447
55455
73082
86106
49465
78931
17969
16628
34471
72616
45207
79440
19428
74104
94391
24371
33045
2597
70956
18695
66275
15199
45812
4190
67285
46467
55541
15623
95071
44155
72646
67616
46661
28286
28805
41806
5530
92979
43256
94901
81019
43238
20958
99102
65754
41339
20719
97584
80424
71345
42453
86265
78720
11976
40806
69861
19330
40593
94694
63168
24531
93366
34102
30480
99084
34885
7198
83445
61517
23521
31859
16782
54271
68617
52489
94244
53042
12003
11613
91097
77635
6485
24156
99678
85765
11065
61928
24920
29581
38268
43238
89357
19131
72995
65884
17686
6371
27583
37434
92498
9789
32897
5518
7459
98762
29020
91336
99920
59249
41816
10305
7111
96012
13039
49990
13465
37738
56668
59433
97682
39895
51977
80909
97419
13025
62793
68577
33094
12516
24466
24781
18950
68209
64423
24318
22484
27193
77672
23022
12269
43199
75769
71777
62420
57161
77589
67403
27104
39622
15539
22833
83866
12210
43114
80577
29797
39846
80301
44817
6852
58219
98500
57536
67241
39931
49226
73587
79290
28797
82835
67322
74268
51617
5633
47618
46067
43256
30593
34836
93102
5988
34858
16584
45313
29416
10291
86628
42210
71137
10997
26100
69236
42317
5992
46683
50922
20205
14441
16297
59211
52143
64032
58181
45052
48212
3672
7159
8036
67064
6287
86439
44462
74552
14028
18429
21187
87166
42208
47506
40343
35937
35228
39679
5884
42548
13047
91347
55034
5615
87867
37438
1793
75891
70783
4939
32426
76972
50277
95600
95715
90338
56584
46562
77898
19211
48169
7410
51286
85590
23138
16358
75280
32914
51191
9315
81371
29752
40259
87357
69771
87054
24324
86341
2045
64027
77779
65366
49408
12681
95668
94834
69219
87770
36625
91988
16193
65258
2005
28288
77237
22054
81501
84581
46537
40577
61238
45380
60590
19580
91803
82375
8793
59151
46312
19551
58704
31991
12136
81796
30344
56861
77357
92640
25084
63295
62974
54312
98430
75521
82422
94841
43100
59105
21273
16051
68032
21978
6460
59960
12719
21626
13918
89136
56880
7354
2945
46354
5930
45843
78185
16482
5269
56069
54637
18589
36627
86558
17470
77402
9716
79621
97016
53013
69503
56841
14875
71521
91753
36922
25559
41169
13461
62668
78827
18185
12704
72103
25913
24972
39339
85130
34875
14330
55148
1412
44665
69813
98235
31968
36603
80868
16918
429
70430
79464
48546
59521
70759
22604
96207
18486
59353
487
37731
40087
58656
53519
75364
72368
52516
40203
54660
43684
8072
5937
36891
48397
24627
4774
54140
82798
36745
18109
54273
50202
1255
13864
82620
64614
13244
45449
82233
87236
32683
72985
30959
34972
90746
41056
99046
69976
14022
9942
10083
82568
74917
37243
72035
32587
13215
6401
59752
5823
2501
21148
46795
69959
20842
499
37231
3700
78226
59103
51045
43931
69505
62006
33787
6751
73745
84976
28199
87421
59651
59597
59858
33524
64888
28027
41986
57319
86182
42907
28902
25655
88601
31061
41383
12473
39042
9401
18655
52969
9982
89050
43729
51980
9378
61203
8842
31320
20390
16681
35525
6533
49375
49882
66567
87040
69093
86024
24628
38904
13619
47868
55136
74171
615
24226
39441
3058
63170
99397
67562
21629
86562
81445
82672
30153
91250
85742
40901
7869
28312
5506
44096
94804
21165
4406
62780
77929
19947
96746
8624
79775
63606
89063
36678
27815
12575
47708
95454
84145
8441
48856
47982
54499
4492
86063
22684
11578
24941
13926
28613
14209
92187
16219
95555
5094
46902
95444
73831
77120
88925
47801
66160
37729
81682
83694
41389
44306
82827
5296
9808
32172
51887
95968
14760
84704
51430
79500
33881
27614
51353
26548
67271
6233
51820
89107
69078
73737
64988
99500
86026
97686
48839
8169
60953
67117
39422
97503
89896
72278
28653
39959
29245
39963
31431
67696
80825
10730
35699
56820
31899
57551
60310
99582
19754
88068
40152
40015
95036
68273
58666
5081
17228
2037
37759
4595
32311
93614
91969
86997
85992
62972
16429
24397
70088
58167
58930
17824
8470
30494
14464
72166
41472
37976
1581
47485
80614
39561
53325
11718
1725
43442
38992
14492
80638
30336
39423
59105
66715
4190
98803
45023
93264
44571
65757
61046
94869
38602
13569
95065
91478
19240
8052
90241
93715
28787
84837
11633
45450
42100
90972
10368
71900
53487
92805
46130
53252
94719
80391
84865
99507
47008
70397
19010
22882
75030
69054
45816
81547
4617
34077
78681
65181
66972
62606
17137
38572
73000
37923
43786
72240
2039
30370
74823
28499
26504
72831
50965
50675
44543
8241
84755
26352
72662
40375
91987
5334
70648
57120
43093
62624
24676
65375
69510
86746
83234
34728
62982
50038
15634
34845
57443
12023
92597
52822
98438
10316
39426
25024
13610
1288
16438
91622
99732
74509
18235
97675
82320
55199
17166
19758
38588
18016
99845
19102
87197
93960
97031
29855
61849
62650
86570
24774
69841
86535
5223
51495
58805
15194
29646
64130
73746
10408
82323
22336
22774
85764
81497
24876
50978
56068
13827
24219
8586
9677
64830
78706
82228
34448
60161
26053
9826
74737
22067
9241
79713
30757
34442
36037
21377
7430
75359
19896
14467
17297
73353
63673
4416
58329
1358
52397
14427
79797
27542
35370
29235
91595
47275
43723
55157
58221
74103
92836
31201
98008
93560
35596
98337
4681
58822
28142
88245
53207
88420
42359
17307
34074
70256
38011
50191
3576
79567
66046
335
53151
15646
65268
22771
63324
86417
8990
53087
74928
23853
76054
59088
76042
98485
46268
46261
95809
2451
4486
42557
58769
83500
57179
48775
53749
60735
62892
82761
5872
87389
80846
2813
30544
98924
99494
38402
10999
48841
31334
54605
7881
23443
7722
19748
89722
40864
72516
216
37217
93277
65917
38354
78360
49096
72761
7147
37555
7820
32349
62586
24931
27763
11944
77297
22819
37440
48077
26619
36104
55230
85891
82231
29177
59361
78685
20211
57814
74497
25857
41475
637
73779
88271
28051
21433
77799
95663
86964
9062
50380
60333
58957
45450
73937
86020
55694
94150
54830
36436
32168
76462
7607
80717
73829
91110
12029
87766
49297
35695
45101
37714
65836
54409
33740
83323
21656
97044
34666
17783
99649
33949
49519
52067
29368
57636
98742
37682
63272
96556
81394
91637
60968
74145
35273
6617
89829
91110
87509
66673
91891
56668
87050
60074
19432
44653
96805
54051
36897
12286
48077
47786
80237
99523
7559
93206
900
9200
49040
66615
60529
22270
6819
7584
3391
76118
59607
65479
20166
70264
94588
36942
172
62152
33225
16461
86993
59746
91160
52764
13781
74960
12733
71967
28806
71127
25388
31816
81385
4809
11371
54435
49759
76212
29302
35178
78498
16666
5401
3090
72144
18836
93388
90447
91427
74306
91551
66252
725
10647
34226
75233
27238
76962
30365
4878
24451
28382
20091
98492
51982
82483
74918
29892
69578
41640
20361
35324
88891
56930
21717
3196
20206
76819
49417
9619
24367
1564
39004
20149
34997
78884
44052
42861
58088
80594
59582
27743
66645
75152
67770
51894
80734
74009
23874
76890
27036
53048
22564
41440
15797
52450
76998
82991
92325
82215
78833
10762
78524
10037
47387
17404
20976
99035
89002
45829
63786
65416
57356
86835
31872
56840
96386
64171
69729
59955
65147
94771
49874
72531
42671
55950
7822
38562
20258
59661
54868
98587
93739
81218
94394
8934
92956
92021
55995
68343
71506
10583
62825
16095
31441
98688
21731
23618
94844
97228
85965
73935
95239
73779
13067
81850
95014
90416
84125
18009
28606
10095
30157
10322
48961
11847
87525
26182
15002
44532
41241
33663
56644
5636
10999
90519
77247
53704
75653
60643
28623
8713
74844
24530
4781
67440
20302
87689
51444
58993
91565
42029
14104
16524
67044
27988
60572
33728
26045
89383
58470
89926
72353
46973
97875
83402
75693
42326
83851
33279
8657
96344
67377
51894
31078
57984
93915
89726
15622
63833
64856
46079
9147
84557
71635
82603
55565
89953
73349
69474
82283
39283
65219
80980
20479
11043
38978
84076
11391
19792
97415
34356
47483
24271
93224
11206
22644
92898
83667
40956
35793
59826
40596
53530
25709
87056
79478
85603
8882
41632
48294
4045
66648
67620
5785
26028
38223
65175
9123
59587
69646
50306
61320
40156
51055
24037
45868
75532
57233
43534
30525
37596
7664
84753
96020
23053
13469
3476
94394
17992
23782
11125
80443
65871
75138
71443
17163
78852
54309
58976
84000
18189
78255
13484
77013
83717
83489
23710
73259
50438
22425
18577
46344
64307
24774
10338
18826
26476
67465
46091
27473
98965
94304
95377
45744
27212
71371
57414
46262
89863
77362
72155
71559
21909
62666
93808
96448
85863
29754
44956
94756
96298
48032
36695
77121
32237
82978
77419
75673
90347
11970
89447
14510
90626
46776
56090
63713
337
17232
4941
94743
87502
81910
68886
89637
5428
73636
2819
5434
19185
69853
71055
57311
82720
75517
1371
54866
51686
11238
12688
7697
61673
13021
30863
16153
44262
47682
92947
36281
57998
98396
60435
48829
76985
83797
17742
86673
83841
87244
90478
87639
33379
60166
75167
27023
60545
6297
3299
40061
57687
47480
33253
32025
22445
34643
19619
99862
38779
68224
33314
99498
98550
48272
86308
59109
24680
40601
65716
38410
29195
10139
9185
40691
21703
87144
39343
69750
83129
96325
4562
41952
1087
65379
14231
12318
70854
75735
6375
71734
20731
19846
19578
7006
66496
3269
9688
14411
94943
20006
75253
30013
18022
35545
98080
80578
5872
85990
85962
82030
37724
38700
65058
86404
337
86827
18514
59610
70034
91118
92418
82983
69633
27643
52463
92174
53323
66924
5770
54722
25395
38241
81141
41379
71101
58295
42081
36496
48137
2305
87885
61368
8467
46212
53424
56094
8790
28156
64965
97779
44199
68304
89583
43350
74975
56616
5744
15268
67954
29451
77227
94373
62466
83979
22073
47708
60357
40024
68861
92242
90437
17457
29243
6834
14852
88045
46305
53618
53993
64256
95491
94477
42846
57060
18896
88619
61013
30724
42188
18866
32482
76541
33764
30598
5423
5309
87761
30758
8804
62247
39782
54531
84363
84071
7969
78658
5553
35226
33320
90458
31958
67037
17853
40854
31490
37568
75724
16179
93898
96670
39597
63709
73637
61521
97836
90668
7316
22013
93109
79696
15069
23366
84168
7903
43953
35247
17085
91399
76664
40191
99284
346
83516
86930
70936
54842
60652
60811
50245
33016
13169
41648
52495
51555
67324
1670
22410
30357
12173
88794
62013
24860
90197
53274
54739
70896
84207
8499
6561
36231
9594
90437
95903
27098
76001
24545
3679
85820
91091
8913
71241
6277
57158
73192
78118
91593
45828
63686
95819
16129
43572
44245
94513
94330
51347
18715
92156
26765
13711
97621
68635
89397
24620
39277
67097
38218
56909
24516
18925
5840
24438
79421
32009
65385
32058
44019
39208
24219
21791
97528
33488
75050
20356
24586
9971
96505
13428
56144
54936
92628
31161
13392
14211
6289
25167
19052
72846
78207
50569
34037
49185
65495
55293
55200
27459
72264
45606
15705
19831
87397
80561
13614
37467
61431
84601
11882
6279
77825
51604
58114
44177
58500
6984
25882
16863
76727
6860
45925
23048
60418
49371
40703
47529
51058
13573
40731
3464
65247
7629
77629
52434
47017
61639
14717
2514
67883
48727
86697
78640
21032
60453
62341
67914
60460
74368
31683
4681
55661
39106
7034
30693
24243
99538
22128
80691
22850
38303
21241
24379
11159
73763
72244
85190
1498
76806
76049
38810
45065
50993
4817
823
31944
27303
22035
78264
96546
47405
98733
29013
47278
46795
61556
63719
89647
89753
13690
51561
77240
70869
18369
70754
80342
52492
86134
54257
84299
57279
31938
11773
26147
2488
16125
37286
92143
60499
53334
44592
41256
35698
36476
25046
93112
17964
40278
89312
87227
54502
79047
85320
41052
97288
93203
69130
41616
7221
21321
88174
77524
32523
7523
80692
4836
79547
99471
70791
10936
10604
816
39705
53301
4362
43553
57631
49156
29182
23455
62941
42629
97468
34949
90797
76892
51488
42267
77715
2308
35489
56582
52408
99169
74814
18309
33991
8658
15438
51086
51466
43382
57982
86007
66413
9720
39446
13549
32754
17351
51283
1457
79154
85909
52029
16981
39052
12228
80858
72714
15717
40671
39771
14017
89624
28143
51800
79765
64226
9979
93333
93935
71725
2398
17692
87227
27031
7368
85717
20444
81574
71205
12661
27761
48527
54389
89024
59231
9253
23522
52269
33368
95233
2671
44814
6960
6396
57245
1003
66816
99087
93555
67605
67592
17225
42069
91196
78310
66816
32738
89201
36864
95300
36853
89402
25283
38258
15320
24389
44537
59501
62962
55135
44745
49146
44266
59486
5282
42942
2272
7688
90223
15589
57323
99881
64362
37581
2918
74846
59619
58303
93011
67106
13986
52009
7499
794
7538
44901
9330
27508
74045
84406
66773
11461
10302
49448
66961
93125
42167
25262
25351
5406
86075
35617
2136
39896
19194
9787
5701
2488
82861
97034
20408
76034
63127
67175
13785
30463
27728
21745
33311
77597
76816
9685
55117
62609
37858
61069
14028
15681
88304
68784
94798
4122
88961
92642
34401
26881
11006
35785
98421
80573
37325
94098
25398
16547
16107
23165
14617
80986
54468
85582
85939
13353
34122
10185
92539
26183
32127
10313
61696
24256
8061
72556
44628
57483
27826
81466
91347
46434
67249
90022
66894
17542
32453
89043
9608
84056
98648
26331
4637
97558
96306
97623
28324
6949
48658
47275
36559
38776
59125
36436
52598
25511
50048
4781
62822
69106
88807
37934
38182
70428
14780
29567
61293
2830
95435
93895
23792
25094
6816
64215
25513
60907
73890
46709
86062
1473
76009
6351
81399
79863
7139
89152
42043
86818
37127
99020
55612
68783
62161
6822
7447
81031
65822
94147
98128
98414
53511
76306
49013
68799
19569
1856
76034
71885
46617
94813
83606
60499
59674
97092
49356
86301
59619
15366
91820
70974
14310
20198
35474
1864
40401
14458
69133
65100
24104
16453
87583
98544
96124
65694
65545
35639
81452
95438
39679
91500
71418
56081
36092
23851
84907
47768
95652
76189
26218
94647
38030
70714
85671
59395
53859
56675
26600
19208
14913
74153
11147
14572
43542
89771
1696
28173
71980
12301
74040
4903
42898
41495
86101
17360
39962
26835
52218
32721
23450
21586
71245
51465
42982
93439
36045
1536
21948
17308
59311
24947
31265
24783
70525
87022
27257
28511
3294
87344
71778
4225
19772
65077
22274
51254
39003
88381
5414
55951
40333
87581
56766
9662
70163
49664
60927
27705
77491
54393
12112
15982
29879
91838
86692
9697
97916
78735
12614
1303
65680
99117
99337
57690
55945
67385
75276
9112
98078
4012
82360
74788
69510
3794
2348
38303
89057
16510
23683
6232
68455
46981
77954
49723
36823
47653
51292
58127
16900
56418
100
74288
50031
39546
12229
41940
76536
98009
51408
5496
19555
92023
56684
43882
88459
54535
64988
79670
47961
26890
50549
26277
65402
8615
9201
78267
722
69702
13877
81488
97062
10445
26663
44855
27649
55260
45174
75698
70576
73400
22094
11597
68911
7953
60320
3619
9068
64125
7875
76201
67682
26768
32628
73668
91691
42
11107
49980
70350
42655
38591
66694
48525
63660
66079
57281
58218
34354
3311
63586
24320
9209
16171
7522
73862
3379
89512
9262
14249
82890
33966
68465
80160
55207
55397
55965
45800
79839
26732
92812
9672
49219
34536
578
53398
11222
71721
60957
96941
48948
17037
96396
4549
52166
93248
88725
72102
77075
80987
40729
9449
67533
45458
38122
56157
5362
31428
63741
27311
25558
47125
23575
49210
78612
10191
71968
4192
48962
98070
73193
46325
37381
57753
71803
33597
5735
26858
78583
32211
91355
85736
24795
51866
10028
41261
33899
57742
41686
43451
70421
97828
60772
92529
62510
71933
12822
5727
41172
6055
96772
26655
38270
7916
97721
61745
87482
28190
80854
69590
70145
11303
76557
88062
53312
46175
55650
50980
16089
54926
63076
61763
122
76793
60568
71682
93470
60812
51477
65186
90854
34982
68658
46684
38043
19847
30203
59276
59912
71649
64958
96278
77859
81590
76248
15010
2950
17288
73121
80754
28436
7364
76678
81676
46201
29348
95606
30904
83320
25039
36936
20549
64033
51454
37555
85443
24733
75083
36182
73237
56998
78400
8147
89699
82134
17262
70241
38910
1108
78006
79986
68454
93711
47781
84717
52754
60875
52726
37376
67584
61698
88994
74537
5384
46897
30908
71656
16170
26917
87640
43212
63398
34154
11842
88476
66587
79745
12955
94307
91623
72273
25014
44310
92765
96874
66801
45725
22798
74619
18033
82617
94284
58847
44250
65799
90219
17513
13147
11193
16543
82762
37337
66147
20558
76681
25105
86259
22980
29975
43262
8436
54364
55048
94013
61900
39965
54258
37870
30709
66688
68516
28209
38677
12323
34222
27941
46751
90844
79473
32694
22836
83236
84497
18878
21102
33516
28365
97611
35525
21828
38406
15000
21542
6174
26168
85481
12710
88994
76243
97339
11177
90463
31750
26305
51480
32348
78709
60318
48245
90498
48383
49939
81937
33534
18722
88146
78948
2131
67608
40216
45665
7644
9484
67428
67373
75082
13315
37298
15872
37909
26571
73174
82453
68037
78089
10309
50438
25538
33028
49157
94134
89096
13649
77859
9133
61770
97941
48837
39433
12764
19198
66747
20747
62998
23051
65653
94508
84609
5797
73857
13575
95200
45826
62545
59044
59091
54937
56436
31182
98293
15205
14281
4284
7944
38042
18125
69976
19137
16869
17391
37750
74296
37710
88780
4638
41745
47956
68029
58162
29911
83067
96373
44201
10623
38399
81960
28110
51504
66620
90643
87127
37903
56546
42113
33176
6450
35375
68090
14403
55790
38017
94474
12073
2297
67252
36765
35398
16166
12282
4020
28900
99210
68165
86327
33373
48477
12931
14258
11498
94488
34983
14402
23529
96931
894
27638
35266
26044
75487
23654
42655
56862
49378
72546
33697
1982
12945
99923
47980
22752
62412
49517
99226
67852
73844
90523
45905
26563
53539
11725
3569
26442
8494
83770
7561
39563
59341
64957
73656
22911
52347
27924
11898
47306
93058
7002
36580
28601
25396
43043
14898
36268
48963
29270
73403
16805
76627
58256
8941
93898
1373
71904
93970
48846
85140
27657
25278
72448
91528
10522
80319
10854
6415
57240
54689
36203
20378
78394
19111
65278
57399
35149
93827
11880
82701
11333
82090
7876
57706
81656
48357
65731
42574
15248
36509
15487
6672
64941
27794
67904
73917
92190
79918
96064
26627
51124
59806
10058
78181
19379
87263
47175
68538
11034
45648
26853
17553
1056
64401
23780
25661
52982
34956
46875
47773
96539
59204
30157
87650
18439
74517
44645
49159
94757
64321
14725
89046
23937
89291
93547
40241
50436
8356
15712
27064
78591
15753
52518
93305
9666
16699
84683
82988
97922
57636
64637
2510
71629
17442
97065
58931
22768
28500
65410
506
98849
11791
8590
51891
27114
74256
73855
48332
28213
94119
43181
47682
53842
72098
73825
37291
2379
75533
31572
45378
94538
12804
45152
97372
59891
83081
40393
70421
2074
76580
56479
83402
51647
29813
82486
33426
83333
24691
67404
82577
32216
86206
8169
10329
15924
65207
54929
12326
58486
54638
39591
52203
32550
51016
52868
10645
83704
88694
83656
17024
75089
86926
89097
95763
15239
67756
50054
83774
37116
9947
33992
41376
86502
52193
38902
15689
58226
11153
12315
63699
94460
40715
2571
13604
20642
71853
83737
86161
94332
66868
98169
96937
75867
19009
33745
9294
6868
54042
48587
41102
95558
56181
4789
95637
84150
16294
57856
31090
98257
48312
84351
79840
62717
93203
26562
96422
56949
52210
62115
83283
55417
44295
13427
44587
68525
69821
66298
18870
36031
41290
23781
52927
87549
31133
96451
85574
37151
74590
31978
12528
9705
84230
78757
9366
56151
7861
60981
23549
80436
74947
28207
88782
8019
45214
62598
60397
97985
77918
22983
90778
39317
14255
91003
82687
66236
9097
57213
95855
75367
71601
95927
94759
19614
16056
13172
39076
3877
12757
42283
41505
13636
6237
24746
33340
68294
11293
98946
49805
83215
45166
79922
62399
86866
98751
99996
85727
25954
19231
81960
20213
46883
84896
1596
36542
78713
35488
37450
20080
15652
76956
99722
43300
2623
34323
30846
26499
20821
40039
53604
48504
25622
43031
631
82588
22806
58119
78600
50677
29205
53159
67164
22715
80545
7825
14506
10036
66274
63926
53158
85755
44461
39898
62882
9825
85734
29230
86356
76415
46577
64997
78116
68498
75751
10256
83662
9355
22763
76195
34690
55736
66506
29365
20190
91824
75565
67865
87922
10729
43740
88903
47743
27257
24715
50133
22461
62492
92377
85870
85772
76797
17274
49900
20757
99887
51974
11156
87799
85148
238
93878
29079
55737
87523
46322
9017
4429
69446
72374
46260
12294
47590
9360
69233
19306
14845
86552
83285
31155
22372
91127
63764
57633
82970
13619
52543
32828
51600
46776
16591
52449
76343
47293
72586
48457
88375
77058
50159
93264
80741
79965
99820
39471
87704
61350
24344
83396
25440
19979
17020
77085
30661
58347
84698
78860
6265
49970
64015
67544
53004
40936
55745
15482
9704
37151
29595
74104
66770
88109
4301
56636
51185
52670
99114
3938
84152
19424
2914
74024
44866
30923
72554
6419
74780
61181
68743
51037
64493
78724
5734
76744
85441
61638
77421
48997
50781
29920
49528
53024
87191
99569
51398
32553
99391
24419
53031
47658
64654
86998
32865
48855
7097
8100
63164
58937
7254
10990
47879
86580
22609
33440
24837
83342
39255
78457
11512
99521
97968
73969
65149
87949
6937
14992
49675
78518
52284
12775
18635
63303
11960
71648
2286
18114
82239
38444
95953
37064
51832
57795
68262
70234
60258
73276
85969
96346
48919
77046
8237
96627
63902
25056
2685
45212
56615
54353
71147
45821
1283
62973
87694
64187
56279
47668
28451
32714
26628
75254
51591
32188
84440
50616
60148
89149
95425
34559
80114
40492
60615
63782
51221
87677
74404
8298
64427
65589
25089
78626
47416
96853
86592
65349
99347
53767
81144
41794
4428
67696
85389
91899
33796
40554
20395
13173
33182
68745
37379
20424
17536
23204
62012
37650
95044
80410
45128
79757
42181
54608
20640
5930
77718
71465
27003
22199
32622
37895
46466
34125
30969
64069
77626
75331
17556
66596
49989
53113
4423
54360
49206
72894
72214
81708
61562
97449
48140
28767
30479
7872
80213
75858
66847
20692
49934
91249
6
79266
21895
96320
78271
98075
57548
67300
53663
11984
62328
37717
89750
84755
97422
2664
30199
91329
4199
45922
741
86750
22351
45653
64991
34739
65146
25597
79721
48619
8097
97452
32386
43321
23072
64287
33064
91231
67775
20830
35936
82330
57280
98122
18343
80617
82126
54712
87554
58044
29128
90525
68059
46938
58059
35768
6597
33534
94526
4982
23721
13673
54544
2037
68552
52953
58585
75719
71928
50624
53961
84364
41636
36909
28694
10726
7968
7284
24568
30971
54080
84579
21646
144
6802
13378
37722
59491
54525
83647
27356
75406
77086
64980
26104
37379
37183
42408
10057
84031
48216
7330
19296
44243
60430
67393
77451
70531
14885
11498
12307
47481
62739
5346
57980
7092
12529
81610
57438
44192
85990
75902
50828
31203
88333
78238
41756
47553
42554
13247
55003
59617
21484
2308
14898
99401
9651
69888
29119
43003
18245
71623
6077
75718
31219
13326
93154
90944
25461
56907
82886
70563
66859
69002
95510
2908
89955
39705
45315
83178
9564
25054
44595
89390
94318
73084
71622
36158
12902
38422
21387
25318
63322
22558
80890
17245
56469
75669
3038
83379
99762
71269
54366
48728
64048
90428
6015
73676
91358
61401
79752
58086
65894
79289
14475
14594
11199
32900
61778
66906
12552
94057
40656
46205
70201
13223
68208
83261
32475
11016
61854
58450
59758
30946
65246
16741
6182
52590
31315
30821
2963
66974
39114
96881
14562
46575
91055
95146
32407
59695
20323
50661
85112
78397
81165
12660
30328
7954
35515
37256
67942
42625
52304
75504
98231
83474
99038
72898
98600
31586
95385
97917
71127
76019
77835
76404
65190
66257
88995
55063
70174
12992
68934
78947
42912
67323
63702
4384
63321
87044
99186
16763
5730
60180
57809
58073
34790
43861
24065
28963
1508
23307
44430
48776
34579
47618
20937
63374
54218
93037
32150
67369
80631
91808
49728
56648
53673
91272
41754
79081
40483
67384
99177
99060
75398
71155
41037
59126
74947
59618
35551
1217
97745
80846
7010
67026
75213
43868
12009
79615
48568
36926
29855
11513
41636
57971
34324
34794
33364
34229
7681
49224
50808
82748
28119
5146
82428
25253
13030
19240
23612
12791
43310
1187
67409
36203
50214
27937
2460
55176
85516
28176
31810
56241
13228
23814
31885
11467
79279
67390
49135
72494
62441
47907
17935
91904
65355
14528
62958
45714
75321
43919
38570
68170
13657
91410
62746
53637
80250
62749
82653
12644
19870
65910
3516
58073
46750
75115
74318
79161
17827
6682
67601
55017
84119
6673
61590
21292
24499
28632
92233
89983
46117
59061
40791
78343
10909
8736
83117
13534
33275
21870
31059
60756
95468
60314
17204
91490
42276
16635
7561
83953
17166
60401
59015
8186
94929
55485
15079
22198
55517
44430
32602
51543
13919
10442
46875
26340
13905
24378
60528
89253
74590
66800
17511
87112
46561
15955
86169
15004
91702
11075
46420
40159
259
8486
92171
31075
91672
73069
9369
954
8260
75342
5205
62027
4302
85448
94940
66842
79462
81759
62268
64412
260
84442
98989
9117
50904
5418
39046
1590
3390
19031
29769
49956
53881
27045
80714
67523
75581
82737
59014
87601
23329
35959
77661
93260
51664
1646
73514
43187
12789
63085
17696
71509
85028
15029
6215
45514
38467
74031
85524
76416
26130
42415
55530
19630
98153
2561
50624
66720
48119
69576
91464
56890
80520
43298
83014
32783
51398
2357
19125
28622
88183
7048
32538
50367
45738
45480
32044
46463
76214
43875
95086
20521
58679
73036
40904
68668
80234
4028
68545
35250
96190
16873
88875
84026
27839
69087
8888
74454
98699
94245
43280
44416
22528
1974
55495
35742
97534
31535
25997
99394
65983
20607
41970
17847
45336
46843
90429
35628
26661
37116
16497
12470
28004
84236
63104
30755
9844
41032
24838
45234
37010
30874
43760
957
31528
46183
3136
95623
21453
30827
35992
51865
20385
91629
41637
61744
8271
45845
55666
28626
66649
40517
48442
17346
53469
60153
36397
66142
55318
20311
87147
76056
1876
92624
17624
70117
75895
44039
30722
67103
75992
8496
20823
60608
7316
44424
71247
75200
8354
78973
98681
59935
4942
83794
28447
26448
24822
91125
30255
5409
28041
58376
13813
95347
84407
40424
96740
65568
54173
6577
34044
86251
41159
20943
11777
47156
76307
2520
14194
71809
41912
35571
11151
92590
27637
93419
3357
27274
15361
8589
78307
42534
89727
76622
53385
82928
81085
86575
8784
91902
39711
45703
54377
63454
15090
32455
45416
42504
33981
29024
15974
33650
94004
76747
15902
86860
22421
39329
85707
87868
11483
60121
97754
99268
89961
49084
98107
37184
62127
30206
18587
675
92377
64663
78501
31715
54037
41355
10948
60259
3167
97591
47507
56291
21229
38618
55326
62699
7616
80671
1382
35548
45021
98922
16945
14854
58857
39911
89351
84032
36599
19870
34290
63489
81977
44078
49981
77226
97219
37969
89016
34223
87291
86694
55649
4228
67957
69256
9145
55091
42542
99132
8752
67848
27194
4408
18836
57779
33310
58711
38475
9933
92764
84883
72826
70362
63743
62186
50166
76049
97242
22074
36005
92549
80605
64476
58019
28764
86799
12268
66332
85729
49078
52508
66962
42809
10638
53337
34935
10223
76715
84591
87331
49713
63777
15200
58451
73678
21599
19661
3552
459
25699
86669
8386
84692
21930
39934
60144
40769
20867
66594
29584
31375
10739
29414
3490
33400
25273
9438
70171
41745
58325
88742
82762
7556
2249
86084
7741
12258
32726
79730
32429
18341
34520
80679
64528
56359
72430
96988
4826
3923
35893
36829
28650
80678
62848
77872
21075
56851
93079
56816
95543
87643
81122
99679
18667
57126
58280
83659
61353
15972
23558
75962
83258
29245
57613
98114
28978
96238
5119
97033
85594
73982
2724
37406
86743
35533
70796
41074
14562
35067
9410
57963
50785
45615
93245
45816
50587
54416
28534
23788
83640
9933
74910
96431
52156
7127
50915
92240
48474
7657
95624
36602
84811
30935
16556
83460
5903
14963
10166
28055
8949
27241
53536
36153
60874
44185
17256
81838
44971
65963
91507
7577
47703
21045
58350
2400
44905
54097
40428
58604
48998
48627
34237
6427
88458
75670
4073
84428
35474
26128
20255
4830
19595
19911
44421
47440
24487
98093
57720
15871
85480
92685
50387
23308
75320
29528
43580
69481
18559
10453
31901
76853
67565
6750
10196
9525
40750
54668
12116
60896
99670
76991
43569
52096
53733
529
8900
20822
76022
92724
78886
44481
52200
48544
69889
32633
15280
48013
68988
25999
33951
97636
79909
16435
79599
81395
35716
3270
16453
68237
60036
67637
35601
695
37209
1980
32369
38601
87223
38568
69702
7758
16528
22492
85044
57447
88193
20764
67433
47092
45473
87493
54187
48020
17796
37131
1116
47892
93362
40648
7704
70220
60505
49877
89564
18179
19716
67172
85926
1354
45040
91143
11863
82089
6945
38493
51313
60786
8220
66251
2160
24057
20222
77055
68626
61838
12527
29281
45416
27121
21766
18471
43693
46372
5874
46932
57619
87623
20744
4239
92129
40286
49095
45776
24634
67254
86238
37450
54363
51845
43408
11253
42080
55145
35877
92073
80952
16999
72036
14807
89626
78788
67057
72916
80161
75638
5826
96427
31316
93640
17917
64535
63264
62688
88381
55067
20134
57156
7252
86033
14226
74684
27914
3272
94873
11761
46265
6168
50343
51179
14796
21932
14646
79503
65757
35963
19334
59752
53408
38617
36116
57481
6760
8117
33060
20579
77111
19044
57872
73695
5997
98244
59566
77821
44187
15761
83439
60313
26733
95980
11349
5291
15225
80609
9239
73585
39578
15036
37368
70778
74341
11357
74594
82543
61580
2937
15350
59053
84813
15534
83605
67227
86038
49061
73788
28865
556
13568
75709
28014
7273
86129
40958
2855
34782
43349
93317
98610
32623
36886
41278
22593
28764
73345
15385
77144
2797
25807
99748
32394
5249
12827
29947
18828
61577
27357
5505
42509
26194
26622
25087
70945
68977
30263
89415
92827
45227
66933
92091
61474
98158
12533
71123
19412
19423
21319
24940
40394
68531
90509
70147
8094
31721
77995
74476
31627
57
23830
24863
46182
97790
74177
36721
88834
50050
22913
88605
91475
94722
93685
96276
11878
35709
27271
90180
64598
8225
19799
33187
86625
78190
91492
57988
41552
73750
82738
53691
64308
72894
10080
79545
69073
5121
87470
65561
43680
20500
12866
40288
26932
93095
69124
45189
28351
9336
94492
72002
18369
67891
80661
90239
3003
83065
2057
70872
76142
85254
60126
98198
1070
22395
48555
72719
3893
91441
34761
54711
47370
12610
58178
67284
58648
23185
39151
87814
33163
2336
10435
75704
43365
26302
43558
98807
44699
25360
15236
33904
61718
94984
58719
59371
33407
81786
11011
72084
3997
57943
37431
15924
74189
45678
78559
66450
75539
85482
90777
25147
5465
85828
61518
49858
6140
32457
55288
24574
94345
93603
67504
17121
31814
15080
7373
61702
47157
44499
40502
29124
38084
36075
8018
83965
80314
82166
54271
78833
98626
84114
70963
96524
77487
68148
86447
9272
4723
81480
43149
67756
54858
87134
40195
54097
2745
46974
31649
95443
98080
57861
65299
29568
818
10436
47832
53430
97379
72029
12957
11414
95987
50748
32043
15548
64693
90141
26252
10304
13210
73321
80785
1507
94406
69896
65951
515
19535
7564
44194
8709
32833
11903
22626
37050
75295
78072
34450
17954
65040
54180
38557
47338
37978
65671
67350
59422
45957
35508
90562
30402
15728
7891
71511
48067
8968
90414
56608
21823
93581
1246
7862
37526
3208
76796
62258
15922
47982
1852
65472
84718
63317
2479
22166
46063
95738
95099
29048
23376
12278
15938
72355
50871
75193
61353
81585
40551
73641
31510
21385
93418
86684
35069
16716
68718
50767
3286
7724
35072
51622
8424
2442
59887
93665
65857
99459
93482
20053
30650
98805
44156
45360
58740
55507
99396
42899
85954
18865
37163
47357
58138
22242
66884
48268
35310
61638
70189
77438
84210
98253
17936
34354
98605
8099
80323
11653
83744
63709
58529
42918
8997
83507
7173
25905
92144
58927
24026
33563
36276
76350
20710
15625
25220
63453
28086
75432
21644
72902
92434
64966
45885
18000
21640
27290
63127
16121
28457
65401
80456
38334
21242
95444
5243
39689
88608
75300
96850
33475
18934
56745
82890
429
8558
33666
85783
25003
66734
20285
77420
38605
37642
88183
84219
1256
79777
54187
15584
29241
28635
99766
73329
61547
25651
76314
10837
12999
2440
34082
27174
39396
87857
59394
8286
86227
13122
59513
8270
11558
86990
80498
63423
90053
66291
58298
78945
65854
64681
85840
14501
44341
99224
14523
57785
79563
78797
93225
33087
67015
86483
73157
56290
63792
83091
59115
67371
51615
85546
66560
98742
17780
87473
51060
36318
97909
51691
92029
99729
89171
92056
43918
58106
69865
42637
20365
37
49649
13438
81617
44397
86341
26263
32432
91824
90253
65700
17888
11713
98218
91187
39998
80860
32778
10028
26140
65292
48707
59282
27792
31287
41630
45637
30862
44786
90687
74426
94191
73988
81186
28460
70822
82459
6397
47937
42789
63444
85587
54603
51537
34339
79676
6208
75365
48335
88150
32885
7076
61410
11420
96993
55059
58791
66849
43041
63604
51800
97418
6278
63291
68766
26727
38290
41326
43245
61818
7857
10152
96497
70403
15965
7034
97197
50278
19303
7720
95967
82792
1482
39269
76793
32849
33792
20232
60503
10517
56973
82887
88623
65312
16463
41567
47803
65131
58968
99218
4277
29102
7302
87842
41768
51103
35212
67760
85643
21189
70230
81857
23818
42671
83085
38145
74713
72395
49751
24622
3797
14289
33135
75013
8662
2816
62072
37630
37928
49091
47348
15849
33003
94164
38642
58099
8712
78547
20034
99841
8547
35750
13744
42488
43275
18428
41199
31946
92155
68070
37416
38759
4544
36803
44750
12696
52211
21087
42517
32043
89463
42996
62180
88965
16639
20708
55460
156
95867
16563
52791
62915
12403
41015
88053
93917
67456
54483
25821
91717
79699
47559
46752
97401
21045
36439
92814
62686
79893
52738
6986
84137
66905
14178
6598
55644
97875
46756
29647
79750
41062
52111
45216
97837
86280
54601
55214
45481
66818
60354
8855
40995
61792
86704
68138
59052
62868
93582
54066
59869
88405
81779
47546
92766
80446
10034
67688
52262
8061
77853
91492
69516
28139
29073
26748
7475
54035
81537
56134
39826
23693
59113
32720
86704
97709
6238
97735
82102
21071
93837
57026
10248
26962
6597
47523
15946
43704
65534
19306
37068
1956
94069
10153
30168
44544
28021
92683
49028
38733
51299
96662
32763
76270
22687
94244
48018
55386
27186
4464
96115
80996
7664
64353
73952
17712
65056
36169
53026
63593
78421
29385
89042
94838
14329
85515
84423
72188
39523
99852
98813
66321
14550
55386
49957
91271
47289
52492
96296
14360
57006
23563
10025
6572
94859
72937
50389
18021
4388
53461
29067
16581
37609
68473
24399
29642
28339
8237
31214
68808
49662
3424
190
69906
71521
3543
98612
33571
23973
55866
23424
50135
15438
58370
77154
21105
34569
51202
67216
57628
84468
98078
56703
75695
40989
14502
43208
20947
39051
21756
29756
6836
79373
13718
41596
99091
84095
72804
79889
6147
26857
29829
11186
10364
17535
89931
40045
92241
92842
23572
43726
58412
28597
37382
28426
30360
67724
671
70801
42927
79755
65669
99653
10859
36112
15042
22159
98149
36976
85293
36387
98493
59777
93325
88310
95292
30540
17414
77477
97843
59648
7741
63767
4816
13326
3769
96489
29286
99033
98354
25389
18901
57027
69975
65358
9171
39668
99684
40804
16566
83315
61378
35012
44689
9360
98489
96591
9586
7057
91203
75429
25377
2568
24935
97328
67423
26867
94017
80676
92270
56209
48382
91828
11713
46908
29420
77017
56316
90766
98406
53055
91572
75415
21870
63163
62663
46672
88189
90172
1670
66900
83395
30200
44936
34581
90978
83678
1080
15123
24757
42228
17016
30207
26508
25586
48725
13797
31155
58208
40950
77905
69650
38659
12030
42542
48302
55747
28367
67405
57041
88680
46292
22588
67481
14172
17682
19649
77416
75601
24614
30551
39239
94645
31622
1775
80475
19515
55649
77181
97982
46928
22023
29636
798
91484
65471
96582
86233
82496
48920
69786
5566
52520
12003
89287
6610
79318
33065
39724
57465
50926
16229
63922
13134
22805
95616
7894
68917
28564
60602
99835
12416
25383
76295
85763
60319
76654
2098
63899
47489
25654
16176
69935
35136
59380
67540
69076
60239
4557
35066
85613
74933
60484
98570
89307
69636
76958
4527
21292
73435
89292
2710
16881
63055
88911
34948
16298
41797
23218
73301
41689
31578
81024
7424
58284
58960
82340
4799
81943
96298
41758
59950
285
60
86619
23160
71548
85650
2436
28480
60091
13379
65907
61134
37324
63992
43860
99945
26697
70927
77520
6533
47142
86588
19088
16531
14695
66657
68554
52095
38325
39679
59798
71911
76456
31891
85486
22680
85536
47494
25393
76163
10111
6747
13717
55351
14381
24775
70754
76819
48451
98500
46459
58768
22335
24708
23513
51133
11252
40951
81185
11539
44357
58095
17963
23398
20235
83102
65878
31524
58222
64880
96806
80029
59803
36057
60349
49274
66770
74556
42076
87464
63419
36244
56887
37082
17534
55835
35684
26051
15240
94348
2236
81778
48467
38074
61299
65053
27945
34429
13896
49080
28096
33776
6670
87165
1697
36889
78628
85245
33486
43444
28644
90231
11779
95276
2378
91104
64148
28504
92613
95563
95941
97318
68962
23310
68163
92503
36394
43504
12028
68475
43886
5481
86596
27413
37255
99610
76359
75320
7375
59776
38197
28849
43700
38683
66584
62117
74874
83887
82386
63508
86657
83378
27985
25652
49292
50528
1940
32944
93392
5619
17641
77897
6594
54159
78612
55409
71830
77925
88580
71028
14245
99456
92479
24665
62915
77316
5165
53258
92740
39807
30348
91036
26129
19408
43003
35130
80170
4846
16642
31720
51663
3097
74302
81798
29269
92896
9536
11011
10666
23757
26614
27726
26908
57225
30531
17031
47522
35446
57106
54133
36319
14184
90034
50558
58350
16273
48639
16316
84444
57348
10248
10044
6241
98481
87264
27549
53199
50865
31649
11837
99981
21403
10218
60378
68115
38137
46798
30223
6691
27852
15523
59049
1940
97863
21911
4333
86977
23103
70866
56573
98289
31030
92127
44949
88999
93978
32355
39852
59950
85994
29919
19076
747
1439
37952
61225
85188
7117
15135
4220
32124
73046
8479
68899
62252
22228
72359
35112
9347
87957
88157
24698
7540
29617
31597
18693
22197
39908
5886
54556
82968
75885
57034
15274
7598
29204
19145
48337
32262
89371
81932
74223
52376
32025
84274
84380
22
14524
12827
59104
36650
83444
49495
14921
23089
18320
6149
30925
5839
2002
7131
22690
95939
15220
9126
42674
30799
96675
79027
51276
40802
86935
77051
8476
13093
23565
34217
30121
92512
39643
79052
98800
71520
58075
19564
34019
93498
97038
78876
47556
35103
98010
79067
96816
58149
86895
86682
4674
95004
32872
53409
1785
96131
64081
21773
53299
98041
66976
61024
24322
71968
38350
5412
35166
91392
42210
67424
60563
97112
27339
85566
35497
21477
49909
93441
77969
32979
78733
14884
78835
52243
19632
19639
96402
18715
65977
25700
12517
80090
26901
60737
51233
32738
74206
44883
98895
82345
25127
98497
55957
25430
17263
82573
56482
93516
45675
12767
24634
37886
28651
43046
44905
44432
82500
69356
60107
67890
53643
91488
35781
30799
32809
35094
28889
1530
12941
29633
26171
19213
35488
38752
43253
48730
47708
84244
60438
90009
54307
36724
384
77570
42676
44449
4094
15252
7182
69976
95439
396
23739
84024
18517
68768
91647
19907
75670
9541
62838
24773
91997
80517
32980
1706
57140
2768
73830
12413
33518
98796
63958
26674
19383
5613
17726
6821
40872
17715
76393
77299
43235
28306
60365
12197
13489
38646
56573
78083
63355
15541
85730
46235
34571
81952
88155
956
94156
89250
24285
8363
27297
30386
76237
91704
59388
99361
92742
28087
75993
25397
60615
51701
10576
16599
95452
97179
28755
57568
17614
28579
40838
96441
44068
95561
99766
31643
96330
36118
99321
26492
44103
69487
39988
75690
79674
85804
17250
27204
4298
22148
97809
65442
35086
3045
89666
42551
43289
67820
6450
3827
94028
84669
63927
48148
42216
13805
19168
8756
22147
74900
31424
37492
62202
52140
76971
57168
32996
90205
64414
82653
51477
7474
26116
30633
26276
64066
79808
52378
10645
78056
26314
71839
20637
73945
77984
77324
77871
62199
43857
17660
42449
59410
55375
4303
29124
170
89831
5518
4518
39245
53041
11169
30769
20888
99604
96332
8865
24553
83191
10004
88889
12975
52899
88370
7582
358
51061
61175
90981
84182
36571
95513
30498
5897
43228
85564
3342
85821
32424
34964
799
24638
55098
24364
49871
48400
90402
1855
77273
69837
52840
75719
17547
98697
54459
32158
93006
76759
20181
10241
43207
16458
77350
67118
83254
13173
96777
61602
38690
80977
91276
84273
87594
19766
69951
58929
95516
45573
49109
12280
8659
67491
53835
46489
37734
50613
23751
16504
10589
94078
61918
74070
18371
1877
27163
88617
4400
29166
1615
48878
18406
92286
8460
7498
15594
2151
10716
31687
31155
25573
43968
56218
79293
50358
96779
79218
34128
4619
32920
79042
67027
39719
81287
88643
6849
51891
78547
39263
11153
90368
49739
40187
5184
63999
4259
9755
87138
41606
92594
81973
86355
94609
40080
40434
11091
55769
47125
85674
22555
16814
52316
24106
46928
75766
75600
45626
55632
30491
43768
96737
50931
13519
44694
29557
30730
55491
54230
3731
78664
62061
35652
48773
32372
99998
57054
10261
90909
81471
40987
63012
54092
74492
76905
81451
88901
60718
65418
53784
86199
55903
4442
6181
25303
24932
10321
25524
92309
85446
65406
80605
42845
14808
65451
2544
93052
84275
42581
12129
6289
84426
60892
96394
70093
39440
51313
63573
27401
36829
49012
34663
26255
86746
18835
44240
8954
98679
45482
8774
78040
23774
59757
18266
43353
90883
83183
90930
1271
77839
12401
46538
71680
96023
46331
19869
59449
91860
41784
64925
25029
11503
76196
23756
97104
61734
40629
33457
49695
73467
3964
42594
95589
46670
42935
63329
83765
78366
21173
72852
81525
52671
64557
15393
33121
66103
21309
44277
44869
81960
13207
89947
69233
54862
86787
71729
4922
82313
93598
97102
30956
25802
29435
30847
26760
52387
65109
24517
51994
72929
39874
33026
19792
40118
56678
57370
7209
79562
39051
78309
52229
5052
61054
89763
90821
79745
22689
99294
48846
70575
25599
30098
5676
13162
83964
60720
9882
76589
5052
79724
52329
62351
90790
50975
33425
18038
67404
70633
7152
27537
73712
85471
48123
10876
66961
31774
78164
34779
83679
79260
64764
70514
76776
93131
69131
80697
56123
10559
80586
44693
68311
80107
43473
10549
20739
18986
56787
90917
94873
41435
91451
87776
39973
52216
58335
67273
34695
55581
99230
43332
53251
8349
32744
18755
24476
95444
11103
1089
35612
59928
59423
83741
9244
92570
87328
65929
72059
4973
51111
47611
289
70998
6722
55643
35298
96165
59729
52676
18188
52002
99191
73371
87767
90315
73845
76008
46889
66584
8723
82409
68333
87934
28595
43868
79018
37031
73038
61584
38625
16920
87578
25777
31094
33318
12446
36579
3433
2694
50676
50966
15126
36605
48468
58643
97792
36661
35969
66960
18334
3476
96525
18843
30918
19684
39332
31049
80140
60240
17027
63003
95986
140
43270
56667
50149
39961
46239
3963
58137
15687
82940
80869
13687
85823
7710
16738
91767
45905
45443
33002
53178
33505
60447
24316
95412
32408
10919
66350
78886
57391
95725
65685
33179
91679
96578
18638
62593
96478
47468
13233
9851
24426
64275
82102
20418
835
12881
24682
78658
45093
45775
51908
86681
29585
89334
64926
79133
4340
30298
13655
2721
450
50465
79077
33889
67733
26997
2955
33206
50820
19214
41057
91882
16734
36254
49089
29539
8392
34330
82203
43512
7292
73295
5452
85786
28059
46299
21255
93757
99637
17077
76197
9796
150
24956
57961
74372
32728
53810
51758
21879
49944
79691
38048
64056
2469
71390
8625
11040
99405
31954
69205
89987
3851
86852
40954
85580
94141
68307
33425
64759
48813
17880
22043
69029
53699
29590
47643
32120
37709
69491
31274
23794
91291
28861
76134
8169
58705
17495
66705
71116
96664
69772
70308
39285
63815
95631
82088
70700
13032
39782
18214
32323
69421
45867
46327
71192
62459
73926
35489
59651
64151
24464
10893
64006
74001
1590
10271
27208
68527
93865
98997
10497
22387
76922
10958
810
76607
54503
86442
47897
62164
1276
81922
63879
84449
9512
11674
62397
947
49063
90686
59305
30882
53118
44586
6158
29314
20927
97277
31259
7764
4658
77868
40952
90519
62153
97333
10905
7748
11980
1108
19093
783
96907
41717
7372
16679
48180
2924
95820
9898
16160
21786
11718
79596
4643
13409
12599
28285
83212
41224
70762
91354
97121
89605
33573
34900
71255
63225
28703
77709
75232
82081
93112
73504
39414
79210
58981
13306
82152
19612
33156
6466
72564
94456
34260
30420
23885
10751
13473
56059
80753
26659
56052
53511
43716
24352
5574
23411
53037
1084
83118
99859
21629
91430
61993
11310
1869
5998
62510
64195
46022
46053
50312
77280
35181
6824
14055
99767
71716
89957
63481
96412
92660
5931
99981
76685
8682
8268
86708
68891
62382
37839
35666
88393
11462
58562
88517
18842
61555
67045
71471
35211
4902
2404
89384
12168
98882
58107
19557
66813
78843
5113
67298
82908
711
61306
22160
25027
39267
58870
61389
45078
7502
88847
84981
57634
95046
9309
1033
20978
83011
82991
57158
11598
38480
19288
46105
72054
99666
67861
89115
23915
8652
89735
70278
44446
15977
29266
16638
92034
10043
5580
74118
47986
72015
68280
46574
40444
17198
3564
6218
59635
61017
31332
3511
66105
83175
24471
64428
44437
15132
56389
29174
92843
36025
9969
46210
28866
35575
22294
42858
27665
81946
28041
84340
33187
75314
99348
56140
94352
95831
46528
58742
79629
44795
68784
42186
75005
47947
19222
85375
95134
88605
7820
64156
43791
55337
40308
67881
5937
11136
99093
21053
95608
44933
67058
15694
69669
40134
83979
15385
28257
17532
56652
1048
15794
43354
69910
13945
87627
85316
63739
63753
5334
46624
38688
48262
17035
4191
42697
13530
10222
15521
1275
99424
11034
73013
56626
92208
69861
86384
18311
24351
32018
10099
30350
22195
23261
71493
95496
18509
56945
86732
42685
45663
43940
80274
6074
18040
53164
48052
55095
10560
31523
67407
17931
67597
43447
88911
35965
37108
76349
47939
70949
42777
5984
58001
42293
71211
67202
82123
96622
43581
13716
3543
48687
85563
92839
22022
33841
64941
25470
82719
71826
67183
22046
4029
39523
30240
18643
6405
55774
73543
75218
16385
40937
35043
44450
11549
80153
10310
85812
67055
62865
8789
62092
80891
29464
70148
47553
91811
96425
36930
13669
52377
4815
12653
69149
93699
87328
73740
32550
81935
783
17331
47945
7525
16307
24170
13997
95959
75376
63125
85060
49678
81647
50098
28035
74422
43097
67333
75963
39695
1998
49279
59705
31051
57954
775
31601
91456
15422
9523
62634
86312
90550
64564
50378
98047
99425
83982
92639
53574
21775
43112
40522
1476
88023
74756
6553
285
89011
35838
23246
68464
62964
27408
68458
23036
73958
48977
18379
16352
74553
90137
27326
34343
20624
32257
48298
2480
44853
94020
20296
55404
36908
68509
2747
32654
47602
71854
94298
67297
32556
20524
5466
53154
37434
13802
1048
68733
78973
88119
76003
27732
94797
69208
11192
14272
85673
10772
39050
13745
18876
8938
32678
10484
86779
51895
34711
66372
79241
47098
14287
7408
30461
16028
27462
27468
71222
77297
16050
92359
77674
4002
1792
11941
64957
20005
22666
98891
58881
89016
48931
33036
56389
52011
244
87196
64085
88276
66519
24436
96879
58129
41685
48182
27137
94543
1120
69329
99436
75927
70321
10458
35456
24116
81243
28361
84299
61713
41459
88407
75175
39215
62095
29974
35958
76510
72046
74980
31857
66459
49523
48186
83374
43473
66063
54502
50351
52354
35633
75011
55163
84729
6557
18935
25615
13628
33285
91561
49415
68513
51587
46977
12256
98959
28853
32241
96726
8544
69315
35941
15776
25871
95559
33948
9921
29055
14029
9641
58848
34964
61047
85146
45282
37681
43813
36106
23241
95567
99511
42350
66489
99760
54888
2843
20467
17890
22082
8312
11172
96853
64889
22103
97818
50205
23609
80384
2186
64521
89911
44316
50154
62679
60414
74218
41834
33333
54647
95103
364
76277
68199
70746
35334
22204
43165
21658
41664
61740
31156
74873
13089
64003
30961
47704
87781
32410
28693
97163
933
25141
67359
70734
54716
60130
94075
74744
68485
74524
87473
98888
36627
8196
56682
22957
96927
55995
93515
73229
24327
76549
20198
23586
52868
77244
70016
63437
10977
74186
43005
37222
41141
26169
16199
38408
82788
75121
67319
35875
92374
76622
99587
89751
19746
89500
59318
41852
25223
24603
87877
20630
52113
36147
94625
80521
93969
50580
59635
41261
70388
16639
32183
60766
10653
27349
87949
28959
62202
70912
78332
47900
14739
8873
50839
68855
58268
83209
34188
12871
8388
91838
56930
27631
25468
45300
74914
25270
74288
53613
89572
24744
43614
65393
65920
99117
67127
82017
32263
70631
5949
99869
52266
56651
86853
83456
38648
68665
40963
73491
99141
54915
32790
47739
93641
39015
99485
38320
12202
42602
65696
78005
13331
83636
404
48631
15145
30990
35188
77923
53518
51704
83719
16657
8687
45991
97975
42234
81328
72146
20159
83637
46021
48389
80266
68615
58268
43114
65296
33560
78855
33633
79114
1855
20817
83420
97887
3028
94147
17206
92763
51017
56451
68264
22801
2928
74148
29501
4227
61216
17981
68853
7305
98959
42650
12524
17909
44177
28138
31119
4874
62513
59933
39558
90977
70043
64619
42961
26127
30245
68960
94984
10851
47928
87228
43169
66064
52173
97336
17398
20828
26523
3636
76022
84495
12418
64307
55520
45451
4239
89033
66951
67324
5399
36758
78489
42227
40295
3333
57951
45188
36790
70021
28785
1624
61638
28063
6488
37896
23347
77252
90039
20137
17744
70191
21151
88122
37109
58697
46740
87510
98191
60564
78200
71885
95881
86547
59548
81303
48960
71860
9953
63679
9111
40822
45284
27647
18630
63254
13930
31998
75675
29956
81183
36792
11123
25260
26234
36253
32158
44960
4809
45481
96277
87257
43450
12884
64813
74923
15956
53951
43891
35692
22536
46754
4299
83402
75560
46714
12418
50442
49574
89020
64423
53410
88071
21511
6482
27749
86419
84048
88613
29089
36331
31679
84869
70507
80171
58847
69106
8302
51901
47977
23021
35408
12200
40282
2918
17529
3652
75933
71208
9999
3348
30306
80425
81140
72715
11286
55523
51584
25070
64711
9159
52892
17437
57552
8768
42214
40180
87539
75776
84732
77986
48503
79159
57251
67159
28705
45200
28693
26193
6018
82733
7868
92907
22980
28594
93375
56551
5558
47506
15193
40252
58916
90934
71122
52380
53913
34741
34238
79740
84644
74947
52783
7681
37458
90654
99912
30185
39351
42523
37938
37414
10919
13844
25710
915
4099
96594
77595
67435
66715
37545
43236
81391
73440
19543
3033
72245
91702
72235
75003
20157
31014
65061
266
55973
28991
13975
10904
87668
69664
25807
9072
95456
75842
59049
50065
80853
97495
74205
24812
18779
23502
60985
5929
18267
49090
40476
31782
62344
85935
96287
46212
40357
43620
21692
33489
49898
17456
4621
88931
94892
22322
58883
13574
48297
2024
68146
62082
5934
32897
75834
107
65082
98440
93639
22096
42558
88799
63746
27675
51538
42839
94137
82147
24637
19818
81728
11324
55695
80517
60427
58239
41683
17317
56880
5986
34623
36210
48766
65029
98138
25031
60758
27445
53948
45686
4457
16254
9749
39451
64189
69967
34235
33197
91874
87399
2805
42186
8480
34587
69207
1333
4091
75850
87204
63680
37561
61890
45977
40366
18677
15938
28233
21902
71292
82156
317
36176
97529
81246
72075
32876
17744
20684
47361
54334
28382
11037
23936
17986
71661
63439
18553
28695
62389
49364
46302
36180
63757
11641
22498
53981
11119
9059
72542
98846
60677
32543
76345
84670
18616
62720
56349
80492
34585
50541
41307
14141
96973
67433
99370
3062
22149
63116
67374
54482
13302
16495
91634
32056
18261
49651
52865
66935
53939
92420
32141
59738
93234
39370
29186
34482
54623
42548
98737
62432
59446
4328
4054
19776
72454
82190
11135
18701
74106
43098
25924
36851
62979
48108
76254
91549
47695
51047
16284
89974
24884
35494
31966
5431
16663
84954
94561
41464
17265
81904
4093
70458
24620
67803
34930
87145
1995
36140
93233
68525
77376
62330
54534
90630
37105
3038
25214
5798
40361
51022
56799
97044
15244
66873
96072
95184
98506
95885
19100
13095
25406
2937
58097
44117
38987
19089
33057
33766
49266
88328
87289
15827
60619
11927
15249
76521
41538
7597
21913
77675
64748
50322
8975
33373
22894
33403
5890
46017
59344
1333
13156
73872
52706
44875
56597
46759
50024
87561
95925
35122
87561
51491
20103
23669
64161
72027
73432
33818
6655
53234
8154
95283
88716
91762
2269
16883
92964
59066
91593
41899
59349
6137
51372
17780
69527
83343
10351
43802
60014
98835
79378
80091
34826
8049
97809
74771
72343
17994
42900
71523
7380
34112
17791
63422
40606
14132
76530
69068
72806
38438
80954
1927
80859
24934
17782
93103
21069
46583
52212
90197
42837
83003
91487
53336
61888
13527
4678
66580
30443
48127
30449
99802
85094
96070
27332
38293
63800
37081
77172
87912
23643
18229
18223
87810
94807
9107
23413
51721
88408
53244
39037
72366
69243
61379
87550
79360
56603
22329
99634
46270
19164
78919
30630
23384
49309
57742
7476
76899
76640
30666
19025
58391
6695
6382
81592
86865
48667
69084
77598
83952
73052
79303
77710
59861
94452
80891
40664
93590
34841
40250
64336
85780
8523
53555
69513
91252
73239
75085
81992
3284
15254
26804
34620
63195
99121
18681
23387
92234
14369
14287
45372
65956
7633
58380
78093
39850
20405
84335
27628
25231
82588
37628
12419
4814
52472
37755
58750
4776
53328
16612
35334
54443
72460
90176
70396
29735
27576
14711
49414
93410
15594
17151
2612
64033
17755
79146
96933
30747
584
66681
64254
92250
1432
84159
73362
89526
56108
27796
93029
77782
76646
77704
91109
26823
13967
33313
62845
74464
51543
5054
92940
52382
23507
86934
83456
37985
34855
20437
82173
71209
53950
92608
25405
12142
60839
80353
15482
482
68026
28596
49863
59338
64891
91839
47480
60695
10610
78581
68680
89043
22145
90807
93947
72240
38817
2015
75202
20987
1175
95669
44488
63069
1029
85136
90006
60389
92291
32150
18877
20778
50172
489
35416
59450
76386
93996
86566
13879
3813
4095
68477
65921
810
66851
66293
51560
94494
36272
22376
33183
89764
31177
68652
53814
13725
94776
4622
9789
48544
52870
45479
57937
8384
86317
91583
3038
72534
19724
75701
89892
53495
46769
13102
91279
5685
78452
36208
50301
71181
93833
17379
19600
94364
64979
24437
94829
45233
17036
47623
1214
46711
8696
17240
64090
59887
1260
44212
1836
38436
49909
21136
57255
14109
65213
36754
55941
87312
49154
22367
83526
96710
11658
36725
53765
62821
21520
2875
36241
80130
77246
25494
81143
70615
54773
41371
60471
16910
4052
47187
60605
80063
27352
38324
94130
51392
88088
54842
83437
4829
35195
33783
9096
32293
54989
55967
45373
37997
17385
73848
78162
13680
53533
92309
91821
2349
566
20837
46352
71092
28499
52714
30738
4614
5099
8677
86408
92974
13499
62321
8340
19969
99788
27426
58375
27545
63386
41995
37567
18529
29315
39487
31843
94486
46579
69408
91594
73098
61512
31439
68804
17339
63867
42403
81821
77526
78926
81419
98815
611
44702
51190
3027
66647
20775
1098
2623
1194
54127
90892
76451
67775
28002
8644
90522
68780
59342
24660
51587
36883
19897
565
84259
7819
7279
15068
41304
51782
6946
38300
56137
437
49246
46461
50475
17336
79504
2892
19672
32127
2768
37537
78223
95157
34816
13615
74630
61366
77183
52037
55023
66598
92789
13659
46419
32926
24818
13066
51525
5242
91428
80556
45278
37353
26118
43516
39526
49517
34597
74924
69105
24947
97131
77467
31866
76607
33301
40842
94867
96285
95382
801
15722
87225
46965
9873
77594
67903
55152
65633
18974
80237
1021
14086
83631
68829
29966
22293
43273
37985
74736
66197
55029
30784
96206
33558
79878
2014
33701
62215
21096
39157
82690
38866
40615
47201
69751
4357
9799
40756
1631
31903
70911
92251
1286
4974
28877
70139
35169
7839
9264
57449
7746
68426
1310
739
69629
53556
674
46395
45642
61379
83802
23997
83002
70323
74014
87546
91019
6932
37837
71334
29736
38841
80337
93822
44528
29188
69422
83825
61736
45339
90191
6973
25222
82982
49546
79293
2660
98467
88908
80225
59996
44581
16463
60027
20064
41675
2734
6976
14323
77914
82485
14429
57092
32946
80686
95013
2766
129
62587
65850
40535
69639
51861
7679
73316
92707
28220
53283
5710
77195
44601
64522
47039
51636
34511
82819
92838
37721
36975
29899
3518
92250
4266
10833
64093
53920
1516
44853
93513
37199
43021
89508
76623
7725
16080
3302
61387
34203
30970
4357
25040
94936
72549
31610
56452
88494
95628
9732
65432
3651
75020
8832
76346
53227
39385
5134
21999
91435
25517
54856
97813
19567
12642
17616
91316
47548
88769
4105
47121
21741
16471
24793
50310
53988
2916
46050
78107
92508
26045
63671
45935
27409
31488
49502
96603
4169
9372
35313
70606
35858
13566
91901
52512
47608
40341
19525
1407
52024
87191
78846
71354
52909
68804
52749
25424
54357
10367
72900
89287
62264
98546
56269
31130
7259
29304
13588
68190
61061
35185
32593
40923
44690
73591
33108
42538
3873
73910
68279
38114
8998
15479
67436
87736
43362
8432
72442
86628
61779
75068
97881
86514
88353
28434
60639
17015
88212
48045
57209
71295
23777
78619
9955
71507
84257
56195
31315
64074
97629
41438
4629
43289
957
79977
44101
53101
84274
62694
18157
63663
66701
92817
91349
61319
16700
32556
55116
42669
77843
91021
55884
7906
34622
87713
84190
42158
83213
64910
97362
54853
89966
57727
63779
85075
90306
39530
97189
60771
20116
61925
85763
28185
74881
89035
12505
57605
1949
90494
59897
9479
40962
78777
92211
31675
40615
80498
9797
92938
71183
71975
63658
51249
36275
716
65849
11193
77564
62436
94339
75521
63738
97413
37427
14190
38237
5067
65374
74343
2160
85002
29215
88737
83240
57663
85783
15049
11669
61020
94042
81029
35049
52404
84247
98241
64191
97280
82708
59772
63413
18779
33258
77147
19450
46902
53116
42088
3193
97858
49511
95092
5812
46498
50414
1165
48789
19614
69654
3056
91149
29977
76158
90532
97567
37401
56103
10896
5049
1523
22494
10129
86341
13604
32451
16517
13906
19024
55872
66667
93038
21898
18313
37604
44497
40342
25986
81828
99620
72129
16870
33275
36540
4792
43409
68444
46404
3499
17545
48136
7636
4390
58886
454
10825
74451
91231
29359
40680
42166
95759
82042
38732
51600
56465
28798
27385
4722
24299
79110
52335
98285
84428
26808
24959
19958
80890
29735
30020
95281
8259
74007
95885
43686
69559
99561
2200
81144
36151
33538
9255
84295
70542
71791
16525
32779
65737
52066
71928
69505
28671
38580
83725
80122
18462
579
15206
85608
42175
78219
58022
1611
53619
4431
62907
81387
18092
64356
89399
41094
56946
15296
44712
93616
68921
33588
9069
99986
33641
32454
74785
45004
69327
31967
32893
63366
11579
62253
31169
30301
83204
782
34736
39198
45142
99874
35337
75623
78207
91285
27963
74181
99286
91502
76483
95820
17095
94591
98402
51552
24328
10287
79362
82590
8520
18083
37852
81211
24146
39227
60940
26416
67788
85682
13156
31177
13220
74221
20905
42965
55341
93324
35521
15192
29038
3338
18967
45362
51198
91473
34237
62903
68786
66212
3658
77974
43674
10757
77112
25839
33743
20849
24199
91095
26673
93426
89177
88150
13473
25776
13950
33554
1680
4892
79112
30700
8860
56100
82488
43917
95560
90524
2250
73155
60309
85999
34234
79487
37855
539
85017
49860
97040
20428
70900
9893
38878
52262
37914
76398
87768
28549
98931
73884
69154
29066
92192
35692
59188
65829
88085
89503
20603
23434
87043
40414
88226
94796
65874
66161
28085
63320
38124
17541
7055
32778
34319
18409
6471
23498
98096
16374
34455
24980
34772
15502
75166
98797
93896
53594
34254
25295
99589
3039
94758
76898
92736
80927
80307
64610
83923
88620
91578
98542
7478
54294
99724
9241
21541
74220
93658
56960
19708
56780
93657
80450
28163
40024
34567
98611
5379
1243
62296
81698
53636
43101
54161
26473
54975
76522
38130
33049
77671
23359
73316
3894
21279
56443
98720
22914
55084
40876
72629
40085
23867
90491
54862
20163
61306
6724
50424
76844
42504
54473
85356
54848
64415
87540
6090
40457
95885
76221
36292
51216
91553
76128
17711
82909
73607
44753
68008
34748
95303
12122
61309
77081
12376
56930
12221
99193
71428
96983
97798
69284
82222
5987
42372
89320
44573
23547
14890
33895
65095
25989
59442
82761
40144
92365
740
83053
4946
35334
24821
22992
71362
31937
99558
67229
45676
70349
31554
25824
58666
42742
13499
25512
97651
89771
91180
60027
23017
91833
650
83911
47949
53068
4381
14056
31627
75164
95608
43522
89129
31011
77853
293
4941
54545
35160
67661
25264
4953
82177
8979
1587
35782
11422
3431
42604
80929
78848
52824
44338
2362
89632
3497
92826
29745
98159
44234
75508
30221
12646
14123
64421
87519
10013
98362
41357
1106
14913
81642
31905
93079
25780
88496
58352
17379
99306
28629
59887
23299
94241
38456
91596
90858
71962
66883
83885
41947
20875
92133
58306
60783
26898
62819
98587
23097
26516
80013
77090
24481
21743
2868
34785
40600
58914
77644
92743
40445
34068
28950
26071
36900
2594
92771
19556
51457
97913
1234
45074
62624
84905
95429
37745
80994
81914
13953
62870
19576
18225
59649
99560
97830
74731
10946
23825
79294
9075
41397
85556
22726
57605
84650
36845
19636
62290
37326
90570
17089
37733
5722
25127
79425
17370
91993
83955
39953
66860
79669
29571
16507
67331
41150
94028
87761
65276
53661
6910
84608
70587
17820
24967
22947
90282
84930
91513
48771
13601
13576
16207
33143
86846
25140
61258
98314
63512
73988
90669
3223
72270
74077
30941
6009
6669
12752
4096
76521
45696
15658
72775
68986
36743
61679
34316
63853
28998
77284
22812
8550
84659
28431
97448
91071
89263
16575
4885
87675
55865
65363
5296
95409
64334
63914
78967
13451
31009
6650
76266
98311
28062
20639
61877
50683
7755
46704
75247
82491
48441
66025
98223
39726
77004
98705
65566
50965
20953
31891
51523
93199
5930
21102
89285
39240
39542
82559
31379
27659
9804
93164
64
63971
56546
58892
8458
31357
4855
79841
50802
98542
63716
43892
20444
74234
76316
51294
79840
77875
45035
50369
46247
92027
41905
76395
94970
41917
35026
42657
50374
62202
24360
97171
8085
95127
10807
56628
51306
18802
45707
92714
60016
2319
60864
78448
33093
81033
90121
86267
42806
21291
85651
98323
45996
61451
50424
7869
22212
5020
44516
73183
71305
28392
90406
79740
63963
33298
81126
356
43215
7171
74617
10790
4640
88606
14551
80286
4037
46964
3788
74014
884
32356
72256
99149
62878
17113
9856
12213
21578
34269
80768
2295
14597
93722
34949
98088
78356
77950
87085
5082
89094
66178
58876
62644
82509
41976
95620
22759
56561
71476
89212
77011
56269
81841
62783
13369
95737
80010
29436
48884
8604
95228
30498
92709
57024
7571
81340
12562
57539
81878
25667
55408
14962
70176
78803
80738
99200
84777
24518
77707
60878
73136
30653
20587
65670
92075
61905
15556
38228
85940
38648
20788
12245
15880
81787
96404
56286
20457
58184
7798
63480
45984
76851
57276
86675
80368
22079
42153
46806
96513
66519
46237
16416
3787
90446
12861
25583
19594
32474
71512
77799
56484
58089
80705
44234
90990
85451
21854
43330
43509
77229
73505
31618
82285
27521
76883
27313
21976
47232
1311
71512
14951
9040
36993
82993
64323
84997
30037
66944
63604
13471
87491
22967
94772
19797
96557
31829
47702
88010
26377
20436
1252
59998
49016
9081
99434
98559
36472
78061
25225
75146
85959
49768
19029
49589
20927
94734
9738
81786
1800
75885
42887
59631
85923
92526
23620
66337
57883
61530
81811
14706
32883
52386
58980
2656
27599
62301
83445
78330
51528
99509
21974
48912
44805
26104
44184
57403
80867
39912
47908
94693
78462
80372
21194
47019
53141
9551
69930
93738
73990
62872
99677
83142
35544
19791
22763
78848
6362
97736
48109
37790
17679
95742
27492
73268
17211
23485
4099
36256
80063
50037
66698
8607
21592
86399
31829
69232
79560
71850
52549
97173
69899
63226
75196
46896
18850
95392
86206
6829
42528
9508
6936
39144
37
31753
2737
16428
19241
95289
15749
38469
9416
68654
42629
30283
19565
34426
59805
76466
55303
81939
53529
18104
34693
70257
22925
18767
20718
82863
53122
24525
28158
2421
24064
11748
3572
90071
61289
84810
89939
10367
40484
3559
29331
3024
75542
15077
85848
92858
97142
96543
25481
19666
85477
83533
226
4968
64647
25078
32268
33356
71564
61376
2993
56138
86736
93935
19714
81221
36538
2143
15873
60931
13096
87944
12434
55290
86676
44757
58438
48863
66840
62831
5768
29629
45022
71757
71146
23559
2337
53033
75316
39186
24289
50720
35962
4662
66726
7323
92658
84852
35676
20858
98611
23390
4919
45769
93498
79304
50997
22037
56554
21906
23102
56688
84316
67622
48454
28189
31125
38159
50965
62966
9481
11494
5574
23060
36376
83410
15468
37267
57511
13003
96130
60417
45601
66069
33187
99592
89225
64606
89231
48784
66150
38187
17180
18224
67561
9895
31874
11650
37829
6780
10596
22555
28189
75906
5808
76168
45851
96868
90870
38293
40825
14221
99091
48640
60502
37356
31322
52062
15015
79536
33550
95099
82954
91919
56913
28991
45363
64716
29566
59296
23562
2616
3301
97669
3587
44836
30929
31319
71376
67529
43176
88673
28595
15677
65149
42722
99291
82708
7265
50376
79772
99380
82615
78571
80563
62274
98356
17563
42874
9726
19692
27795
40234
28015
77896
58674
83399
4662
40388
98116
9295
8524
95146
71352
94596
94910
39466
92115
88411
93194
73965
24877
72329
59009
17990
67825
12933
52128
38971
11177
51186
86880
57731
97254
49550
78497
21959
8129
72396
95261
75213
46292
79202
19794
13395
37411
73116
33005
57032
58124
33382
49164
74427
23128
20250
8871
74023
24005
71024
14391
95357
26868
70613
25147
35140
39698
21810
35396
30016
77393
19572
16190
82313
74440
64532
62872
67114
34948
22108
61462
2978
72449
31951
12043
55895
66506
15247
9903
55709
39201
60705
66297
33933
57702
84004
89080
32613
59936
18541
1947
95907
2915
14805
84454
95766
63538
76199
44671
22102
11799
86998
31630
43354
36272
41523
83912
48724
94178
66069
58459
13377
7105
62459
46851
81580
22162
55412
53309
99751
95072
80249
38550
26494
50866
22257
25337
36026
28058
27603
35053
81018
98785
37588
42636
52615
93513
15557
82022
53222
96508
51467
63715
81881
13529
69418
85236
36190
67670
14932
16688
88929
5356
94250
94454
57073
68891
43525
38081
76815
88917
23647
76634
62245
87326
29043
30468
45233
25468
74485
52565
69903
62695
10484
74219
97977
38818
2103
61455
48358
41950
62208
43055
33790
17939
77700
68428
9673
61584
65032
43375
20189
39527
10881
18034
59631
99197
93130
4506
21920
90835
26
66556
54322
53461
61824
67782
63700
11870
22710
51595
38310
39799
8505
28171
79273
4897
42527
48366
47323
29885
24468
9082
54996
74724
84654
97917
77124
80436
33943
58934
47044
71417
79251
39923
38970
98863
44149
90368
45303
44607
10368
22987
33250
44613
40892
92577
24711
80248
90748
41511
28781
72336
93942
14419
12789
61387
53140
24382
73091
12844
39165
43159
68216
78381
93192
35019
84093
87289
75614
54330
87247
21393
76903
28794
29673
26257
10517
56195
30290
76961
31643
94031
44604
82847
96199
38321
44943
12692
64447
27739
44622
48246
64996
58210
65123
1541
15103
29731
49570
22451
10406
70900
71367
76011
68152
12160
35243
67492
19490
63755
61192
27107
30389
37104
51972
389
31264
26433
7555
95718
21348
19283
83264
76249
97161
32213
14478
89118
10961
48336
82949
9017
36835
18754
54562
41221
8124
39628
47413
43925
68250
40801
60317
53376
21729
15086
96749
23027
68499
27010
70620
52414
82463
54747
93729
16894
23122
96387
95917
21496
36217
40204
97619
73847
9754
72759
1879
92863
78599
67952
40679
69883
74907
51412
64977
67620
75765
23864
57099
82870
77017
27268
81298
28953
49125
60919
93429
22278
29702
66383
66577
53631
30960
36995
55950
32236
19294
56913
40987
26052
1123
81400
12236
66695
21014
39338
64508
95478
42733
98242
81081
40155
75106
16240
88941
57635
3273
64852
24906
4590
20351
28423
77961
15988
83226
89941
97196
86131
2087
76973
72570
66699
91653
74210
99087
85063
61651
48500
63236
39644
52246
3865
92880
94444
92181
88116
60475
38408
96538
66589
9857
34547
57976
2183
12826
41258
96516
86946
2632
6213
35278
46284
53856
26278
98938
75467
73908
70908
6802
36926
53780
16240
27801
53257
85530
64668
93179
14434
70621
78762
48147
34043
54628
90512
190
43234
45994
57017
45700
55488
79115
98721
23373
42301
84655
24230
35300
27769
98481
99540
26474
36749
51430
36996
29991
4200
91820
92109
7119
66548
31363
77638
23673
61873
84014
67688
64831
97252
39431
13673
87545
56028
13588
76918
65481
26444
44464
38072
35523
32864
62938
49598
61519
57745
23354
33832
72016
95406
55379
254
23835
1020
8662
50515
3828
30402
44666
87674
5633
85302
96330
40128
65723
62165
88518
58496
39602
64878
13184
27544
24622
69554
47347
60061
25307
38823
34086
62748
78308
89990
16994
45066
30925
91973
71678
57101
31959
74362
74996
23470
15256
736
94790
87213
45703
5937
42158
64231
77133
58622
84782
30635
79332
2536
34219
86559
8244
26761
99368
36229
81914
56738
32293
82661
60811
62056
19937
73866
31549
29486
89185
19554
26628
81939
9881
95805
55796
86418
63409
99089
24362
76120
22767
81908
68710
29622
8222
20077
62972
47268
75144
9216
32129
36866
33871
56245
32998
89728
64436
23345
77070
17128
33989
36837
8115
64007
11235
79712
8981
19975
40928
54653
48030
17410
87215
88213
84882
87280
68970
5554
98376
70779
95105
79675
35591
68516
26876
60744
2195
86062
43083
85277
21693
23053
37686
64531
9858
81097
67894
61635
74377
64351
65042
62802
51457
74323
69826
77415
80400
11444
61864
45900
37031
590
32985
15350
94566
78587
81834
28279
15700
64476
4937
18315
75708
35791
30916
23005
2293
95959
67162
80126
16913
48463
46947
37617
64390
37614
68882
1870
19309
24533
84321
86557
15364
79255
95619
70210
15671
72617
5000
31649
40841
83061
79500
88610
1952
72256
59386
89555
94659
76959
26534
83885
33102
4994
10818
59503
23550
30206
77312
36373
41283
52566
29859
19432
37277
99242
98146
81568
65264
73944
90294
93062
98669
84962
45294
75309
76463
62551
45815
32387
87326
89169
5532
80849
71513
21384
59456
17662
42616
26882
53501
79932
18457
41520
17915
44223
7868
15628
93017
43975
41790
88030
4455
17956
8351
34400
52643
37645
98675
91844
24584
94674
19473
61454
41260
77005
7069
56311
34318
23169
37833
95333
70400
85645
77748
93133
70269
46868
89199
95270
52433
75439
21677
21769
21200
50770
58710
32160
83716
36425
86652
34356
31013
17668
35489
41557
32006
19708
32162
55055
98969
43472
59180
14382
12902
81794
81507
14642
91292
58243
38595
55830
12361
42201
97834
44841
31087
9030
11110
96592
22369
42793
71343
94
1430
14061
96367
17148
70745
14151
41988
95301
30424
36075
9628
91635
72038
49065
98784
71589
62253
35784
7024
31708
22163
34677
5181
42433
73816
65006
54658
98724
49545
69818
89894
38856
14353
70315
68706
30045
43656
