24342
96041
75355
76785
16642
87844
36436
11392
88790
74222
11107
74086
23590
37372
79205
22461
48285
27540
1569
13022
48935
73230
22444
6812
58140
17802
48448
76964
58099
38669
50380
69658
79018
70524
44121
99998
10855
2256
37275
54118
89414
44165
31440
29228
91951
80964
34943
66949
81975
66627
62401
75815
23026
57783
84116
73899
61138
95875
91497
99015
5455
57908
43027
16091
5012
74826
5617
86748
8845
98409
16995
42230
32306
51281
9015
89389
68591
65349
17591
76136
9063
11518
81604
11814
74372
98143
79438
53226
2691
4378
52296
79076
65750
65112
97084
17335
29660
87215
13306
78346
97726
47237
44636
25155
40230
40618
1748
56321
12305
57250
73411
80677
92899
85754
22426
11834
90068
27675
51728
14215
49753
18151
88382
79481
32714
89282
76928
89650
88689
59319
49723
49766
28859
23657
91535
30092
32712
96619
24008
56168
9624
18324
57630
27054
39984
12467
53087
75471
2045
26832
27375
56467
3670
540
1276
61272
41734
14466
76516
97768
62768
86232
42301
58900
95141
64238
7287
33659
7609
97362
33032
68768
68692
39441
17140
83113
93559
75425
73701
74969
23288
51893
19925
96186
13220
6262
62492
55547
36473
30346
60091
992
80862
25970
44433
89902
2085
89407
2492
94893
31708
91140
83429
70446
15020
88554
50337
21907
36172
76125
68484
77798
10199
8213
91012
70396
46184
35239
32267
13971
71342
48361
71669
14854
32596
65475
38968
908
22179
51315
40362
59521
32411
77876
18933
98292
53853
20081
83210
85236
97359
63376
63514
36305
11739
64609
45431
44546
3508
20754
43292
28556
10254
96334
61351
97966
46691
68754
41716
62475
14926
21710
40653
34963
64964
71715
24945
50417
87723
48258
94725
42911
88979
22640
61455
63321
90791
1934
70040
77987
40870
94389
52393
82172
44918
85761
12660
85663
48018
62054
79706
1315
93420
10969
64244
83958
97903
55316
34921
64649
36448
67972
18544
91686
20339
74046
24618
58362
27758
20422
28843
9116
84858
10670
90738
42765
68849
27009
87189
54764
24156
47435
34719
79603
14642
47629
59776
83650
75145
21152
57804
96538
59255
44900
87502
24737
97249
91564
12402
4467
68858
26495
99553
10255
57911
74597
76826
85601
48145
3539
72590
77577
80322
84133
37487
63536
91330
97596
8115
56496
65873
31813
73105
88861
76006
76464
97085
38662
98060
79069
95156
38222
89519
39633
86826
98283
17875
19968
88893
9033
17388
45592
99679
16299
32032
49089
10077
98856
55876
49567
61442
68340
67270
9671
31117
81507
50879
16344
91016
99056
11513
1276
40781
10096
43604
6607
88000
37350
79851
33804
48109
51762
80554
97692
14133
83629
38575
63883
45026
1305
80907
70085
16397
40700
50942
36962
14749
78473
17213
99899
72603
13947
90158
38148
83619
44808
11981
32311
21085
66042
50026
45640
73686
58287
61936
89725
78226
46892
93242
28609
85546
11691
66680
708
50660
169
79055
82233
81304
16737
77612
42730
38508
78095
85279
75347
75691
21586
4731
56541
22014
90130
66074
7382
1920
65510
87554
43367
13330
62493
79583
79667
61716
98687
18658
49130
62037
1401
38014
84636
25063
36648
77862
66799
20505
20214
74000
83420
80170
3969
81763
17915
83147
64829
99389
37818
91702
80662
85770
47965
88869
92963
13091
67824
58181
90947
95027
15829
43229
98609
17147
14952
12326
76813
5102
46990
70060
59399
5624
72751
96408
77168
45921
40500
21338
26275
83841
21271
57525
26344
4017
10385
42119
14758
16952
3469
62132
8944
98797
71976
2482
13368
20215
73297
86319
94685
81142
19409
48865
77118
26938
41300
34433
59026
37539
81013
56186
72055
42728
98
12003
9103
74815
97591
38763
23910
8263
38563
65626
17975
1726
63905
78291
40144
36242
64802
53736
42219
74099
1517
96845
11559
39993
44446
99189
39888
41408
65752
75504
84030
7979
42025
30370
34593
32463
78820
55997
75029
79853
24408
16897
87367
60709
14856
66124
84466
64226
19933
84639
2969
17121
68217
8835
22071
57067
70160
24788
3333
14009
21219
14411
57540
27861
78595
48303
98284
89516
32302
3324
27192
51959
41782
42128
44628
31217
19811
50133
45417
9581
45339
26968
53162
40791
57233
22398
88548
36980
9355
93058
99007
89766
70749
37531
41050
69798
3969
77852
16065
99769
73641
69840
66074
86598
24024
20435
75660
49300
98043
80304
13781
51559
10303
78674
86247
10335
24621
75620
27943
22497
67779
98723
92234
91704
57547
84120
63983
22078
15259
12197
98902
1999
83241
47712
67610
42840
29120
89323
6224
24577
56459
32450
570
45883
38531
5633
55223
82639
283
75710
18186
54500
36357
94949
75032
93924
92043
23499
75649
20485
9722
38020
69642
50191
66782
87238
65638
44234
85894
96913
28017
43425
78472
65420
8433
15757
26470
96452
77383
97320
8056
36155
22147
19432
20232
53515
52880
63697
29409
26284
20122
23848
86255
47836
36615
76333
22444
97132
63626
77102
33177
42870
59722
69069
32711
30122
97142
86980
33929
72324
4769
18543
54574
25632
27765
47994
79592
107
71486
79155
98217
38767
54412
74941
23824
42586
55847
11177
90679
86410
19928
30256
43454
36818
93273
62062
52738
38051
8339
93921
27779
95286
65230
28986
46830
88539
60041
96600
54411
50430
14326
12371
13229
82153
84446
47171
4437
13294
83381
21093
37342
36171
4495
25188
42929
17211
99430
42426
68968
85678
21967
41340
53027
11006
89252
14821
57965
77895
29199
64415
45868
9212
63143
25762
67777
27282
47519
10695
66278
73833
24914
18217
15891
64112
32256
37060
31803
70595
28204
57301
86884
91581
9394
82931
20921
37617
63068
81546
62815
12881
92284
31160
50380
71639
25057
61022
27432
71009
63065
68302
87768
34997
99369
51564
61190
28008
96958
55517
57981
2506
17925
55323
91541
68789
3712
12066
94490
52503
30152
89114
10050
2280
24286
16919
77679
82000
39589
47910
51594
98088
23388
16412
4162
57213
94231
94472
21661
89745
52943
34554
41872
98873
64778
37508
29081
26353
63898
73419
13988
37863
93767
36939
4304
23672
27380
5759
95833
66421
8255
98932
75862
54009
52622
77950
66421
97525
45202
67664
99067
54009
51906
17779
39614
10258
78892
25576
95874
53064
65843
56408
42454
26707
15180
15756
88956
12013
19714
176
84482
49905
63672
23068
8263
76358
83457
8332
83969
29272
43881
52934
28393
5533
39583
68162
29680
33134
28125
35468
86552
18257
90249
52599
64790
23194
42822
19877
40188
27537
28755
99666
19088
89459
59087
82578
62249
87596
4970
62073
55131
13377
5888
53615
67956
55961
75001
52147
33917
18494
64106
308
88878
53130
16563
83127
2869
42488
77232
29385
95097
68618
76256
31112
45544
7485
17024
75752
4380
62328
10669
19856
67052
81763
35682
52133
41861
9664
78834
79310
67861
50150
2277
73441
15967
88841
66796
74289
4018
74391
44056
11111
71771
16532
79812
83996
92569
8210
33048
36259
12731
35524
28234
5922
11838
52395
37726
53082
74694
86831
68839
96281
28316
72353
89602
7780
90955
33632
15702
758
8891
71547
89432
18527
51945
42494
85339
28411
71665
26655
56469
56186
69830
5653
3101
35764
4485
18972
47010
88071
66570
59562
82009
55094
45602
57397
81351
53910
90431
35236
23961
12598
67033
60212
81636
75335
13653
44369
41282
2912
88028
52886
32287
39953
84024
90045
74071
58938
5700
14231
32800
40670
79431
75909
79747
28463
88646
33064
58821
99124
15036
84365
27898
69507
50583
84632
84450
48374
80471
42239
74975
32022
85594
77095
16423
5407
57851
24675
16984
94451
72422
67114
96196
77026
77493
21188
99742
77808
19901
30603
40856
19343
47763
25220
5300
84835
54904
73152
23294
62382
58449
56708
1370
15865
39454
26810
24367
15058
49515
67046
34220
94917
60361
52428
57036
60357
71016
7454
26506
94143
63451
69240
81343
6071
80393
29797
70751
95005
17087
51326
79429
85407
33191
87094
43853
87115
58855
32049
8875
64069
78284
34755
83332
80723
35109
80904
41258
20822
50672
89351
62063
79594
32194
87293
59333
69790
15224
42882
70677
12708
90587
85870
64386
23559
45164
68026
8811
54429
32975
95178
49959
67216
44193
64195
88100
25328
66604
92388
62553
72424
31495
99712
67292
3527
30911
56390
27397
92496
63374
68006
2591
95420
65915
83384
89994
59850
57406
8084
62192
48808
83038
25586
93282
91607
85675
62996
44501
7510
46289
12791
87721
98902
66394
68512
59522
9261
31567
76077
24200
79584
35524
3735
95301
39304
78053
10125
61968
85497
70837
26327
75415
8625
99743
76728
86348
3127
13086
92472
11677
9634
61060
31078
94461
33997
88707
68783
20593
30871
23258
82793
93211
36518
67003
50355
29280
29863
9434
91620
41512
19673
29298
1078
16979
9447
60236
91069
58754
17399
60515
92865
70549
39831
12276
4336
40612
87185
85252
83506
23406
57062
27277
88221
73055
68641
37451
22938
33763
7366
73999
4826
60025
67328
9799
93020
38772
60408
60623
68365
75831
51468
76890
30689
74061
39009
51661
49683
73739
46337
92949
30019
22231
43652
99130
94467
96715
31449
53375
49648
91810
38840
25802
94064
4406
99979
19418
19684
7041
84720
71440
48705
79194
6032
64541
90509
30525
14106
14853
2252
48690
70768
1770
56740
65442
13302
7501
74641
32621
85651
39465
11385
77747
59685
64456
55540
65398
49980
97111
75843
96898
14708
32067
9262
60785
96426
45768
64701
24470
84914
31310
52003
20851
50862
35671
61230
47951
55808
56385
52072
38178
4697
41195
98599
30220
88639
74109
9630
53058
11770
58721
40319
1750
13509
610
16631
94731
41926
93703
23688
4393
22236
80266
11008
19281
45220
34281
8735
9065
32382
90189
65683
64055
42651
69100
88999
23870
52698
51427
13173
51474
66000
9920
66127
32396
71073
98389
60702
71153
38970
93927
17438
40841
5231
73417
75396
91043
39212
55233
91451
46225
52752
36626
12333
59039
14996
59274
65025
85515
18444
10409
50068
75015
2361
42519
71221
68765
56032
10805
63521
36759
36075
42423
62903
38984
28551
57498
89016
292
54736
77209
36385
6501
82877
1480
33865
748
61333
94918
41729
26231
65850
28573
93929
4400
34906
84120
77615
63045
11551
62135
55899
51833
80829
65840
98841
76446
63
21918
10866
83358
44207
93054
46440
5985
29685
68890
90952
260
84443
45945
17336
1236
40432
30998
32020
56783
51628
93306
80838
24862
87603
21428
9519
5873
95569
97737
25271
95319
51045
12227
44675
72687
76120
23028
1025
20562
38606
95942
43656
30267
9827
34557
44775
57197
39402
35991
69908
73520
76791
87480
96364
17463
12074
20256
25328
37590
76839
96040
34962
34347
14060
34848
84424
12230
44032
2968
38661
20224
61888
72004
98064
75101
1888
95957
33107
86255
83869
69021
89852
74414
87831
84731
65385
55748
97967
48278
88814
92097
45856
62493
73209
46998
34763
14877
85105
40941
5134
78780
10538
61828
79602
22454
47477
21154
35039
71966
89478
7902
5886
68572
15273
7683
71935
86822
44295
45620
63175
29288
82533
8738
82665
36264
28568
24934
71365
49943
84260
91239
47940
37445
22177
96545
75518
83090
53074
74705
84969
22026
78580
87821
90054
32827
26415
11142
1881
93128
44346
42458
90303
45393
26586
55877
81262
98687
84013
72333
65160
95107
77048
79607
61333
49518
91574
79082
80789
56348
54014
36400
20210
2002
21224
71534
64098
91239
87018
96772
30979
57491
41541
75605
29790
55629
61274
55044
23178
80438
92569
97287
15007
4667
64322
33142
57840
15035
47935
87963
52317
88564
79120
34519
2415
36852
40922
71097
32005
88941
94517
67086
14144
21751
6546
15299
23373
83104
69720
39139
91771
19895
86529
22170
43724
17962
2741
61648
97704
90092
61646
45067
46130
92559
31067
48892
52051
97189
85677
28452
64690
22034
51763
90965
45731
12274
66673
90974
71558
7551
23504
81244
34767
83067
94582
8291
51708
27832
60670
559
83919
65881
15230
94373
88493
77616
48432
53298
61693
20213
81147
97229
98664
6782
81492
24735
50415
56035
16928
49142
72893
44509
25838
81512
25751
13827
43201
74496
38250
51065
87259
74508
89673
70522
57170
60109
66366
87713
84929
86951
17259
43544
10463
23835
49465
13318
20837
96437
44368
39304
73337
96858
66868
2794
51921
16442
79992
41626
24283
64097
42842
13465
16275
52513
5095
27500
3423
15357
33473
41591
95618
7144
91354
36160
87366
86795
71120
59292
91832
5714
38401
95816
15299
70691
34683
87793
79397
75195
40303
38875
66100
54082
67570
73636
71589
21983
10014
19906
92473
63772
35256
79155
49549
39840
23658
56236
24254
32027
35502
47416
62854
36908
55542
14018
51039
85504
9512
64861
74524
48512
50491
87394
54659
99544
97385
5166
74016
3833
98937
78073
81657
83781
58147
46312
42275
19362
53941
84097
7483
84449
85060
65263
91233
80633
9715
16756
55641
72218
62894
32898
2521
64122
61243
50764
56962
49346
55499
46748
16798
84271
46243
627
16542
17695
78023
6203
4322
80842
81169
49438
5238
67740
42909
63939
49779
42257
7868
21141
16022
29134
12691
10318
55487
70672
79023
93443
94194
52806
68005
76871
63134
28446
37885
4892
95706
19054
40172
99241
38404
46167
15624
4676
9164
3441
27405
15105
21578
99742
59370
95315
3330
95426
26653
28355
65458
63132
1827
14444
46550
14833
96974
25152
5368
86568
99259
80710
12736
50209
9818
72427
16613
32936
70372
72626
91126
4072
96140
656
94394
49735
61541
49236
80817
52824
28504
1176
40488
10820
99991
29948
76041
6394
17630
88500
92376
93403
78018
86029
26831
71747
62430
28702
39025
54539
47381
60622
62913
97697
14230
9396
86373
17750
18315
4061
95606
59165
70911
35557
28501
15041
4642
25565
3132
54350
66245
22117
49908
56083
80328
63682
25459
4344
59964
80911
29759
88339
94614
45893
95311
77024
57756
15832
51308
27459
25148
2866
94156
34561
97340
45824
95736
4470
87005
52107
9481
22476
47844
36357
97111
60045
61356
70829
30906
79494
63893
29799
27303
82552
84502
24971
21949
76328
17869
68921
26300
7412
6980
96549
17621
81779
20921
77402
17292
37103
89745
68853
71347
94139
44733
68443
40499
30786
63186
6304
52114
59214
30616
44146
3978
49721
8771
84981
37020
44981
52295
69600
48338
91192
87383
1183
19616
25835
51824
12531
19141
74732
93105
98230
6802
74011
10180
86882
24551
92365
75913
58634
48765
67649
47050
73317
87228
46999
17427
7916
4788
55230
83772
84248
76372
69739
83236
49763
45472
9984
2754
87649
7569
83473
72431
93542
61181
6140
17573
66855
45643
80311
63482
61506
76949
83689
92364
30810
42440
86339
12610
37322
62635
15894
18497
10563
27733
48692
62945
83958
98781
7940
68846
1477
89508
20631
14582
95094
26794
71210
57982
95895
75591
81093
52448
84155
46832
24371
72039
28313
66769
77594
97966
10193
65817
39266
37951
21881
66345
21385
66643
77989
32911
67489
56907
6397
73324
38973
58965
1025
47068
29195
49304
99239
54852
14227
60676
92742
28136
17522
1916
24206
27890
88331
90383
31273
36330
27013
83495
3792
32802
17727
66184
2129
26790
3105
54358
8807
82965
37237
45172
49928
19904
96485
4360
82556
95545
11262
13951
60439
33495
94002
77628
27705
14907
48539
5027
66321
89049
37441
26666
42390
22835
21938
31893
27452
73381
89803
58191
64515
49554
86436
88577
71058
31172
13122
49926
8767
93969
79569
65994
85356
76081
46057
70056
21292
6439
16353
99806
76986
17672
64240
26705
97576
54282
76720
11647
77937
67274
28392
46419
62350
1199
48914
54421
7293
29028
62375
4014
2820
89379
23988
53584
20119
49744
14685
49837
61052
79079
51527
96897
2336
25115
50784
2641
90693
87949
8018
28826
52497
1982
69431
96979
29448
91508
87100
25004
57853
17330
70345
71327
77056
82202
62944
7649
17932
26610
11318
23438
60989
28321
40948
65958
77203
988
51927
40284
42677
53009
57400
51656
56117
51646
9182
26265
18472
79749
44550
4552
77978
31302
18762
14803
58261
64048
82736
37267
51920
6980
84684
57398
36241
95830
22063
11781
16197
47116
54464
92356
12120
42006
486
84552
72666
58962
55776
63321
38603
93468
73871
4013
33648
91238
46061
66199
9855
77422
67390
92557
6543
53971
36866
66280
68997
24021
76706
46466
8849
6019
17181
58432
26355
35347
69973
53667
27494
58460
84046
40476
43615
15733
32562
53937
10290
3848
26321
41701
62526
92085
60021
53796
68144
45191
9239
89317
26025
26034
78329
82007
23984
91448
24572
99238
37193
73395
89681
98207
74440
92426
48114
65615
59154
54097
62281
76144
60461
50445
47500
98933
57234
40052
51264
65817
85507
47750
26015
26254
77367
99221
73120
29091
22634
31080
84918
79842
69297
87099
80336
41508
71734
51441
90096
66276
13996
81765
2385
41825
83226
58300
540
88550
45852
80583
11577
70705
53802
72669
42879
43840
32179
79026
13372
18869
86590
3025
82851
43490
20594
56324
15813
78435
69168
86880
59455
63644
34697
71947
71891
16409
49335
81912
9211
73494
85583
60247
45730
71535
81834
78118
57830
10540
29145
44828
94500
56895
52487
95704
95173
90066
47037
31699
97961
47121
14048
73307
17268
21713
39574
98818
37002
34078
56865
988
95521
98482
79846
37860
70006
16017
66818
66706
82550
70685
71244
86880
14104
81857
52456
34353
19466
94538
6984
59658
33525
25177
27353
52231
20892
72166
7281
82884
44890
80455
2122
92038
44295
55023
39045
99903
31648
77385
63997
55171
10423
65397
5160
96037
96839
26745
24526
69162
9814
44415
92551
10966
88019
75175
35060
42801
75251
58486
88987
24287
36696
35012
51040
15975
91151
42212
61551
76638
41366
72849
8255
21176
30388
44625
83836
38625
76450
76386
62715
28272
38398
61094
60299
41630
54992
10920
97730
62486
10957
13976
72247
89989
6943
89367
60673
11582
88343
65776
8257
12060
17301
19628
80296
57901
12575
45208
31081
70039
72257
76783
89423
54930
18848
49526
87772
30035
57323
36724
2235
87926
75842
84693
16294
35229
31014
74707
94469
85241
30186
72535
13581
3594
70450
91954
47901
16812
31519
2177
18186
77614
53415
53531
53933
79290
27613
39397
79498
66713
84402
88394
1962
33436
71373
28065
11399
48981
9015
75125
56423
9197
38869
1557
50543
41948
19525
25245
7
21178
1489
36433
70132
58497
90430
87886
89012
84343
19932
80030
66357
41007
24393
59928
43544
54504
99555
4674
14286
37314
81780
19943
79347
95941
87832
90893
94119
35586
6638
75973
96608
58673
47991
50205
95827
33077
39245
82119
28852
50489
49374
81552
29548
17280
63585
24667
93211
21884
91304
60808
35583
55024
83657
42662
62216
9384
39845
36199
26470
32411
30426
57658
27780
98410
49694
24777
81465
44013
89455
65065
58623
43994
70033
23315
2861
95878
31320
52648
70150
90235
2261
27753
1469
54756
17636
94195
15506
30095
43371
39639
11695
71525
57463
64585
89882
11245
37214
39835
75820
25802
39512
41045
65253
22589
16480
7932
23388
71878
94432
91796
10088
84291
87890
2113
31142
15332
72002
18951
45549
85928
43842
15138
97473
6630
20388
63838
77085
43459
2991
72897
73401
97706
106
91388
82154
57432
42230
80262
5117
2994
71059
97203
71919
57005
89855
76379
93659
55988
13823
45584
72588
88337
97785
38995
97291
39207
51445
99600
37310
90804
70974
97303
81842
37828
11992
69174
86756
81774
4291
37943
40131
11219
67623
54014
78958
12944
35296
23957
39641
40605
1835
65762
67022
90847
38800
97047
12959
57605
12710
56662
31910
72273
72458
84681
24292
75451
65075
60859
43375
73084
21140
75021
96819
62389
33486
10295
51275
32203
38798
2900
66853
20742
66628
59379
2475
62983
40638
93203
29789
63348
4955
38151
76298
21646
27041
21793
38980
18953
9379
65046
9924
3225
60636
79120
14122
1510
46236
64498
62558
39764
86015
87387
29214
95400
34215
61382
31484
84588
91038
15187
26302
24969
54064
97191
34561
79939
75530
50217
92247
35863
36555
82991
11121
23177
55317
23872
98206
59970
17276
23983
47017
23236
31833
52119
15854
29590
71082
21573
73492
80739
16417
70048
29488
96746
43377
12016
6910
36136
73808
18151
51961
14821
62013
67559
87122
81394
96160
64298
10577
16562
4527
15417
53244
94538
50514
62621
15408
19536
9868
94601
11867
66776
86551
52178
71176
53505
45636
95693
46129
71877
97893
3401
51172
91560
21432
58099
95375
47545
98242
44092
93516
77541
6253
25373
92714
47227
14388
31941
47698
48540
69779
58969
21781
98399
48447
12642
73652
98324
33828
45523
88785
23674
36926
53930
45491
30173
92457
66415
1458
94430
14726
18275
93179
38578
96819
15714
5152
70961
60348
540
25771
52762
27022
64672
67236
86548
60793
54835
36022
17606
86993
71938
75709
4958
4309
19636
89404
14159
62986
11814
20548
38199
68868
91899
26220
83800
776
5229
71925
92783
96971
64921
24204
668
2080
84436
44383
46990
31715
12592
69096
74459
86270
29395
77971
91685
74818
13216
54198
93377
75342
66601
10871
19313
34287
63915
60293
12892
33242
93935
81002
64787
80252
40749
46395
79582
7878
48214
1190
72964
69933
36116
40794
78590
61426
69691
25727
6310
46565
17416
66674
52623
29333
22785
88484
99691
65263
13269
82083
24425
90661
96946
70862
53019
74692
65688
35915
47370
22794
27425
83232
23024
72831
37465
11537
69167
87805
87964
39771
87620
53394
24790
42796
23084
43145
9262
24005
47804
74820
24714
77762
97250
83352
95528
78584
61375
2595
45317
31330
59239
55310
63946
89277
95391
62140
79438
92366
14329
82176
2319
40926
17991
19274
64521
43202
85591
57912
42265
93759
78310
52087
16420
65376
68830
84948
45510
71305
28077
51380
84686
36301
95112
42167
78249
50740
70330
24488
95829
82612
31398
59079
23138
11321
68530
29924
52549
13927
63353
71183
26971
86340
45037
20385
21399
58109
61647
17237
55783
6997
19822
85676
21018
60986
89605
39022
59269
95148
7805
12709
41568
35260
79699
93267
95398
29749
17306
90906
15678
97832
37130
92274
94779
24062
56130
61910
49683
78282
28786
12428
70665
30820
66023
75357
81002
73036
92759
30349
11625
47965
79977
90315
52542
62533
65429
35391
97249
43115
72034
87012
56775
53910
92781
91091
55898
55136
41938
85145
42393
77237
72827
75808
28711
52031
67881
12469
17281
30378
63470
91208
75466
39981
22782
35401
21099
94923
65251
51408
81979
26626
91757
97719
22404
72831
95146
23417
35338
37705
46582
13708
85114
83138
39024
85212
42823
51131
69830
32792
19412
75142
28813
9204
13430
14370
15459
88509
52306
15809
72619
34544
31036
65820
26381
10104
11103
45325
34110
667
79214
39011
56635
47308
72642
40438
88311
42439
16287
27590
24470
68550
72486
66253
64732
47736
40672
5852
31812
16255
84228
45887
92768
96432
84765
88540
19581
61690
94218
7042
9326
28775
6241
82833
99234
31313
75460
75445
95485
31516
4287
5549
66643
85995
73250
84518
52490
60172
96680
64340
94175
53276
73460
12096
6158
95645
56983
57521
13886
77742
12927
43057
2457
18215
42154
4434
29514
87374
20408
53893
53252
80661
78928
91823
70074
85308
68023
98152
16692
24558
11786
58863
85995
32038
58130
56712
67932
56260
44354
36801
74101
97546
83628
2583
73886
83640
80586
87724
68916
18627
35198
89977
63546
64583
60048
94723
32653
200
23612
58956
64503
62328
42808
87719
88157
42815
86425
47901
81173
30875
81871
11062
76902
97145
62185
68823
84856
27394
28774
2700
69577
62362
2535
28212
64109
79539
37777
28238
78726
12403
83172
70584
385
63428
82714
56814
81337
74181
77212
32391
41945
38824
31869
56570
95011
62552
37832
13089
69359
19416
56973
4192
13962
39587
55915
16166
24754
52252
64246
56244
9979
76419
16626
39701
51542
61968
86182
27965
43102
8285
29625
92422
76241
51358
5714
59631
64734
63816
44256
3754
58623
12657
89862
78527
63404
84923
95678
26232
25611
25115
82999
74151
45060
63364
92201
38641
92878
59823
51985
59617
14364
54789
17977
90630
38888
92210
11694
11993
31023
71796
55898
58109
85499
9239
77817
68976
72247
88484
86008
47641
30035
69252
4052
69666
91981
9058
34799
81799
33303
92889
26874
94136
75669
93707
21505
66494
22099
64997
79656
7905
79357
55863
59963
63182
56011
53550
41209
90400
84682
22590
74521
51150
86252
78344
30917
25505
72042
59654
81195
42726
59285
35074
44184
86126
53660
92888
38828
89447
61726
11199
49485
38335
98122
3031
83374
78480
84265
9112
87733
36287
93629
1096
37167
44742
38174
72165
14485
47914
93864
80225
64932
91055
6303
76862
41612
91421
46759
30557
75647
8796
78392
71179
11890
76244
66339
33159
42173
39604
72204
8117
56409
77718
5490
38757
5084
76302
66088
67047
10167
1664
81670
84580
56600
10970
44960
88594
88266
73840
81079
52371
26916
66885
3802
25057
62666
14761
57140
4867
88795
34638
54323
31450
80930
8821
3612
47166
43794
48318
25580
7759
62343
91549
63310
4572
42485
86698
69488
49278
16309
35680
87559
9234
82073
84958
45887
84261
43407
55366
21790
53443
16601
92
56272
68640
3559
2148
51340
77858
67583
98362
51149
69828
67929
6998
95602
86310
39683
98607
51032
23164
40130
86912
22988
31597
93578
66327
41981
79397
68572
91341
29039
93652
29646
89995
92908
57344
98143
68863
94271
48566
20063
17809
111
86200
84483
4248
24844
36073
82119
83855
25303
20407
33977
40858
52442
81262
18050
48405
25425
21148
33523
55413
25426
17415
98517
81689
73518
54262
98828
68773
62037
90740
73428
40419
35964
86291
73456
78654
43558
56025
63922
87500
42058
23988
64203
41245
35812
55821
3758
95564
19757
19410
66949
36621
28794
51356
22369
18106
76132
99277
83834
91984
39
49632
66108
7212
89795
62203
97814
27396
82418
45442
84073
62049
56007
16341
68375
99328
9840
4581
54327
23484
98513
50844
58621
84988
21805
66351
85818
43555
50525
74336
61647
24285
95122
27216
8985
34715
30345
95572
19695
32183
44606
50640
17325
21792
77065
87046
90676
25154
35445
87765
59125
84723
1959
20004
15239
37650
81026
14559
86670
6574
31463
29717
52325
39330
96676
57489
66203
29626
73305
36955
13038
6133
94671
97317
76336
12386
64330
62612
80221
4880
2612
49266
4315
66756
84838
14016
10935
39643
29285
17114
85934
4801
91705
83186
216
4414
91535
51711
66243
29222
52267
24290
89269
74994
57875
62306
92504
67896
86102
59477
876
95936
7772
67199
29097
79852
3217
24048
98615
45567
11723
55389
80806
42612
46485
58152
15590
34541
59444
14211
91090
38023
9399
24428
66432
13358
7920
77466
60130
87079
26475
57021
30214
66436
56952
22052
77859
9078
23881
84843
30874
29500
9667
99054
22028
67090
50871
33068
59249
26333
94762
38936
64821
65388
90019
44804
18165
98265
20304
47401
57428
43162
2842
37017
60493
68479
29214
59310
71202
86344
70422
33790
73975
2306
45708
64866
52447
86198
36323
75319
61760
75437
38227
45035
25944
71166
38681
46307
18604
58394
63552
2400
21227
31167
96906
92044
78041
87457
10160
43384
94305
92776
13428
2496
10705
47494
49122
21635
31107
36678
35728
97240
47539
86129
81579
13365
43357
58008
67977
27039
85418
69522
83823
64843
98175
30647
61922
44031
81812
48966
52289
78390
65105
88270
7746
40333
15638
88635
40598
91794
76822
75411
62944
52765
67374
62666
15186
13335
36510
38106
41878
18216
81641
12546
65030
65439
53236
82804
4868
90847
67858
11578
79731
36689
97299
14446
5696
55892
51168
76913
8299
42517
54511
49421
61057
71169
47022
89209
98698
60355
3610
7475
11938
62042
82201
1137
89006
77575
2286
76079
50748
53658
29631
32116
74907
82479
77340
71473
65444
16727
75039
75
26669
77909
94192
32521
61038
70273
75
82132
21128
50753
75397
59944
74931
29518
67499
75280
23625
46983
41833
72595
51613
5741
93538
25605
38903
12957
72035
52444
39191
61355
97352
40467
53106
51508
68891
73669
75960
43773
17477
56720
41817
64484
19945
96842
74032
72647
42005
93089
55172
94247
99319
61753
69377
81331
97651
56155
88527
14894
89147
42421
95108
36380
58022
41795
74213
43129
60509
24543
74042
62309
82425
16721
7550
37774
72092
27706
23155
24818
75793
95796
31770
24089
61278
22190
65579
68884
31769
2348
93851
90695
97471
11882
30576
6603
9479
19911
17313
68568
95944
22302
83352
69657
63260
89851
51730
10563
59559
37867
31595
40233
82746
75434
60672
17941
83386
39869
56398
82868
90692
28519
55200
62762
66482
19687
44654
69180
27208
4577
20086
29239
60891
58488
34183
27011
13790
72808
97912
45668
76320
49528
49218
92414
83499
28983
59917
20728
59650
83708
47218
13089
67320
80146
84711
83189
40585
96356
60936
49977
89727
23314
80448
70244
50739
43367
99227
50566
22433
99508
56526
57201
7793
8373
45808
46044
51610
90752
18887
32208
53817
22729
63838
57610
7503
55013
54311
48832
28304
44741
26411
46301
4533
39688
12442
40952
24053
27014
99414
33351
71279
44111
73458
15120
37719
33936
10942
89777
80512
37902
79183
90327
14720
63164
87600
12115
85931
76177
71591
2716
7580
64403
68267
204
78569
13850
98973
34291
51043
10345
11033
35849
70271
41498
44686
92431
47426
61610
31507
34887
67993
55945
42874
76988
4083
13019
70094
91995
22317
25864
42932
40873
30394
58970
21963
9177
17607
23564
36989
61409
21777
85717
3298
54121
7755
41704
76032
910
4976
85762
45564
5224
62499
5003
92114
73908
42977
34634
49885
50456
40555
96276
33160
6621
33658
35292
68764
66735
69893
79525
40574
82594
1901
69561
28508
33694
25960
75521
28291
48902
68679
94788
15769
9288
28758
88470
10035
60762
85485
27910
59043
26192
24985
42769
33254
7379
31149
55616
70104
40443
21271
25955
3928
41959
14351
24054
21649
47988
99190
68996
63719
71934
55535
10269
27031
55504
25417
63760
40499
3388
33847
88336
45475
17875
70873
32694
94835
24327
26539
88563
98894
47713
66879
43014
53583
11232
4742
77845
93770
81936
22465
50018
69970
20528
34778
98395
68970
56395
29584
84036
7157
62498
73433
8297
64755
79036
66770
58222
85050
28112
16571
66898
48852
477
13724
33374
79837
52129
87470
30050
27394
23226
79013
83475
62140
92728
91513
27390
81914
18830
77522
9343
65542
11480
93482
24294
49876
285
51456
36687
38360
91982
26666
23054
19840
12409
74230
64248
35089
84075
98365
19733
50547
25841
88461
60504
22658
54561
35585
74512
56260
22713
44123
7507
61380
73269
11379
60062
68381
39047
28125
7328
47109
42843
90727
87613
58647
16508
72781
90686
91452
36920
36679
58323
61368
43912
79688
49638
39748
68541
703
77880
97055
88565
65009
64601
34664
96606
83932
92106
15521
80368
24339
8469
41102
53693
77254
96242
39426
88680
78796
87542
41337
87812
85999
12295
36759
53481
23910
64177
68322
27500
77824
72623
64590
51269
44215
47133
49814
70037
46318
23700
10347
76930
21928
4364
22629
95260
90039
3966
41289
55278
20608
33638
9034
23445
91189
40799
79432
7411
37873
1320
1947
30982
90290
78495
42431
32927
38124
10988
92454
10380
2273
43623
20629
14643
4515
2360
38279
62420
20421
16945
36809
78267
20469
57410
39351
99157
18703
49289
1076
32907
44852
28899
18203
38589
32599
8001
6266
59339
28802
91579
82558
20893
3911
47725
42778
32315
18369
3381
41632
15054
97295
49370
13886
16380
58450
95917
87287
18205
67771
54165
67897
54425
28261
73963
98910
86020
18846
83579
70364
3489
65633
88609
25017
77158
48009
82350
54708
88850
1677
21427
80201
44168
92087
20803
60791
56981
33544
11408
68068
51775
79703
62644
31773
45934
29509
57713
54672
65744
39946
29947
49110
73062
42385
85313
69031
7876
92471
30741
67701
38940
97654
13543
76217
46722
95893
17667
85154
68718
83345
80293
18822
85425
3801
93757
59582
2921
85047
71228
62182
51035
1638
72452
21022
13475
49644
20609
64381
6198
51867
94268
66123
35437
73488
41593
90335
8598
48508
89920
84470
20321
82990
1711
71457
29007
27726
20598
62919
13141
26293
91652
54170
63046
81343
12118
13791
13144
81446
45304
71800
27407
18986
81059
73180
6289
44260
42484
72271
39711
99498
76659
56057
43628
68182
37038
40408
33797
48422
55926
80031
19330
89312
86051
45773
80101
18732
84312
42427
13123
56235
50011
84043
78549
44833
64484
37744
60979
56710
91102
18508
7904
92184
53962
67165
69346
49476
38785
51369
89958
24591
21166
39727
78955
10784
53552
50700
19017
81525
55888
45983
65534
61474
66756
15204
84167
30774
75773
61705
28799
73271
53637
30797
31293
43430
29919
84192
79433
78106
39475
79356
18255
34071
29972
78472
48961
91653
32969
3325
34141
83099
94012
71326
25736
22047
28204
54215
14816
61628
15040
25383
23718
69789
96527
64676
70777
12213
53967
58884
57688
1537
65316
26502
13050
14723
45730
40110
71102
62064
12954
77570
71701
50334
96107
51557
28427
22101
11310
46489
96588
54991
55186
51906
71402
83470
63011
67233
86632
67013
18249
80349
16827
78115
42928
7784
71730
70437
54825
23233
64936
65259
55606
59209
32129
22558
74807
5082
81904
79336
42738
64874
38419
70728
4692
68298
58348
60271
37742
14781
51457
40152
35909
67976
58617
20374
25663
67250
53570
17032
6011
71576
81056
31259
84284
4629
1133
11776
30651
16096
11025
55138
49419
64186
57166
38529
70844
73663
89698
27641
57551
70026
84538
74930
18516
57571
46233
35083
85319
7747
690
10576
44570
70406
10107
12658
50757
41188
66687
50614
98678
17932
84757
33821
35568
20033
85821
18633
54962
26926
38163
80862
20874
66059
86628
82768
15700
46244
31308
67083
42256
2947
72950
40400
9326
21644
78178
79101
26804
82599
40535
46041
10071
57585
72275
375
73916
99260
91163
24088
14882
14922
77818
31250
4827
15121
67561
98136
96462
77827
45378
65818
58340
24345
83625
94411
70458
29905
72315
21053
33891
84716
77004
85910
53423
39256
50743
16226
62884
82373
18861
65615
55149
12730
73241
64245
76593
67347
96833
60430
31337
57170
36636
94058
94730
95236
64475
55254
38096
48242
55453
69777
98047
215
52206
12065
4590
20472
52841
17908
9543
46358
65854
7142
71383
53246
38258
25103
9113
25582
3540
94179
90364
92702
50820
46467
62250
76809
43925
98038
25160
62235
37526
35952
23021
64778
27723
67397
23513
92313
73377
52564
7319
83921
23899
3275
26428
96602
12805
85125
26655
94737
97784
53581
12659
50702
88536
58016
81046
41805
42060
73598
10604
17739
30287
28604
79648
51858
20219
86534
31107
16453
1651
52020
70316
64556
91254
13846
86437
53694
76062
20859
78006
46537
40175
62724
28417
59987
9130
82882
69335
95923
67032
25598
34662
55729
54790
67585
95176
77081
40160
69412
38559
69670
4550
23743
29205
23101
71470
79499
55346
47472
27000
97359
50389
36421
47990
49697
42112
67298
66965
50356
16514
19094
91676
56889
55428
18958
20744
75623
87796
39150
99026
95643
23256
11909
56612
49501
57456
71720
17909
63385
51234
89170
92585
3467
79583
63230
81516
64411
81582
96872
21512
46797
17650
69538
59055
38350
89694
2931
27738
40135
75814
52528
8240
61367
93277
19929
85235
76792
67337
11573
9712
84305
30463
74035
33547
89819
97788
56754
5710
82668
75904
74357
91397
18454
6384
45291
68816
5512
42838
23992
16628
94430
89027
75455
71802
68410
5133
33529
26558
46257
78174
29313
48965
41276
77723
60688
78135
92669
67089
11812
13101
82647
25247
86606
42052
39999
19921
40185
44621
32814
13487
54321
92261
25428
98175
54987
35613
47070
19791
6847
8346
72695
30439
80888
70959
16933
44305
76308
302
21512
79658
90195
79704
71662
94596
22843
59857
65920
97776
15724
26090
77221
14538
94292
40320
18124
67331
87097
35333
2107
44024
70470
81326
36066
57009
20130
1852
19550
93474
75483
65835
37774
75393
41793
64779
90004
69284
41075
86747
40789
51936
98520
85047
40727
28748
92260
86451
81984
34992
59581
67244
64754
26231
68626
79368
9481
61287
96978
85524
77729
35766
76611
95649
83269
57620
85150
38299
40181
60911
5955
83869
75277
2277
6388
82842
17097
77982
69532
60218
98792
42282
14163
99210
91488
69028
1266
93651
79353
89667
56621
55460
41227
80326
5494
49894
19082
21739
63798
78966
70347
73449
22317
89418
84917
20896
57794
5090
38678
30913
52558
12201
90580
42395
88520
84554
63695
91675
50797
19206
67369
19345
68663
81958
9654
1338
84614
84449
5009
37345
63544
58560
35054
27452
55823
32591
67364
94497
76512
43595
59576
52295
71958
89001
58391
55259
86512
75948
81295
94997
90272
51195
9890
92316
72226
46567
12258
71410
45163
74010
92675
47126
17664
73002
9162
44703
76141
13260
38131
4581
58250
2260
57591
15623
4362
22717
35976
31711
47855
78665
74987
30547
96710
92443
97982
49334
24849
87888
94637
24059
761
13412
95960
39218
26909
92714
51751
53168
50053
44293
83081
35212
38252
30251
45583
72616
32530
10768
69082
34422
70853
15811
57997
75874
17119
64573
68844
87103
8018
33586
31780
5774
14589
96804
19532
67194
30265
25843
31085
75247
60013
28375
49770
29305
25676
20856
7564
58305
1615
22398
49346
32507
46719
90043
19212
66556
80357
85401
99386
63509
33575
24041
49132
72089
34687
82921
55981
88958
10813
66168
77395
30914
29461
39312
79539
4827
19692
17268
44797
32597
11687
81220
62811
62253
81002
81118
94670
91283
92081
87287
59244
82751
11979
11535
44543
37450
34857
47895
616
86422
97845
84188
78130
17742
99299
12783
16602
10856
68934
21055
98734
33969
83947
9966
13712
63845
95148
82838
67250
71932
2265
42642
52410
20494
76692
5160
30009
71605
47500
90077
70644
29859
14933
81242
32719
85271
8520
68978
61663
77393
45880
74830
76233
86609
68987
39668
71034
88561
42581
56883
77508
15279
45582
90606
53208
97664
77025
13911
71563
76753
1910
31490
92569
27987
25503
46096
24257
19709
29374
60766
85814
86967
17384
86396
35932
5209
72278
50697
45613
78012
5758
78107
100
10837
7005
23625
75694
82283
97920
99781
50041
26124
49768
23480
41377
59588
33171
73863
15317
55424
21283
24805
41265
60323
84653
14208
27564
21386
29698
27446
67336
16607
11964
4804
4163
11951
82205
24906
15862
43035
53220
50818
10471
97012
99885
49246
10939
11072
88066
96858
57692
43838
10698
10023
39309
85388
48151
82345
84727
65274
8641
67303
57412
74769
2876
50479
69125
5982
23893
27958
32660
84720
26458
75361
67670
56622
36870
63942
89045
83677
25609
37398
67680
65234
50737
63428
66527
90496
91339
57034
26650
3133
3845
56089
98387
11295
1544
7407
92988
13954
18140
58257
36892
7112
39815
16908
26651
73067
71038
95382
46118
25661
58035
94397
85478
12654
73877
55293
31155
15202
45156
52855
58708
52621
52442
90218
62116
33493
90094
34473
69373
60208
76910
46660
67703
57798
82018
35824
8629
41597
97995
12207
11097
96515
62310
52106
74238
27314
43759
57134
58640
56437
31086
37092
9019
14175
52816
36086
22615
40728
34886
69049
65074
93805
68770
10872
91292
24438
66176
47522
33658
75140
67750
56331
33351
64308
60403
82704
19861
58076
34054
94588
22266
19053
43671
16101
92559
77104
32382
41805
45409
64648
747
24427
29360
95319
7588
74911
87837
80850
61605
81853
13331
67048
28757
62005
72249
86463
91743
11100
59613
69011
46309
21516
88621
51469
97753
27852
67542
35897
9264
97852
14870
87732
15462
1765
96089
94046
54624
38427
28820
15465
84980
4032
81058
14305
49917
78576
11692
39342
91823
40288
2448
10286
1191
19157
60224
59930
2080
73707
50603
41157
51461
5983
88911
10449
34556
16835
70222
15198
1950
27208
81727
87140
24683
21488
22938
58332
10498
88883
75956
97407
56747
58343
2675
11461
73206
61001
44907
97545
47272
33235
70358
68460
24124
52695
32357
41841
75214
25351
87755
53510
63182
75396
25547
6558
25565
24309
16801
82927
30884
18850
8722
64251
36766
71393
38941
4355
82347
31347
31162
85548
86356
60711
54380
70460
72811
16377
61344
46741
95650
52047
11544
24630
79659
67295
71934
4047
44598
2236
70192
43124
54024
33157
54565
79288
71219
2520
53559
98691
37681
75020
4640
12579
35260
62490
77299
89099
81330
96563
88931
38619
78018
24020
40700
99717
65716
962
14698
5544
8289
89687
87178
25518
22703
10341
64245
42586
80759
51972
88386
68672
84031
37090
57602
47436
22651
62634
12021
82150
23369
26220
17949
77396
75766
2732
66019
42094
98220
96347
44370
4529
2616
76665
4941
30508
76272
9336
72476
53842
10551
45862
6108
42216
48894
84062
97428
66319
60957
13988
20493
46262
94807
6523
9112
7223
71069
69125
81657
49262
54183
90577
95271
71057
53775
70946
19079
32330
60078
72392
89095
46924
38303
77516
37101
5283
16350
75576
26393
86879
56406
72655
21764
77549
86187
34036
12810
80724
61798
23098
17243
6011
31217
71852
27546
32937
78907
78365
45233
32597
84802
12252
49366
98231
4585
38700
52273
51392
48797
30720
9888
38191
55070
92341
65732
27605
65411
769
98159
34060
28401
64593
39859
76522
73419
87880
74982
922
48445
17894
57479
59120
35512
92249
11331
26785
72218
72929
39489
79721
17093
60629
55083
60310
81808
21051
12781
66704
38117
41327
88429
88622
46417
68312
71306
56402
67404
84467
75948
92997
96482
30083
14607
30488
88933
84794
27845
75802
77978
50452
17510
27911
28493
72625
72219
33024
9352
46584
30876
90191
19250
88086
84906
40659
92005
68316
83673
98124
99542
27894
4403
34658
743
73875
3167
81043
72030
66788
15338
86472
65858
84430
40622
98753
82974
22401
20527
56683
47733
25719
19494
34106
52630
8928
16565
41735
71183
1041
58976
89584
13700
30551
99042
31543
88545
9459
85523
27542
62101
67513
55709
40648
41492
54848
39568
99672
74232
29179
22497
85694
42306
23187
70144
40189
20740
25797
40151
93261
30898
40792
9028
1640
47808
24860
73168
52515
46745
17261
96103
96437
26518
1819
44782
12855
28462
23016
68357
293
42345
59493
18290
17164
64505
50272
8543
10865
58819
5905
7830
45928
84600
95073
32804
58638
43532
68932
18818
23375
82902
15334
8780
89778
16369
49305
77565
31215
8456
85845
41429
55204
2513
51982
54282
10494
41316
63811
66012
66801
14332
92535
66397
79777
15035
90335
36220
80994
84437
56088
63461
85986
76852
28990
44162
74340
23407
28749
58207
15490
82875
7088
95079
32714
46024
42699
98350
56016
20117
64294
40244
15659
25929
32879
64468
56485
48837
63578
68645
49842
37240
68315
21435
84435
96033
44202
1266
42733
71423
51464
46221
11092
8918
38203
22599
69116
13838
89007
12799
78639
4106
98700
64421
92298
30236
24160
78285
66213
85243
91503
52353
27784
5491
89221
29467
66795
40498
26635
21389
4259
79824
86471
98214
20534
73329
28964
48024
26471
41080
35797
58428
93602
16479
73687
81863
60719
34054
97521
4111
16822
59888
53174
53697
40250
6722
46218
99604
15585
20998
33619
75764
50059
6083
82943
32357
75184
90822
54307
79271
22657
67746
42555
89955
84725
55179
8017
35216
9023
15788
99103
95159
33049
78007
49207
61206
26309
81470
69602
49494
93755
15678
491
53109
78754
51298
1691
44478
40334
68834
79829
74059
60980
68919
45491
40119
19326
76321
70601
87843
67394
29286
6092
45666
96142
10184
7328
47475
87
82379
26517
7176
22106
94666
6197
81674
13578
19836
36058
85362
53533
43958
69805
64044
6449
14911
26812
8996
46030
51646
8363
79689
78386
64352
74086
83141
47509
76203
13285
14383
14464
42002
58152
67046
60935
83069
75101
52326
13665
52297
20466
54211
93877
5133
92040
27998
64226
64697
13368
37960
55390
56357
95250
88695
38661
8811
21548
43247
30048
89245
11613
91354
18952
22353
23941
38697
25154
31699
91733
99729
32880
55652
60690
77397
78488
45865
3916
15387
13709
21906
38887
65462
2490
42512
11704
93411
22674
31652
49305
81057
82240
22631
30781
6779
33197
34553
1812
24644
90245
41817
30394
54339
74251
71315
11932
86996
74502
16030
81587
75206
75618
93522
5334
51923
70243
5041
94033
77488
67240
59834
79098
21721
29140
94402
30236
3659
55718
19978
67964
14449
37062
86032
77809
39384
62498
60516
74191
31646
84150
80051
30104
30367
41130
25969
89533
50698
43322
56031
10157
62996
74650
43078
34005
59269
20708
6327
58266
89724
83938
15574
70322
91603
18653
9907
74755
50697
81025
66263
12285
47014
48078
35216
34092
5456
19841
89521
25785
66472
17439
49149
21640
55386
873
50598
65103
85504
24077
6925
3634
2803
94743
78300
91756
6557
16424
57613
46072
89745
3785
25310
58339
79241
28358
53361
55773
44218
28830
19719
16756
35364
92804
99493
76237
94722
11942
74784
48400
54233
64725
84234
36758
97642
48504
20128
16950
99186
67270
867
54828
85876
42932
150
79533
14318
51370
13696
13686
13769
38689
18753
74957
95863
49697
33741
2147
46267
79444
26569
38428
65062
41861
99050
94556
58999
72941
29284
44803
31866
74419
92811
999
56142
66276
37352
27606
92872
16589
89977
65589
25975
55354
84225
39589
32056
12901
19630
32963
4597
3749
48333
29339
4988
4367
42199
84830
50092
99200
1141
99791
79678
62490
78807
53788
64830
85948
34079
14363
60558
66954
57169
2440
7955
75631
90838
2593
11616
38426
8993
69893
96287
78866
54188
32891
2223
59103
49504
71588
26341
59126
53934
77024
25138
45077
44817
97837
71435
7680
47588
62964
58521
30711
15106
6754
94671
12522
34539
97496
60421
55089
53301
42023
55332
90056
97010
11266
21033
46059
88446
77552
92975
19490
38741
55484
48551
55677
90151
23514
27925
35291
80280
54768
10117
46163
49320
18583
18568
75884
56845
22957
53868
87391
76599
46640
92389
15395
9468
81612
15973
55953
41208
74549
54610
18745
28753
939
18641
90350
97950
91829
8335
20887
96505
98353
93100
30878
85950
33659
97354
51239
84263
52486
69979
50381
15169
54188
6985
97930
85151
55169
14329
37379
88612
93631
55619
9147
72281
92400
18606
34923
66806
62500
72909
45148
3860
99860
21880
34137
66237
34709
47696
15732
5952
31789
32739
40324
79273
96531
94573
33920
7795
95589
94163
17770
33281
29801
37172
63241
71102
902
47420
20404
39275
2413
88702
88351
31578
53772
67834
26756
96080
79615
68344
69599
99656
62669
45473
73143
6223
16507
89438
54203
46276
63851
22881
73905
54038
82112
63569
98608
91437
49339
67359
75813
3418
58745
79187
4323
44252
46034
46983
50570
60472
76029
54906
671
20106
16140
51727
26079
37747
87992
11839
83002
74157
95713
41834
46796
21089
84505
25204
28591
45044
1479
18441
12746
178
67447
67503
25697
92832
37317
27160
64934
42971
38117
24759
39545
1377
58337
76926
48533
29812
15698
17435
99928
17571
69296
18637
30472
40211
86555
45332
91313
51181
41828
75352
68326
7462
50175
3982
21673
69417
90175
93430
75512
82934
35764
90178
35105
67842
8598
56177
27173
69630
14004
59585
5707
54050
40980
11903
9157
43211
70144
21988
47722
58918
47158
28207
56547
82361
56105
79660
48979
16382
6614
75362
98978
74482
72185
98083
27928
51899
7427
49324
43276
22143
71609
81990
51459
32397
47059
15214
11972
72244
56368
39038
144
36685
59813
22919
44924
99723
71825
42349
94672
12956
1963
35247
4434
95304
2429
59210
12273
68161
1859
53760
47069
74675
70038
26584
26823
40901
2011
87294
95647
21483
84676
58944
19102
2171
45893
61677
7643
30826
17389
49379
21154
90789
93213
35523
5233
58371
7874
581
56329
25650
27759
33238
12334
34897
19590
38300
45073
18600
62264
71117
93237
41739
797
22526
90707
87864
72739
39502
15722
6540
24607
82871
40237
8963
17425
17472
51960
97176
54339
73074
79097
84268
8766
59668
69695
67384
5580
52166
86045
44824
24574
13036
86519
1801
83536
66666
85602
27803
66922
65557
74672
36482
9817
86464
50505
15646
55848
89111
47484
18316
61057
3730
33291
13479
59252
46960
23316
9944
54331
45981
70980
19239
83247
97002
94712
87956
58075
86798
53753
16433
61662
75878
86178
92634
50889
36091
41854
8775
4616
50986
79620
68711
24056
94464
21501
217
73911
24907
30607
67588
11820
91490
5901
54824
73252
89455
88446
31140
30838
80366
1053
33785
40383
76661
52209
92031
80882
45921
59660
81291
84463
52308
22385
72470
91058
20629
45500
52735
19
27582
44182
10013
20982
62953
12313
91560
88051
2874
28999
84474
57970
1388
50133
42832
54277
29962
8755
34633
35242
59189
21981
26029
92445
75883
48802
95608
51715
83754
48996
98756
67474
28077
89294
88708
80120
41526
55475
32013
51568
2295
93053
34154
68395
39144
32840
97766
46159
11799
30886
83204
96536
89077
68537
7485
30393
35533
17757
51234
45982
52043
1714
597
53158
19634
81691
33813
62085
85353
11241
4540
96468
73476
96560
66771
75527
48615
86556
60188
78472
2370
67575
97818
62251
58343
64248
46550
43964
88361
30941
78036
74352
77703
20384
72617
88126
18544
30491
88670
57361
54848
34647
19341
96610
87821
76102
75831
47204
27028
50696
98895
56923
19282
38407
28843
46633
93763
48511
7577
13094
67811
41726
90798
1669
84976
87575
22511
68591
14184
36928
92045
7791
81194
87725
45473
76812
64555
85657
45247
66916
21684
5075
61136
15938
89942
6418
50924
2645
52809
89145
72514
60043
3934
24344
18776
87951
74517
93218
16223
23940
97877
38843
75225
69817
44447
41517
76296
51448
46713
80519
48259
31123
63597
48073
40724
87249
57920
52601
53118
11527
91660
46589
65251
12810
56184
28948
40039
26161
59215
73968
5319
44548
19051
45100
19038
375
57870
74622
53187
24405
35419
80490
59200
57058
24349
15865
62780
95134
61344
89534
94326
75583
66766
19450
48545
47860
2796
51476
73635
22259
97683
79565
72399
95442
8170
96129
70888
80322
88438
97744
79377
80079
83346
33131
99745
89378
3841
38916
93157
95484
65038
6560
84084
54682
23152
83867
79188
82691
66604
3121
5845
95315
53809
68711
93844
75078
93724
17634
73506
91618
49594
74726
92893
98623
95097
4632
19498
61602
74414
17408
28895
4938
75647
2956
73935
44270
15859
26292
64137
87404
91518
26810
46978
74260
88953
33137
49145
64946
52766
90774
50457
53716
62317
78890
94067
20968
58052
4502
75814
76933
66485
65817
64261
79697
45926
51185
17017
34907
62759
68210
74083
69994
52601
44449
16645
1682
86232
233
47436
74124
59085
11251
74926
9903
81108
20968
8498
3844
54871
64805
1347
57364
80517
93568
83923
54939
8317
78945
40004
96386
98156
23790
67348
93708
87625
29738
33500
32569
56274
3067
51125
9244
60867
4396
14579
71517
82309
41406
35113
268
51909
80833
71425
32615
98472
43412
81074
53465
49561
44383
86265
35075
46661
55562
44075
97100
75719
15706
80984
83395
71804
60410
61736
28921
26093
25515
33673
58649
54962
30056
85828
45488
2876
95983
4264
1828
81778
16209
10950
68699
86707
15197
62126
31272
97247
30686
97842
42197
10671
21384
84778
63502
87267
26078
47488
579
82880
47446
94351
14427
87050
45236
5577
13784
17705
27199
68654
20629
64257
86275
16128
67536
25719
4278
82953
89256
70983
51490
51879
7629
46402
35835
5002
74770
71739
63257
36711
21990
32583
86301
54910
23690
79282
30934
76310
26095
90095
15462
51404
76756
4609
34075
53836
36909
93385
40608
99895
7218
23074
23313
39763
94560
22390
99138
80395
98586
94778
31151
94322
90687
83628
61525
8261
59132
26274
4978
20332
78454
41077
84275
73709
46288
32385
55152
29285
20360
97491
17216
97456
58642
16633
56150
27772
8620
50775
88873
3735
77453
4015
26327
35564
94196
20082
64347
6057
13608
15243
28952
78838
14960
57197
77065
62238
78296
55686
81777
44866
30942
92776
81436
20294
57465
12519
86581
24271
14778
80359
90874
81082
29548
70316
91880
64625
95808
54823
4737
15739
7344
60802
43111
20130
95671
35265
79933
63433
13388
27549
58656
35618
60049
87289
22665
73293
85502
11192
56923
9643
76078
38499
59450
25086
38169
17631
85743
57299
3806
36492
17683
84472
96961
603
9262
59358
43843
76866
8950
30227
60657
70410
71978
52801
15176
55968
93206
16791
97841
4787
35292
55321
26097
372
61634
43052
27425
7190
49977
96701
98057
22902
28082
51114
50623
70633
82509
38637
22294
84374
19425
53692
34142
42170
21986
73131
12881
418
38562
10755
64012
96494
40722
4993
61899
54114
29672
95938
6133
15506
51534
50820
25
42673
25639
75074
59293
35314
64281
14838
37142
57949
933
70950
10595
82366
88833
29445
28474
20787
89893
64141
67183
57428
39010
82317
17499
88577
25609
42596
93672
14421
97493
90397
93433
58688
28838
73413
23399
64124
77899
83386
77053
48546
96479
69667
61458
1750
27128
11231
45273
67336
87351
78040
4574
32457
72460
77754
7613
87396
5720
69852
8728
64482
86
18513
65045
88507
198
85498
86341
23141
84828
22578
1557
25885
76671
64885
56021
45374
5827
21398
30241
45510
67387
12261
71841
16991
9733
46152
53061
53093
86392
48579
35417
98632
3034
43502
97592
27615
47662
80138
52331
79575
8927
22156
89624
92831
84964
89223
88196
46805
43892
89599
87851
27374
70768
45313
136
10786
27496
56342
1646
54952
53602
70524
1940
48901
70277
302
66614
14213
60505
36425
38345
85817
58958
1092
26841
54251
66706
29452
86650
6193
15017
43788
87984
38079
2182
28565
52773
93769
96766
86001
97399
54269
40145
41337
76703
64582
19354
30343
22513
57369
30307
90763
65199
26913
19672
70047
43303
9531
76172
72072
20621
17892
859
36661
7858
68918
36345
70832
72418
97669
27888
9589
99718
20580
56452
46692
43287
97847
78191
56352
72890
17241
28916
17252
37903
74487
21110
52886
17483
18623
27144
35939
28367
77767
92157
95263
49601
7921
81025
6731
54727
32641
77810
8301
52207
61705
74354
87986
77628
27520
9891
72288
68190
19536
8488
42920
66219
54101
66222
47394
27255
82238
3426
18429
4644
36979
94039
67763
32983
20195
25991
19974
3565
52912
1046
9354
144
10906
25885
18271
24871
3109
80783
64647
71447
46909
61293
83529
50196
5810
86627
89828
22576
70725
63193
6826
19896
79513
12649
29803
87874
6564
30573
87002
97183
55207
8779
61547
14010
72144
91881
8328
18076
72216
55839
77832
9455
6922
29883
43192
35722
95311
85628
75107
20469
90902
95529
2420
19551
10346
47020
10776
95077
37874
63452
73348
5152
34665
25035
41113
59085
74899
72305
45888
14468
78303
35886
41511
44886
11554
99628
56012
77596
66929
43602
99603
48400
83386
3154
35473
60167
96380
52449
4286
87362
63422
15805
35217
54696
82268
76575
64055
13645
3096
19505
62634
79965
96475
6799
31124
89276
61925
31803
75760
35159
60030
27142
78133
45041
4364
6144
39692
88448
39923
79981
84908
22734
71935
4509
30879
61252
38378
45841
63688
71829
79969
87467
89314
92145
67052
38890
6364
79807
16868
19473
28532
66400
73084
68626
60616
29824
57231
21142
48884
63117
64944
24253
31041
68281
88821
42287
52602
26669
51334
23349
99637
29046
56598
2101
25887
27142
52074
62161
15929
20275
39967
20624
90072
47538
74866
37973
71360
72981
20622
14855
70623
20372
9653
79363
87730
89429
75436
54595
49180
88334
71772
53232
39314
22729
52807
86191
97198
31495
18532
93663
45107
15338
74281
39263
55744
88943
90160
53886
4437
41165
63937
8118
32610
46044
48798
43645
64120
42003
24192
60869
97095
49778
67088
65460
93868
70970
56043
67229
52410
92043
19244
8928
37551
83695
53036
81708
39313
49280
53288
26557
50073
18011
19095
43477
50721
28940
22691
58002
48888
38439
21892
69861
58764
40559
45534
54389
13483
63002
72462
75174
60808
48173
33470
42955
49670
44869
57769
51133
28214
93701
54583
51260
74581
78622
55681
56711
16922
49765
25566
12903
75331
39068
18813
13162
64718
23457
84296
91010
73301
71595
65920
9178
45686
65587
71396
97134
24301
57862
96718
36950
50246
64260
67587
79755
52114
43519
22840
6032
93309
60592
5592
97871
82512
90072
86884
47552
38884
1748
19630
25276
55701
32554
40965
33577
76519
25422
27332
79115
38262
20895
58926
44436
39684
67007
91581
66798
14252
38717
98060
36507
14503
60754
66750
63242
70695
69638
23640
14860
31958
92571
51202
8210
81410
24681
48484
81082
94208
72522
15090
17539
51421
22179
88036
24737
94453
54528
54480
85652
29763
33743
33526
65109
2058
45146
22429
5772
36789
46481
89905
46836
36678
40137
42622
16762
11462
68998
25829
193
75748
68728
9011
24342
91064
96139
13881
99506
48790
97335
29542
14931
22916
7337
58234
98355
12686
89972
54516
86923
68779
67848
60755
22196
35400
16336
23002
81918
62768
51779
60487
80473
92584
17764
24283
10088
75026
75038
51409
50759
38733
29215
14382
7438
91752
34505
72499
93471
34108
90780
52647
2057
93297
39169
30842
84035
87544
58944
43252
14548
87731
26380
35422
32988
71312
2666
24496
16271
97270
99569
58615
43393
66283
96673
3209
51786
9066
68619
21716
11726
17270
66946
36640
71
36638
69531
57233
97420
28943
21871
18786
45880
32960
27172
77591
53061
12586
1522
23562
91634
83247
53940
33872
4908
26405
22303
98367
25209
88239
49880
66371
1183
23118
67750
97077
70867
85437
87342
164
78292
69822
42810
98497
49315
92309
42811
28727
41767
84898
2288
55210
49017
73978
99427
11383
17118
75351
11027
75230
64651
7223
94460
40542
57062
48691
30867
88453
89619
5591
94552
81483
40193
35199
83682
67676
17923
13743
70824
274
79054
784
48313
20455
17526
3518
59800
70116
82228
53751
43154
43307
81542
7923
24962
68673
77942
39913
96997
93105
17408
14125
66005
81050
12897
80570
64569
16710
40194
65553
75894
72112
32676
88063
6948
39141
23995
45903
3554
60121
98677
99712
26115
11570
99943
47099
48912
99896
30867
85874
24084
54288
43118
35576
70474
28105
41308
68258
35779
84160
67510
26666
79866
73602
3294
46594
57945
26338
30763
99587
43115
5411
22200
53969
15395
86068
58298
19912
16959
36205
86270
25471
46421
47276
86403
33715
51085
79835
6393
47736
14336
75307
70695
17482
70337
7098
42868
47228
61063
5062
33189
84443
13460
6033
39874
16787
87578
49486
62755
19144
59252
26312
55187
56342
15427
76645
52662
36380
30218
9009
2376
57639
34211
98870
39389
91863
13231
4132
9591
36723
4850
76091
7962
3708
46932
97878
12192
83917
77501
75307
87896
35806
46624
19160
62707
32975
76687
27568
3820
4441
38127
22968
19659
8012
91279
73569
29644
44972
82069
31433
22846
15750
29755
43607
35961
81098
6914
43127
31968
3028
50974
3265
84144
60228
40499
57957
25905
79537
97877
37811
32749
31160
69526
31708
24246
86373
11262
70103
60520
29653
15365
19976
40580
33640
19342
33429
67665
55938
13466
74408
74378
50419
36225
68824
38648
28111
23449
98578
68727
24255
47680
75742
47130
24223
83554
11089
13666
3117
72112
74289
14371
15621
71022
77735
31974
38355
97196
37866
13480
87492
90047
28830
67881
75209
18877
17064
24522
20190
8602
95062
2118
81972
87594
99492
52180
12922
42149
94608
45600
64092
63813
66961
36373
86774
94734
99286
76369
80765
49357
11611
17618
12583
50241
86882
86629
33732
79615
83167
70948
46002
35242
34888
72337
14767
54219
4772
63760
96017
62631
70616
80650
20828
63151
3548
6243
7011
22399
63443
78787
28778
78693
22946
32362
81947
33683
81767
98061
20747
35604
97187
25688
90610
7491
49166
21337
88879
66054
19637
25689
63947
27192
41538
68929
2669
24828
66653
89862
67460
54554
35573
16166
82000
57711
5751
94945
6863
48356
66336
92244
13828
5669
70691
3279
58059
32492
49549
71101
89588
16811
12513
15059
44934
96882
91615
7604
10566
98810
43665
61639
4802
67473
17197
29325
90146
9655
66529
39843
28091
66721
95937
11104
94931
76270
49807
63931
74317
44613
74791
77833
7099
6879
43476
33289
33151
90433
61345
33303
43161
85587
13764
73823
72933
72473
89790
13845
57711
60176
23644
84298
11942
66816
8255
2831
48103
24638
15680
85816
39248
67889
11065
86831
57229
70602
65126
42592
45926
16292
68487
25992
39407
68605
83727
59690
77521
24592
77972
82583
27418
11089
41066
12796
532
74542
34025
72486
63251
1775
89927
64107
96337
20562
72679
17128
23874
81341
54398
74194
94697
38508
25209
20517
65441
46577
17161
36883
99687
38264
94415
17010
7886
18608
78420
98695
30632
42924
98684
17560
69278
11356
47350
48665
68686
32511
17549
70953
20884
47965
96315
76424
21684
96608
78737
86653
81945
95297
34556
84422
49868
75465
46032
26036
47467
81481
27695
36909
32651
65399
86298
38702
34556
73778
56422
83214
96949
22992
26870
80096
18283
84832
20692
91836
50772
9569
89590
12828
69710
78861
34419
4242
31093
93514
31331
15314
24179
66933
46050
33423
74623
73132
36886
93836
59032
61570
13202
97992
32510
36488
69594
3893
97019
98701
86011
94226
17154
84184
40931
31516
51146
27701
95940
44324
48031
59615
14660
44477
45430
74455
57265
97294
66009
10870
25178
59683
86516
60655
1381
842
79704
132
70490
63329
82131
98021
46877
89395
36966
65996
53347
1467
98561
55761
18032
51469
83815
10543
88120
73384
9393
28857
91718
15587
36960
93448
33838
30522
94646
95466
64133
26494
52524
63846
6387
96274
74438
51975
74858
59984
37800
28826
99169
1343
51916
62176
33773
90349
91478
15548
20972
34821
29658
19981
92669
93124
29526
49867
24334
42771
26367
89775
61566
49412
69852
27614
11852
35417
76525
28121
81749
67234
63115
82933
49092
779
28486
66023
9038
40350
48619
59153
48116
23218
7950
43538
26393
5448
3270
59018
55139
78490
78178
65812
51800
55535
79666
26821
98831
89080
86711
30608
26310
88508
9729
89971
17046
57741
24728
85329
55777
65971
98827
60932
16469
49308
39175
77529
96542
96457
71249
55871
67221
75448
73019
67236
83769
98013
42462
12782
98622
71475
3717
55248
13789
25832
72787
21318
98852
82439
28551
6463
10933
82174
60724
36421
31139
53823
7045
92674
35884
87453
71888
39650
99500
49215
91260
98002
37183
61008
78530
30145
33883
67341
52168
43583
56585
77969
51435
44189
576
2173
79952
71147
19800
50257
82904
46651
86473
84091
40995
20603
97776
97903
28555
35787
47099
32469
34950
29197
72685
80309
26107
83752
53212
2098
5665
63581
61121
72740
49997
78060
29267
18510
71264
86734
47721
28164
70894
84454
78319
92821
52151
34713
78969
81052
39918
1670
52978
48076
29694
87851
34426
74529
40825
87999
66215
55159
79848
45718
58930
55025
38997
82141
98557
79514
41582
87758
91935
34504
31767
965
13487
49631
49194
89818
28899
5867
3295
81531
98742
57135
89377
78041
8035
58159
79418
77663
42605
8926
95909
78008
53098
57264
81786
39221
9855
35344
42975
25731
36266
58402
91926
98582
78187
42720
59309
47100
8603
32045
76386
93247
31806
47696
43592
55940
55981
31647
84939
65452
71115
53905
16052
38517
19735
96748
27739
48866
94275
25130
7118
95872
38054
22842
33924
40682
52157
24317
65649
1516
99643
80320
75623
34557
29699
16568
44144
68820
42447
60401
97816
80213
80877
98525
65172
60596
52129
29397
57591
23204
88123
73118
5329
3528
88281
47797
7130
72676
28836
78234
27903
8980
27484
583
87349
72579
68200
30347
48864
11569
58226
17698
88255
5217
17063
57521
87065
72808
32910
16036
27424
19296
69849
39633
12974
40660
44646
23744
88003
17582
31754
55294
63067
76365
6299
6681
20869
76001
70969
78956
63180
50630
50568
69114
8288
10883
41052
28069
73364
56126
13929
15712
32412
497
23130
94179
91427
14374
55503
63307
37856
64202
43428
29297
78389
87262
89681
1453
71698
82972
24573
77848
29792
37840
95296
81551
23642
63034
25300
48141
899
79006
74292
65425
85698
44187
40845
68087
21852
90485
68755
68458
95030
86848
77600
54896
72737
82799
7032
92125
39822
97463
31566
6353
46538
76274
90136
26089
90260
75355
76291
87679
40854
38205
47406
77095
8690
51648
31690
53590
1835
17507
3013
25621
34261
29812
74491
29107
71290
70548
62448
30465
99369
60614
97075
75159
83662
91271
93919
10234
77915
68578
903
83487
82031
79264
95904
77697
2319
36361
22395
85448
44786
13070
24388
73955
45964
4951
62221
87415
67867
4260
78575
68696
61442
86362
21317
21276
87454
8834
59508
25771
40312
14866
57056
96106
32154
45142
95743
97359
61469
38280
35954
60503
7286
67859
15449
78317
14858
42298
53007
44000
35487
4704
94043
86180
93170
72881
54733
80239
98946
32858
24474
17144
57336
89515
23682
26631
26538
69171
90537
26850
10140
6533
42767
21012
2117
26253
14870
35968
53038
79443
48722
31157
29700
17991
9558
3497
63078
67773
42117
82348
10030
45627
76737
7377
83871
66793
28551
57597
21074
71832
38891
97656
60151
73835
66826
84784
43047
63106
50752
59128
18251
31636
59219
50574
10789
77056
93851
87597
97036
24266
28474
21845
20352
44324
17555
60678
9839
11520
26795
65381
27632
32630
10433
37194
98062
24510
28222
86145
19543
91257
62632
20927
32863
98990
41109
12444
29814
3078
13746
57211
93162
37727
61783
16709
45336
86602
17469
87070
99124
27805
37772
43178
99282
49322
34228
71046
22556
1084
61007
1141
83666
78114
36497
340
65615
53936
36510
40921
8016
35157
57174
87378
79367
48850
92022
51363
65173
37560
11927
2973
88811
42414
65287
6965
8189
46943
80543
60287
56125
97905
6047
61834
47704
52451
79561
10882
15439
5188
6028
72679
97213
15301
23331
14432
12473
93086
91392
70640
48728
63505
56286
88809
46994
48211
97572
51843
69343
66597
55243
77031
40614
3601
52394
57722
38943
75216
22692
55986
33823
44301
65925
13774
1892
47810
20377
65918
68768
18948
7235
44584
12233
10229
18449
73625
90033
63416
40004
88451
79676
80591
92403
42182
10437
12611
67959
69965
97298
97368
51080
88264
29563
38027
97672
38926
3761
20373
64071
75374
64573
73068
78400
20799
40582
46014
98898
3967
6203
3861
17586
1189
25718
85945
3750
14689
57230
47858
75942
61976
47781
68163
25982
31400
25144
95583
68722
84087
56961
77260
89289
83640
58896
32084
19883
3876
65428
34866
4449
92553
58815
51444
46013
5122
43320
48927
59652
47134
39759
20112
14902
58062
36736
95973
26642
41151
10248
12714
3070
85247
50691
96852
91550
41125
35580
37659
57454
41432
70279
2153
43953
4274
97138
99299
78106
40838
90950
92794
90345
3697
61262
4517
40985
24142
33884
37388
62108
6919
24730
73078
20653
87347
36416
13983
18154
82309
52410
48680
68373
44627
49554
24883
15167
13975
56545
28921
71256
28854
39594
70109
95046
6422
24808
34233
19780
34535
97347
93223
90997
65912
30492
90807
43460
5309
28042
89406
72288
32618
15346
48351
61871
16781
14536
92234
68775
50694
48685
31431
69349
23635
95292
54974
60115
61637
22168
86647
53381
45958
1749
13107
39583
62905
85312
1377
58225
428
47735
151
64174
31750
94713
66903
19708
73595
1389
64441
31050
42522
63038
57251
59619
85088
95493
23860
64745
57327
65192
12673
21001
21253
50969
11966
32283
91877
47461
40446
25468
14899
72065
18182
59904
2614
71692
64381
8875
307
6419
79562
69522
84039
57430
257
84049
53764
45047
61314
53501
20090
70193
54392
19848
40780
69727
48288
38157
88378
2323
54109
64301
85130
79086
33922
72917
93874
8642
71316
60877
22775
12091
13507
86987
231
84876
49143
25470
2790
382
2424
13385
6144
15553
96039
7311
98841
67053
28398
25160
66969
42184
77030
6896
65050
23608
1139
92725
52000
87192
24991
57668
42146
79460
44359
85670
2262
17560
68691
19019
88649
29843
46466
77738
81265
63065
48362
89040
75689
19007
50954
53161
96539
98710
82360
11477
20560
84941
83985
91652
31940
42261
74080
24356
34630
64785
14405
17580
38316
4236
60727
80416
44602
63154
73404
89424
76458
84501
46408
9098
13707
95964
69701
18617
89612
38827
84700
97633
47974
28865
46202
26727
57179
64131
76762
4121
96000
17298
15839
64052
41732
27952
19541
87157
98990
75071
13542
71913
93531
28588
16641
53481
39158
15031
65794
93526
86059
75692
69305
17116
727
92369
88101
496
55797
69584
94359
45024
61051
92905
51082
30089
56605
78442
82695
51423
1858
51708
50554
46910
10401
51475
33795
17375
31659
77200
78811
43300
56747
69270
98393
2622
25972
15078
87174
86116
52742
69580
61570
84853
14731
52366
30457
28116
5964
7434
85643
6917
39619
47330
97189
15661
70530
78622
52722
55118
99230
34593
56173
57749
43469
91050
88420
53752
56903
9258
16582
15401
91252
3379
7519
18801
52158
43791
53843
2748
33370
23941
57964
58938
27660
25624
66884
58333
11130
24465
55482
24049
77189
36880
27199
51202
84093
48929
30463
28958
85182
84082
9843
48861
46110
88625
4863
12217
77309
42276
53935
39724
17251
5471
32667
89483
47852
32645
83861
48637
67331
85101
19935
44460
75935
52362
11608
29256
82599
77501
13880
74027
63001
92839
41241
91892
80995
24187
93941
78909
60897
56669
88818
84991
6738
41699
94962
29578
39953
25253
30018
92307
48226
45235
1960
98828
90814
92926
91146
12005
15986
46475
67993
71946
61887
13583
54300
44726
12069
12484
98158
56244
10205
54261
30494
52630
7914
92416
80148
99099
1964
81256
7190
16404
71587
25708
9932
35167
80685
10113
62391
38230
7950
72371
90548
78456
53938
54596
62303
70334
64735
56029
45567
4243
74382
86325
3335
23676
15400
87366
24524
76555
22140
10356
55590
16142
52982
64104
52274
74433
1480
9837
26594
63143
40435
61372
25014
5760
37014
96377
17622
39973
3075
93113
99753
28150
42733
49443
15919
30688
12053
64488
10925
87376
84521
23374
28582
6325
54187
4513
65040
93384
99736
64072
58545
84877
97812
51578
68478
72577
64055
60027
33107
52609
5373
59470
58913
38845
14161
91557
6958
94739
26612
70306
68698
49447
99353
5926
91982
86549
77408
46554
78951
40262
75492
50451
15747
58966
73020
99618
90006
91715
1335
39040
86367
43511
78679
30134
72209
2646
26906
82189
2414
84705
12735
80241
29883
93739
79357
23828
39399
91648
42258
81099
27735
26870
42427
23206
3099
37443
68844
80937
65192
74401
96448
34965
24422
32759
30580
84269
56640
5027
29976
44079
8826
33873
40393
7418
99675
37785
54641
11720
98769
4669
33830
38898
48944
11298
71368
39867
63938
40717
89737
31722
91166
5352
99323
50583
35587
10594
93409
61602
81639
95107
52383
69676
58290
46189
46451
22246
26608
69771
30812
88673
36086
38824
71636
94963
30758
41905
45256
16618
35047
63274
43325
61304
49822
90980
36858
71257
9344
15893
58722
60956
17901
93844
10222
32429
21083
89043
72580
94624
55111
51522
68686
3171
52808
56194
85517
29706
12430
55778
28914
41001
47748
94235
92415
84657
63298
34792
70074
22110
56254
96632
28394
10834
53256
55006
51655
78422
41372
21551
85919
49226
56147
47061
85134
24662
11159
67356
14330
53695
21938
45783
63604
85152
27325
27917
24839
71086
77898
20812
81870
5637
34218
68929
23965
73927
32829
19830
2606
33221
62942
44699
97090
561
72044
77189
30106
51248
18834
81304
69458
13836
30829
5706
85461
94154
40605
97693
67470
61342
3577
65878
38516
73601
80330
25356
94247
82428
84594
83313
97461
41531
32771
68675
38668
10689
16905
18957
41080
43765
10422
73650
11243
58925
2693
96032
31852
17694
65228
57236
84230
84696
15036
72613
72122
32229
18142
6201
19015
82803
92054
5697
12098
2059
44747
4365
78127
6351
10436
61067
3216
87818
30816
44237
88922
52167
82182
45373
41255
92441
64857
47206
88581
10896
71274
24750
53201
29417
98515
5648
13204
34906
13732
83397
88791
32370
71111
21034
69896
66278
87916
47611
20108
145
48037
8528
60151
47819
44075
26949
92755
45852
49250
76033
39422
53509
91922
44449
41540
91455
37329
92487
27126
10716
63400
42130
70501
91436
17019
21011
93258
2569
74449
138
34703
93587
50516
47372
95240
61189
46213
80442
54871
97660
55348
35681
92780
3922
45848
55657
84238
2992
24746
31684
92310
19922
32118
93351
99394
42012
27638
25482
90903
15851
54617
74437
85055
61680
74116
98482
8339
14657
56913
49630
71604
30403
43312
41182
84470
23862
31026
40103
25000
20621
1855
74390
61816
97585
22874
53738
45665
73429
56965
51539
43738
88447
81653
37812
72356
64521
33551
66483
37955
83897
20209
75863
47897
71512
44124
93476
68799
71933
97776
14053
25993
39724
96987
50740
45588
70942
77320
21072
51703
53462
3508
84363
69273
9389
67281
96169
31363
26084
48568
35666
30192
31676
62639
40929
35271
63421
19837
35304
73636
58285
72782
39650
16463
59100
66325
88475
97108
93559
68577
94838
40488
54651
11565
86723
67401
74832
8495
64095
24454
59108
53665
26910
28830
89202
52535
51117
63631
72215
602
65166
98635
94284
22140
27663
28645
22514
59903
90156
25755
97315
73294
88192
42843
52964
31303
20462
95333
84979
47588
96405
52439
73398
56381
1322
90001
67131
45847
71455
99314
14106
57689
27198
15000
74286
22362
31209
4608
49132
25856
92486
66872
41593
31879
47620
78733
19965
53433
11870
46972
32206
62046
1093
95189
36636
39075
77392
15172
90505
28823
40005
19085
94510
38849
56848
95547
17426
61048
63693
76173
29972
96607
60010
36109
36964
25029
97677
74366
60048
185
60999
90457
16178
42667
54569
74724
8606
51244
90077
26473
95766
25521
29541
99184
17707
30513
83787
81862
47241
74646
9339
44821
93090
87827
56759
60859
80602
61366
70809
94373
61690
96178
76249
19140
9102
60410
36855
62127
53122
88203
50170
31449
86085
58213
44457
86882
25169
27623
8755
43723
68018
14536
82581
70153
50172
21792
41638
95655
45218
11918
15033
27537
3480
4822
26803
90001
25310
70321
14109
5062
33311
76625
95321
25461
18389
6069
13716
46571
68921
42993
87254
86505
65918
94158
42447
98345
67462
77043
58566
24407
15074
52373
93282
72904
50268
6492
43499
52222
15969
7917
42782
8890
86857
30600
43388
82582
87422
98897
64684
16858
19678
44375
73561
69768
60475
20526
73840
98622
20307
92197
71793
58260
20307
68228
68040
91011
93795
15150
51836
21041
48510
97409
21556
76080
65061
58536
99399
83201
62930
8855
76448
52263
34782
44969
17351
90595
83049
44408
44121
33984
70660
88371
7667
65307
34062
38783
35613
98279
47700
21705
62049
88425
81819
97098
44713
92636
1829
68496
45619
8884
36819
3534
16783
9072
16128
16849
71804
56098
71098
69477
59795
94143
36813
75447
12565
25259
25145
43768
79800
39728
90835
47388
19747
55148
29438
73030
22105
33303
71499
50861
58313
73256
68218
44685
84981
55470
20138
54220
66041
72147
5541
12617
92808
18590
65772
80790
36797
48285
21577
74579
69156
49463
69548
58314
1473
5705
18678
52284
52648
83029
73473
80573
91408
41246
60876
59831
55204
7197
86324
35699
46188
74521
80836
78792
62679
1327
499
64432
34857
962
90807
51659
21066
22993
81347
18006
75253
74835
3113
19587
21616
46828
77721
61338
16983
15090
6003
55872
68208
76013
26852
24682
38388
55369
73289
58990
18409
53721
25462
44593
34137
71917
4482
66691
87616
49384
62551
33454
22253
84021
73381
13780
33730
26541
76040
45145
91612
35337
64132
79331
22125
27821
32993
98436
3694
28276
58773
28777
46137
75777
42028
46194
82805
2213
57059
55435
38673
2162
34706
81965
1311
61647
48904
74046
96300
92440
61869
91312
6534
26387
47910
89904
18692
60208
45327
30444
66223
29847
66959
62331
12222
35016
67556
14311
7508
88814
89099
70642
92150
67027
884
64910
65122
488
84819
72636
21981
74626
75672
89945
68567
62190
61843
35733
7095
74084
57843
20272
25335
85442
62851
72736
44520
21984
1603
42793
69283
95737
33651
17864
84672
53848
50526
28663
9427
72061
20629
48982
5302
20818
93146
79049
31928
93817
69238
71616
78493
37950
51812
27178
38938
58097
70124
22823
43554
70454
39242
40232
66418
35779
94136
17764
29536
10724
33799
28775
84200
34114
12838
24404
14236
51680
79555
95385
86398
15991
86143
49625
91644
94983
94943
17873
96401
75864
70932
67874
35777
89249
1017
28571
53212
70814
7
24904
6976
6963
50549
48359
23905
65227
89567
55975
20072
7655
84442
17210
3802
25184
94017
32407
16262
8195
35225
79482
76898
29299
37595
14169
57051
86495
89229
20818
41958
33209
99605
40207
62509
56581
27445
76855
19479
4455
37207
28233
12519
89655
14095
10654
15228
53802
5671
89879
10967
57542
33477
38429
10341
32894
38939
29934
90255
20903
25422
97033
71726
87298
15736
21925
66973
82993
68035
23812
65667
66248
13469
73349
93053
55507
5880
7239
17907
65072
39477
93811
19669
73032
83807
98009
7522
34337
53835
92791
4002
67193
79210
35474
90742
6770
58028
85172
44614
77605
85507
72419
9620
89599
72064
74370
17213
53968
2341
99922
713
27454
38143
91108
85706
51785
94747
23397
43687
93821
41990
68392
85451
87245
44734
97428
90293
5537
24764
14014
28701
51180
52515
8626
39387
18375
10759
13074
73462
25706
74243
18738
21439
21796
96387
49060
13648
91957
11377
18641
13985
89350
20372
14745
44280
94311
35172
83522
90099
68456
65939
47254
84551
63313
63599
56883
9833
11319
70401
94389
47105
84327
18345
73274
63101
20525
36325
7341
95400
49959
3683
2643
81442
81279
81033
73925
96442
12135
80958
10316
29555
76719
50956
88215
33190
7716
16531
71964
99553
3323
19837
69701
99782
56900
38013
67095
78981
85261
43910
45225
80167
22187
66189
40093
33389
5645
31637
23030
42536
95014
83755
36667
19460
98021
22040
90503
78306
14470
722
34968
85235
52482
97105
33417
94254
42039
91593
61580
33614
51826
17013
31010
24127
37515
21077
50175
61620
81911
69136
47055
10910
28177
61813
80101
5676
18892
45573
2406
25680
16564
8544
95558
30376
70157
80645
69984
32668
91106
43458
15285
4849
28549
95841
47196
92944
89390
75229
15775
2498
43729
7278
69946
95337
35785
82544
95202
66579
21867
66841
72210
32793
37047
59089
94032
260
62458
79115
7855
95255
21440
82631
1362
61760
35484
37365
28434
9715
67398
8881
77668
53058
5181
50250
91368
79234
63944
79495
65504
47962
97294
40634
14531
90575
63043
7539
86753
66275
72320
51662
34186
58100
90557
11712
19630
89171
51317
97653
13911
42157
31276
24327
68569
93912
7680
65856
7106
44571
22846
36283
84843
69198
87560
9525
65320
46723
442
76457
83684
90290
30660
95479
16163
85675
81585
25322
38636
99636
5349
83132
36959
914
25920
33328
26212
6105
12198
56067
21070
27822
2959
29560
94036
2041
19011
30310
68061
53759
62963
89804
92139
4470
78334
61258
1520
34573
14714
73524
55756
81932
81671
85504
15168
59440
38117
26672
27666
66116
28791
50121
15119
66657
19751
3738
61332
34828
78423
98695
17383
16788
12277
48111
82344
57947
32002
81997
70534
38859
11132
30491
71350
22688
30904
80292
80630
24998
49054
43067
35395
12911
89668
21942
67284
94466
96574
11327
11162
67518
27205
18388
34131
55183
77486
64710
31822
5660
1538
4642
67845
57453
92761
34306
7434
60710
13247
44990
13504
38657
99734
91
32278
45125
57930
34499
84187
87829
60906
32301
99113
51213
430
67880
85587
2614
32678
93136
5437
72277
33185
44785
39761
11397
91956
87596
95900
20820
48740
86418
58653
2806
96883
92315
95778
97626
89118
734
21886
1444
66824
72503
39531
18140
27006
72251
29119
95098
15980
56133
13531
16148
8242
16029
36160
30386
99303
28493
97520
15472
75925
9143
79504
91956
2667
1328
9112
90835
92932
28462
50837
75748
13048
25608
43428
49762
58589
33229
9260
82067
45791
61082
60556
40483
33525
55235
69193
69837
94353
42336
90449
8107
16991
96070
21599
57789
7425
58377
91114
70481
31789
67756
31517
46187
58490
5919
90117
38664
14032
70302
99508
68928
57847
15620
96202
47313
15342
63187
37985
57806
97518
79192
37829
4126
44018
85607
94739
31087
67141
97691
9781
77127
59034
10727
17432
10040
56640
7185
96025
87620
23342
64461
97753
85995
11529
34726
43187
57674
92047
89263
96112
79044
50932
2301
95689
26697
67367
8922
59492
40415
57255
507
87156
90385
14829
41468
12794
2355
74057
28497
29013
56628
369
84439
86663
48053
28962
72811
11708
34629
83018
76551
48260
49882
54994
38197
90453
59036
62813
67579
36301
362
45398
66428
19911
60968
72421
68147
75081
96187
26486
44390
49988
10747
44506
21898
54085
91308
82197
34371
34531
20300
39787
9076
4368
15743
78911
9858
59347
57201
757
3123
53503
85626
63816
26184
29085
55812
84909
55879
19558
73180
44533
35630
83517
63972
25502
68085
83662
68910
33584
53477
49806
81086
28523
26288
50370
39612
72845
89748
13972
22756
36046
69253
89624
60596
99558
77875
71587
30512
28765
85241
95562
78509
49841
43857
87527
90491
80927
6402
37090
66014
25380
28453
16008
43402
87526
96517
27705
67984
32488
81167
77450
3704
6422
98024
65608
50925
63433
91711
2107
16006
37255
67228
57040
77733
98749
32399
3766
42838
90692
28407
5949
41452
38215
6349
95823
35347
69675
98613
31539
25542
57947
85767
8772
96167
89570
19287
60782
2822
16193
68051
76013
22344
41892
5651
33095
84658
90509
6573
41825
48522
53771
9032
38595
95442
38130
13676
58815
90217
28062
86184
18332
89121
79622
25233
73001
52716
75250
74597
70587
14468
44487
664
12526
34435
529
11122
16402
48516
11379
79504
26921
79561
10324
3606
81034
78355
776
91120
20897
46220
86092
80853
79313
96632
28797
74902
37545
92253
54076
32773
1849
84319
3442
35208
22317
68377
92049
34751
12069
12703
57715
10195
3495
66736
90923
57019
67899
37855
95564
33807
48161
96138
50751
29059
51217
92457
3337
48394
92766
93808
2771
75489
83073
58037
84439
85773
58512
64701
19806
6903
25733
46701
31217
50948
27909
34714
72413
88951
86113
10255
76254
95745
17754
38616
23097
34699
77996
55089
90457
46166
16388
46108
29953
71761
4724
50113
75812
71323
16056
78863
77754
83711
20179
24622
45015
60261
61760
86795
47839
27164
14992
24878
31161
56449
96914
67156
17500
76921
18203
62043
65903
1963
56979
81733
94140
9832
70515
94156
75937
20015
35090
70792
10570
15858
33404
55402
21347
67111
65429
29816
15416
85867
19135
1595
74675
54102
283
64057
89586
36803
4737
22783
5277
80605
86264
23313
78474
52334
68319
43120
91192
10566
23275
69931
82178
37025
21143
2746
5104
29710
47408
50916
57600
47855
77917
89208
52844
46972
74702
41169
82048
27674
21255
82461
56355
57820
86952
41929
1670
92087
69073
25905
70519
45893
51070
70130
87007
57498
35441
19126
64436
27096
5016
50194
46858
52417
58755
67658
47220
66109
74102
34442
50071
9342
38254
62483
10900
28572
45414
81269
19109
28467
54980
41432
43184
80781
43243
71397
471
19981
69598
88271
7542
26793
53067
55039
9265
56514
99981
39711
67242
36362
11735
68161
13344
22250
6399
71051
71599
72478
38231
16041
94221
4892
18034
83874
20355
95403
79202
84206
71321
46439
73006
73819
55110
39403
55206
77960
57508
19966
63424
74755
94462
76223
65163
296
29149
88168
79239
75011
38720
17810
51035
38404
9547
72064
93295
90027
20155
9548
197
4642
59069
2809
52108
77745
6534
21561
40224
16491
53357
31878
63731
97503
12400
51051
18504
73383
9027
22277
13466
6693
19519
33622
74243
97530
15828
99752
61186
25107
59924
51310
69313
67742
37484
25991
28816
13652
67816
31203
22265
33982
81219
29295
22774
22060
5761
90749
77308
24346
5558
50744
64157
86310
81135
34159
24916
16598
86793
48398
49188
45038
24729
17327
24376
40768
37461
68266
33658
45318
5673
43791
80904
77341
80211
56952
29084
2966
28646
70903
5500
55436
27200
29409
72932
18716
43013
71113
79754
39805
29745
74864
28612
23212
57197
43906
91190
5918
69781
18321
9840
10010
54407
62573
37607
78128
83536
77088
28624
49928
60919
20361
42976
76379
40295
55682
91527
5943
31480
46270
44498
74816
76943
36201
13338
2903
48707
19200
49237
43319
47013
48958
23576
28696
69072
49632
96121
41194
29219
59713
72632
31110
62575
57525
2723
31845
13612
52517
36434
92113
79184
23854
53656
84170
27584
72052
6121
309
76950
36553
18492
30575
47623
13320
1153
32159
62730
42988
56927
20937
76277
80682
17993
35727
7269
13746
58564
49307
24878
28732
5228
70615
88994
80534
95954
44223
1621
11102
98982
69366
65117
67827
98339
38825
11543
53178
8840
1460
10882
70346
19207
99997
96707
55985
52711
61469
87916
25130
61225
22140
88726
9038
57947
47757
26839
11459
18234
3178
12364
41384
53600
31137
86505
91265
59130
92837
76089
93581
8363
19688
28941
91772
61625
79298
57291
51823
86949
46573
92452
22473
67851
42124
52665
57467
71699
74943
9951
56495
97333
85356
53777
37955
88881
85070
64016
57881
51200
61762
49504
56279
78206
34992
62379
95987
78013
72505
53857
40878
91818
37047
81475
81783
22529
56941
54806
35595
44538
46084
18899
64677
52049
70214
34780
1010
83827
15476
87210
1964
34992
19640
57761
30179
11460
66074
55589
49101
70404
96213
61271
64613
44868
63911
99561
21592
87478
4061
35917
49702
20937
75757
1398
69854
79179
47681
83596
45082
41272
75440
54386
54325
23673
82241
97049
70096
50448
77903
78522
52032
70012
63026
69018
41164
69992
17760
59028
36710
33855
39755
32058
82777
85808
71680
74436
47238
62746
66847
4841
58270
70594
46365
850
41523
16138
73187
92270
60327
55886
38097
40429
34769
53973
9721
21073
18512
35184
27525
60242
91119
69789
78395
46114
40114
79170
42790
84479
42099
20708
59390
20581
59533
40963
29814
52017
13779
53141
60795
13101
25104
74789
41609
95816
65810
18100
99968
33495
54748
86966
23766
94670
8527
37268
45120
55914
17216
99377
80771
2682
29709
82051
76864
44406
76976
19222
33811
64511
47053
48368
29286
92729
41495
2590
69696
25058
38324
14573
26929
63242
50978
62282
86440
33970
58991
11696
57402
65474
94579
89947
78575
37341
89002
35959
78366
94244
67425
94544
37127
317
66867
49874
76592
80585
51378
46026
40211
90059
35978
56190
29756
38405
65717
19161
63337
19660
85338
92131
23120
85049
78898
68738
63918
68912
92300
16937
23650
95274
77979
21938
22976
56511
30262
27751
51065
32476
97729
56119
19930
33579
3943
48353
1830
71621
40952
94855
3577
87180
88591
65524
3577
70160
16089
48484
86977
87961
66361
13765
18686
19299
31065
88540
60904
69747
77609
9747
3005
69444
92105
57932
28374
12721
18353
11219
85014
19462
29979
47828
88465
71318
56528
63983
35322
63101
58214
5900
98255
50695
69669
84837
27852
9824
18242
9629
71766
7162
76729
96901
57621
92661
33540
85677
22557
4110
17986
70021
74455
86433
78766
36063
86481
83766
7173
31015
63703
3957
76055
84424
14159
26124
51607
91537
86531
11138
5491
76871
32100
45667
17010
35288
34227
42916
65613
17539
78478
85587
53477
51413
26871
72271
68955
63698
2266
65586
49107
59533
11428
59898
39501
24326
36567
42522
75093
27620
86928
22313
49479
27021
31327
19427
2976
62894
94878
38463
5092
99571
22092
51205
78948
44115
448
56493
97423
97245
44983
15037
70050
86855
24179
59537
44417
5318
99906
27469
22350
71199
38915
52146
48992
58825
25303
36451
80077
69707
13053
14452
17880
4624
87486
3997
20193
91655
86919
42674
71166
68440
50881
42764
64696
94442
6296
23231
97694
19690
50838
37547
1297
68411
28505
75227
33658
62586
73231
74920
64412
40002
33212
14247
19699
8970
20293
36114
36374
60680
62854
51996
52857
38970
90708
68362
24417
45240
81631
80908
64473
58060
81177
94507
30358
74892
41844
31175
60097
72860
49640
62423
35457
26615
1368
42216
56323
96786
93274
99980
34975
69321
82803
39745
62880
45630
72518
43469
47260
21946
99551
49669
56676
32517
93169
51640
84315
50226
77739
96135
39922
65428
66249
70377
26120
22761
8042
86067
98457
84690
62198
3849
68030
73182
34061
69893
11058
88375
20705
1347
64842
16978
5009
46110
73893
90647
65820
95252
84880
19982
93390
25075
36421
10539
67806
83357
62377
23456
25356
95871
93650
4071
77061
44163
27902
49252
35471
59300
56350
66892
95599
7209
46580
21483
72348
91682
11438
94676
5956
91974
16179
91404
37956
93218
79074
46274
94479
68359
9500
21993
71765
26886
43160
5888
18519
92098
68897
30413
8699
21518
64032
30280
6751
64158
64661
776
86510
26391
40834
12919
83754
78794
41793
95059
21023
38602
73800
56833
43186
11141
46203
90761
95023
18320
3991
14199
84539
58773
88389
54417
16377
61882
31643
35877
82788
12998
58856
61675
6057
62194
70216
36061
57354
60006
37510
54497
58339
80948
53944
5708
39472
46583
94685
4151
96356
70856
37429
33633
75281
63375
15836
21749
43921
73530
52790
43608
26316
14524
38584
69001
97912
1299
87095
92724
31452
76160
10824
1404
44960
56035
50098
72313
2974
62650
55948
16046
71875
4232
97383
91770
17760
40472
93428
29530
44159
95427
29583
19861
45731
23213
19630
8629
55183
46768
7893
24595
78722
60064
93558
67489
74914
80484
33588
21322
29482
86104
15176
68065
48392
71605
53665
49439
99168
48581
40716
74167
54778
84618
17325
27244
7895
72858
93349
40223
32970
3322
58531
1001
9737
85367
14905
90090
95022
82569
58319
80637
29998
97170
33928
26507
56607
99463
46532
71253
66567
51770
97251
58136
59953
68124
24122
31193
67081
45429
69643
16084
43596
17198
14416
42452
54514
88610
25323
16710
74746
4911
50602
17661
71875
49089
80291
36207
