54801
62085
45014
37890
52261
5978
5301
75501
28881
84858
13377
35473
86012
80780
16542
30930
85097
3424
28707
61719
7562
60921
10787
57695
66884
28193
49394
23113
28903
15324
56016
60253
95607
36870
74391
70050
83832
64477
15348
61399
89815
91253
41234
77845
69535
26197
3456
75004
41194
89627
29892
66964
96340
66341
61857
92606
8934
21785
64096
20404
19870
77775
42113
37318
53945
726
4349
92421
15224
69510
4496
90625
56746
91211
10189
98928
60660
92797
36443
3103
58454
45430
30269
43756
54753
83303
45130
98645
24432
5578
94781
18744
34016
38820
968
46418
19894
23036
74299
11972
60847
91850
1076
11508
35974
91950
92452
32552
52414
5945
37133
50579
65156
50924
1284
8648
45699
19542
28298
31270
23515
29312
49538
16423
20230
59173
92881
7371
95889
23837
51209
14485
42538
74056
26080
2773
7434
18874
45057
5800
79891
98755
14105
39156
60445
99858
23731
32269
43813
22009
18044
75565
69357
41021
14068
5951
51927
17790
49113
96912
39411
37627
1179
86078
80892
12858
90584
41937
14709
1198
30805
89110
52219
87698
36451
41758
5940
65766
83001
63574
13018
80122
6060
4830
48888
99585
12806
86023
1425
6544
34624
25196
86625
11106
27369
77124
859
3628
63363
17292
86669
69933
75778
60731
68301
77842
91746
36511
94372
27380
61939
72586
99137
48511
24135
25133
62713
83846
80445
96049
61445
76155
94643
14489
72419
37766
87230
7373
94421
49428
79360
55996
38980
81172
58497
68473
93120
40641
91160
33739
49606
15435
22242
65278
73544
18356
67805
71760
20129
92188
1188
20206
13694
57503
48700
46286
10654
56047
80074
72073
73311
78193
78842
75508
80504
66126
53566
68908
60056
25135
42796
16030
25346
38559
9568
74654
76349
40203
40300
3251
63858
4747
49187
76068
23342
30201
48918
72956
80070
6693
81262
56135
53556
11203
71865
54169
43470
59027
67622
96522
27493
35999
97784
11441
13002
97009
19176
34538
82734
90003
19595
88725
58260
55613
95315
10573
71958
14928
9263
98412
50
61022
96512
32878
54310
96590
40654
51038
96363
14083
49808
59638
4354
45205
51893
95022
62736
90171
97154
32063
14515
29031
98359
60814
32613
17585
76835
23849
54733
71662
49599
84736
82152
772
83625
69604
77961
59625
68559
71670
56026
58974
63400
50668
87565
24175
37415
40120
3313
23027
92894
6031
67929
20528
62041
31183
90066
50506
40243
79605
58972
17882
1784
50117
42083
27091
95896
86732
51570
88969
77518
24473
81042
71261
88891
74773
55149
68299
86319
61849
96806
45254
41272
1514
22523
27632
7376
85462
15199
3858
90069
15157
98138
99287
32369
82656
2824
56877
29213
15626
29484
80753
45118
89761
51878
70057
62493
87528
879
86985
88747
19418
66781
22476
63672
84138
41307
13164
32581
38965
21941
17332
38817
12899
84118
71478
20170
74762
7711
97042
10974
70646
94535
39180
89118
16689
2554
55497
39085
9729
63671
32203
50981
10044
34420
69638
38300
46682
47744
1124
77376
72939
78160
33855
39624
12700
98999
38940
21372
60531
97184
46313
58591
53339
34147
89538
38509
88945
36543
42130
60057
8294
31897
6712
14282
78958
3845
23451
72578
45234
93546
63696
25633
4590
50041
85583
77134
62785
1081
86714
91628
52611
86748
47012
8653
56515
22298
18535
27833
72662
25664
8105
89457
44957
73276
69590
40547
25237
1072
16230
85884
31873
12215
5457
48411
82711
94612
32826
75186
45746
54890
73593
73512
64510
37802
48258
36512
1077
34181
47167
41759
939
81349
83849
66620
37160
96241
5994
587
34295
47444
2769
84963
89600
84282
15088
63730
74265
71341
9844
93465
69324
98768
31264
65490
74929
22089
87192
81714
84341
73353
16387
25080
15238
15357
13459
8137
44719
66348
10250
69965
70377
11911
7435
40337
37231
10099
21827
91356
99483
88953
66218
10914
1878
43470
94322
87044
93868
50561
8310
26510
24491
7764
40970
2443
52726
60620
58635
94883
72658
81883
69155
22235
67983
50363
37221
24142
47823
77768
53435
32773
69330
16163
90844
72286
15700
92927
48427
59910
86698
533
25863
21924
20056
89395
82660
68217
93924
33171
95533
4651
69196
12807
4088
99807
7241
35610
83313
70668
86962
10782
17350
86505
78147
95755
10700
24625
79079
28413
46429
31464
73625
30799
15966
62850
73045
95235
68211
51427
78345
57511
63413
28908
8738
24250
78009
74963
76637
37883
30367
7552
82808
85423
69157
84543
98564
93487
36915
25974
61612
8289
32850
86462
91483
15373
11726
54937
61476
55022
50895
8940
47954
17143
24121
90347
87741
51782
71203
756
6396
19283
28074
72678
64171
98426
91960
72701
26630
10634
52122
8609
20695
46701
26734
8231
42255
19742
20919
89269
49970
33583
55413
18821
7939
29970
73586
83116
17372
2339
40604
37685
43836
97628
57135
40012
3547
3945
14424
72867
49476
79845
13136
67929
20312
52179
85932
87999
85996
63780
58927
95425
55341
68500
84371
96905
89587
44613
54095
5987
4774
32902
45377
22789
1152
82446
48628
12561
83171
54088
41980
94654
64539
28425
25208
82405
42171
4201
94948
5991
67996
37977
6249
73795
96350
64416
41750
74929
44297
50869
18109
6800
28393
44565
60608
77375
97398
26293
34538
19884
14517
89711
91954
14845
96438
39888
2841
98198
68763
32599
57078
96685
7724
57221
91405
72513
59622
21227
70367
8658
82504
78376
78169
8949
43760
6435
59587
80759
27417
46324
81286
84967
75280
53939
96859
69920
55933
33931
14426
92751
47340
95323
68335
34791
36519
3392
30134
28784
21260
39182
75593
31146
32917
63496
95304
89309
7600
19372
22212
32940
95914
26627
71942
18610
11465
39947
13442
71387
82234
37802
73131
77749
65596
85765
68201
99029
21599
5990
50300
41377
51288
28567
81164
11647
47464
8014
86541
50689
68754
91670
47793
71162
73716
8969
54065
16524
26740
4920
79478
11098
15440
32332
39552
74480
1616
6867
32091
68770
98388
15491
2237
82474
38214
38334
43064
68856
68947
44791
8394
45880
73956
88318
61568
94500
20261
30055
43369
42501
77186
77557
89323
64224
40724
14261
71330
48128
49510
87122
29918
42170
46627
72446
23719
34311
9383
20857
71897
41477
32257
41358
42324
80106
44846
32478
35844
94408
96563
16075
66748
25797
47806
63349
2585
42934
53493
12158
996
66623
26564
16363
35705
62913
84167
93514
8285
80762
12112
78460
91161
98789
4513
48942
423
37328
55328
3382
16684
24796
43638
95383
14873
95781
86095
42875
6040
6020
77346
48216
50061
81192
39092
74575
78915
71734
36947
57491
82552
2251
16256
31305
95239
79377
83099
78073
34685
56069
58746
36298
20721
51541
82549
73930
64188
80387
7333
37678
71120
22274
34665
7733
39508
7163
85170
66587
50363
82901
78691
77504
93032
85000
99900
25565
52777
97349
41827
12836
80519
93642
45045
29076
68836
29213
29060
85669
90965
88662
21196
67914
44491
4032
52403
16031
85868
70460
41795
40866
64704
91498
61803
97422
77969
90648
10039
41223
76158
63571
24641
34503
44318
35215
49528
36176
62938
42443
55315
68423
35849
71056
97303
57332
61213
6173
64516
77679
22492
49502
43391
20168
58327
80950
21462
50634
21261
56156
40509
89255
3865
24001
24914
57124
65448
2394
29527
40312
2331
64327
40786
41715
17021
47017
14559
70658
73993
99020
59862
2110
26679
65778
15682
62359
70717
73677
86829
45202
96289
92420
87496
71370
5030
2614
4598
12958
85922
12214
73717
1133
69690
29008
73072
92885
59106
44620
79338
66260
45430
23892
68822
81802
36872
3273
69384
73543
16599
16837
45077
90002
35876
42022
97930
23006
30557
37798
56073
58532
70380
33612
88108
54525
65038
17734
35373
15467
25707
91657
88923
66503
91405
61555
79710
25499
20454
70832
22415
86718
49197
32061
36541
56161
61300
11546
74185
28755
48917
39454
91608
7693
48537
4249
92574
87401
30573
64568
44520
3155
28848
76785
8168
53303
18167
28625
41956
11698
98957
15122
12771
50281
94180
55266
61335
7322
10063
79108
56690
28816
37857
69709
7358
92870
92404
46303
62514
20086
16525
36225
23843
48660
27794
57388
74978
15782
99460
77959
14007
75218
13864
2581
72027
5844
3403
82513
36078
38489
81415
2949
35392
83937
24462
81001
15000
34219
85073
54041
95016
64472
62760
5410
22237
28404
34712
7867
62889
1889
85318
57378
21454
82893
64213
51567
48416
40007
11379
98726
70976
47363
14715
38099
58148
74267
92976
90457
83406
3872
68076
13443
81608
83544
14235
44682
51897
81345
31521
29927
4641
25822
6611
14635
68670
42402
62200
45550
46581
70703
28505
57585
86098
66279
88808
38102
41445
15415
79244
13612
20743
59588
74496
5643
50783
62860
73433
90967
26143
12708
95299
58936
92983
7182
29549
63008
43393
17266
37199
15684
64503
57155
90534
14267
85777
16541
6725
19071
10757
21710
92146
19084
57218
152
40946
68744
54483
11504
39770
80502
15373
52005
53415
51330
702
58702
67868
46852
73010
66921
12215
3550
6984
40092
52654
89677
98553
71722
18990
50882
53660
9122
95017
88519
45695
36810
69992
15588
11984
99030
97000
36832
98537
63862
27802
79186
68918
19075
56046
53125
12616
2575
8125
37110
60707
58245
78773
52262
31350
48808
10184
54539
59087
60980
61703
44152
19033
38143
98157
58011
65737
32463
53452
89515
19537
52700
68716
45204
39204
9686
53920
23233
23527
3071
88716
53206
84200
62190
17387
14296
78889
15929
52600
69020
52223
26142
6754
25659
52185
47281
71107
7492
75672
78457
99449
96641
29723
46568
43261
92479
16416
24197
51666
37567
17701
39434
67667
97480
60173
71535
18986
63302
50348
17016
12283
58664
85313
95148
62410
8106
9868
49805
6462
14332
32595
42722
69314
83648
47393
22878
91424
87924
93588
36407
63403
99114
77777
27724
4379
11352
82334
50244
64245
26197
12813
61103
22419
16903
54830
91210
63054
49267
79570
45071
82961
40913
56441
44577
84733
45360
71689
51904
3759
43742
47212
35817
33623
41942
69739
84763
20558
92431
56598
15289
66500
40381
73212
6823
42601
97120
39731
56244
47266
9029
85821
91185
36521
66495
76644
48853
39008
86742
61182
21274
16426
90249
69477
43697
42600
8479
81384
69394
16822
70008
75063
61562
58205
20485
16677
96575
94438
57547
59269
99483
94207
91377
70649
16718
93096
75080
44381
46501
69765
37655
52175
38923
27004
68213
19337
77429
957
71952
9928
19292
71893
29111
93857
58272
52583
22333
78108
36037
66780
9920
65529
70310
31506
42953
78556
63464
87781
6564
4213
37486
3772
24283
65308
851
88270
33068
42791
2379
19640
95327
23356
22836
59733
90307
57364
92503
98260
42197
31031
97449
45092
9197
89352
93884
77079
58707
30168
45207
79044
73392
93846
43620
32780
8395
11790
19076
7153
44176
77164
46467
6050
64378
55123
17503
14160
71170
69721
86511
58462
72046
25414
14914
34335
53437
41148
11382
615
86049
69770
50693
61157
76339
85682
49661
59128
13014
4854
5350
21993
82528
19789
73756
67090
35492
42763
20653
39957
46977
85602
30931
74022
86497
15561
81917
79992
64637
80785
27112
11080
31956
70550
30790
48247
90547
48923
70920
70983
57193
66684
64998
27898
11392
54356
9881
64280
42342
67310
79707
63444
27197
32436
34747
59565
28628
23627
88526
42822
68606
96387
3035
51187
23334
39766
7727
64987
22677
16287
13757
18429
54413
70952
25051
4344
32772
76035
57150
38987
39457
84831
14790
80747
96990
10729
28285
30301
14971
42741
52511
21177
83445
68801
3795
59244
42995
84005
94
76396
89628
58752
23797
50681
10984
8199
25819
67217
34902
72494
39336
22283
25043
71781
53606
34865
99151
25999
14244
62340
63979
85169
63784
47102
12932
52066
9430
22711
38953
62261
61006
90960
49545
53966
81157
46564
18187
71259
76403
42625
75558
48574
90132
14913
50759
39250
11949
70137
13153
9856
1493
95074
3621
90443
81971
29903
15674
42099
42543
55236
26210
46935
62129
10996
27187
42492
17652
49250
11036
2054
28007
53859
85011
64758
83948
76101
13944
89910
73646
40625
4775
86088
61422
56566
20375
92908
30540
84069
51396
86487
45149
75948
68640
53027
92116
11016
52912
33679
10301
36526
35162
54812
58226
94327
31345
19858
28485
81820
31324
82518
98091
34547
1068
67565
32585
64206
60685
56306
63338
89077
74187
9148
14552
12307
37063
34673
15356
35075
17121
6392
48164
10708
20691
1880
77562
33162
97805
577
37898
66712
8952
95331
39117
13893
82583
59272
70212
83514
45898
20253
39604
15466
52959
47855
86583
63645
53077
20845
70623
94914
83907
43829
21764
31402
37297
48016
60280
66073
33972
79688
72747
37255
13489
36190
78122
1695
43644
53748
81632
69110
77258
77814
59122
7601
15503
74006
44200
99840
84388
63310
73173
6435
62306
44790
39408
60588
81226
5615
34028
79678
57873
67048
19230
43361
19984
33765
19813
67344
50465
48302
11397
69378
54510
54759
90951
35403
14890
48520
91689
5855
9111
57304
56370
4129
58838
29785
39921
13819
94091
76627
56563
27748
96658
16917
10466
65128
6392
88613
38086
5897
85386
19763
6806
33517
94432
57824
73925
21016
1044
90843
85447
27528
60704
35758
56019
85259
76066
83587
66240
34465
54836
14313
14483
88222
42066
80869
45663
60413
2735
64756
76554
69997
96459
89617
83355
51057
3116
67644
88067
98610
3182
9969
16723
64910
51612
28435
34455
17007
24373
67497
86273
76468
55878
52566
42411
64408
6700
77866
10454
15231
89671
51639
93098
5832
7135
87459
98762
81395
14591
59425
67294
93920
19629
77442
76795
12856
36375
86032
38660
29463
10323
88162
56812
42670
65316
98949
69671
85081
76726
89393
76306
7118
43797
66548
66704
67620
3637
7165
59789
50568
72428
61938
6555
59724
72560
95864
59382
79976
13832
52024
28290
95776
63849
93190
14955
11660
13387
15562
66200
14672
79812
58624
67990
23924
92249
74329
50229
97329
12671
27675
84161
85645
9302
38853
63891
30269
28507
22068
90420
21062
84937
9219
94755
32648
10520
10989
97259
81426
23712
35547
59962
11144
67557
99109
33028
3008
70444
57803
3855
9776
85228
89622
89658
994
13680
97785
80576
27475
80890
16009
39162
62370
886
35757
56969
13038
84395
44790
64153
89119
81293
78177
39341
68746
11169
32681
830
91710
66296
87796
92710
85007
91610
3554
46963
20522
90512
36132
81667
20864
11851
88192
7949
19701
81355
49761
64723
64831
69924
71110
34416
84179
81501
28239
93424
67631
76895
11968
73291
60819
23634
22307
92311
43927
64826
86016
80158
93026
97584
14517
30981
94665
31023
25098
2038
36884
69986
4694
54254
86176
17986
23472
26959
13006
87406
10260
5883
3127
77724
82377
91127
7333
94957
14109
74144
77025
9368
78349
58872
64319
64214
86682
19674
97343
41993
59959
51810
82089
56175
10479
73801
63085
49511
62912
41523
2510
35499
22813
63049
49028
37299
64118
29620
50950
56235
27578
93369
64266
55371
18577
37534
57743
88080
84804
94401
81778
67505
18774
12242
61688
13862
785
89739
62742
17277
89093
92232
77483
38632
2032
93490
14760
84254
93120
98597
76379
68400
13314
20514
29672
75909
66552
47823
23595
8548
51439
78285
97959
38163
1487
56658
13044
78109
71895
14492
63336
72649
34720
47476
82171
99914
63854
30962
98437
88837
80906
67272
93328
46047
68366
8194
80219
96834
32980
68188
52498
83421
23889
98978
85865
98047
10282
45353
39822
85723
25945
55453
50131
15746
91520
90279
10587
84133
2552
64230
92506
88885
99577
53440
15514
10004
21592
34163
76089
56909
42212
15375
66284
78350
18016
34206
68061
85957
93260
21258
14173
76549
92554
33099
70002
24276
13532
79680
50497
41489
46495
48944
59334
97767
39098
90684
18220
31191
18265
62849
78065
60674
43689
673
86808
55811
3707
62775
89744
96931
32526
76786
17994
84676
22469
46668
54565
81473
33785
5611
46508
83884
24104
44168
68875
27494
5456
71945
98838
56318
33072
50067
29906
73489
40510
4233
62259
55025
95282
98200
3699
63563
74964
30381
7970
35131
91153
7833
11801
91602
94725
64859
46161
90076
81504
66870
35898
39097
83758
70995
46540
59246
15062
8073
59263
59531
24828
88243
1638
19093
59630
93719
35789
70029
93887
7928
87875
69926
86382
52742
1317
96717
12062
96158
82230
89957
86765
30042
20023
20248
13411
18419
57765
59345
48844
67700
35646
47854
51524
37950
26566
61875
36336
20598
87010
10626
43315
84239
81518
33085
52570
50851
18715
26912
40957
17696
42726
27556
92342
40869
73187
95910
81707
98939
97023
25995
6048
59879
64183
26271
37691
86117
53671
4653
56824
62002
95028
99700
14263
9770
28202
60935
7444
39664
37200
24368
28105
82850
53604
97070
64200
29311
59203
76864
87941
34663
82867
30673
52572
34371
17915
68541
76325
92810
66939
54728
73762
58256
8594
56468
97096
82160
1083
39374
18810
81246
69874
60999
43907
65289
37028
66267
28953
94650
99418
28626
69512
32381
46111
57463
38619
95974
58167
58416
33612
74710
28078
54408
57253
48403
40918
49812
57810
17547
58521
18656
22387
65813
97238
96924
13609
51024
20078
65396
40229
2722
32486
33724
40071
63090
90164
36380
44374
34318
10328
39588
8341
66998
38039
18417
14172
81010
45382
64259
98776
56329
52419
61249
74678
3481
42911
89602
49277
19411
22762
56088
36968
67435
84925
79043
11512
46341
56845
49111
4171
28204
3965
24385
22742
96726
46898
9592
74242
90578
35742
85731
6668
65121
6085
99677
44540
65431
75330
36864
35013
78648
74167
43281
29060
65887
62336
89700
63882
92509
94234
44828
52101
25392
54424
39094
9281
33129
46001
93112
25340
51103
15197
99792
56775
8763
61631
93802
84270
60298
80760
17694
81301
43563
69554
18419
58903
23709
36623
49323
70848
70090
67763
52629
85699
90124
74027
81353
9254
29505
14464
62373
57993
9928
4692
68126
78833
86525
72617
52067
66002
77227
71302
60504
88058
23462
22243
15413
59191
52911
78497
75590
2564
91674
8160
45235
82666
66425
12798
91734
88965
47360
50664
38963
7246
24562
10680
52269
56453
31192
67350
85250
6734
37504
2105
49916
92826
7086
50951
28948
17287
20817
28343
64476
65356
3689
60672
55011
72896
86330
11234
84039
73818
35080
15869
36272
87467
32205
31304
61175
24799
60812
24974
32122
65816
72354
16478
55934
24388
23551
37056
50744
26196
22103
59356
89544
71094
18442
70403
41485
31734
24241
99701
10866
49819
7914
74852
79181
73757
74675
29409
33538
79719
42874
65405
30887
30664
42119
93643
88115
40907
46388
36793
79866
64451
33038
98388
45548
23981
13790
12907
83972
9709
94
15301
12200
54459
38854
49077
22338
628
54920
64388
59563
83123
55220
74877
60173
48681
62032
44217
8191
99584
81104
23253
51506
4049
2357
57614
67013
41710
63962
68862
81936
37310
67875
67732
8113
12927
38315
85415
82264
12570
6650
96608
15436
56607
91161
36500
43383
42765
84629
10666
7664
35109
85617
2085
10700
14283
19793
3032
76807
35208
23180
86004
11016
60960
26680
39159
25130
80389
18970
89356
37394
3713
88407
28507
42328
59606
62655
27479
24205
38769
98495
66643
48825
22612
15772
31488
90966
79759
8444
16582
6837
56789
59799
71415
77260
35425
70487
4675
69996
59423
38223
1638
81543
1904
43828
15002
71858
653
78557
91545
49770
41750
14683
4259
63254
58227
7626
34821
45937
92065
80364
3655
82098
99316
48201
27491
96426
41221
3599
92934
23697
50885
80847
86406
78544
48753
37135
7521
75091
73545
32205
44067
86818
92035
91570
61215
95726
9838
6827
53290
78202
47060
35026
51041
75158
88407
95231
62158
56630
43861
15426
28052
23099
71939
21224
25231
22135
49394
14604
13119
73814
45181
26100
97158
25626
39313
36380
36286
66035
66529
24088
65047
7114
20272
89046
73354
57867
88628
76342
59636
18472
53327
34393
81257
51017
42155
92207
42759
12521
6737
70593
32241
64215
94445
44293
17692
67377
71627
14915
10653
11596
25511
94534
66521
95751
37985
45912
16821
99014
15231
48469
73595
66780
41971
14228
10476
82175
92520
35694
65686
26317
29475
58885
92505
92449
55682
52543
53953
93621
27890
69518
41606
78145
51822
89590
30460
64645
53414
77928
14072
16952
79181
7478
20657
49177
60068
4195
48649
22674
59715
7643
14192
42201
69707
47556
3093
28728
36789
62739
67278
89738
22377
86753
59332
65906
92462
1892
40781
53882
24008
36965
3441
46972
10782
9742
54095
76404
86212
13598
48332
99261
13065
8116
45193
8505
59474
68139
36626
66022
17078
65261
6545
49637
21208
80894
9203
67810
20539
35254
75149
33191
64646
57834
27440
71312
79943
36850
15762
54538
7754
95828
36336
64642
20055
57770
88446
97610
61287
17929
52014
13348
96814
1578
88757
56259
46950
13259
65443
2815
34597
1578
98619
14055
40250
74389
79413
46320
67624
39966
28968
15830
40168
13161
75326
63744
18320
76601
16927
15531
49384
35028
55406
25894
11653
85270
29656
7446
75412
50312
1837
56904
71060
44434
67411
46023
29032
29390
20790
37652
15538
88674
54405
9742
38375
27681
92860
2096
27275
82327
18387
93802
91119
17261
54257
36047
65331
80506
20949
27828
37124
15859
94249
19736
92773
18298
95176
20348
15415
23948
81097
45745
40416
46276
2169
72074
48618
86308
74250
75019
53491
13112
44966
55189
52317
28590
1778
48599
78936
89468
61591
70140
50540
87025
96759
98182
27133
84900
62685
80040
73116
80003
48894
97563
44320
79124
36007
48140
54799
9573
46606
83415
42463
2323
92333
43537
90106
80908
69391
14966
66649
72855
23779
29027
55647
31232
82581
80498
76792
35107
21636
93635
16420
77537
21638
98517
32164
55649
1976
56898
92768
77990
30006
31374
25635
55513
98092
30885
90199
56573
78791
45086
26447
85226
31619
53379
39372
20000
21811
57756
18688
98489
26096
44495
96280
84074
22212
85190
35318
83939
77552
1451
98999
7559
72330
55863
25374
55277
18315
32368
53787
86741
13141
1895
45566
38368
30836
12658
47878
96414
88220
71040
88178
16986
91771
18833
38036
91210
25332
14051
11891
98416
52986
85659
44813
21504
56016
37913
89843
72516
28531
13839
17108
80269
72588
7635
81444
56945
19389
97444
17074
41914
97883
23999
12678
51904
21424
31358
50684
98329
58325
22366
25715
63537
52825
35270
60013
77696
39497
65995
13641
42872
15190
19235
18059
14964
15569
84851
77458
59480
88033
9910
53602
88835
8460
60457
52158
44682
22401
19773
74811
23330
9223
74801
53533
22164
44310
72192
67726
99246
85130
60525
62556
45076
86487
13431
42076
63806
71570
19165
73972
75449
13322
30427
87552
59312
37176
15611
59544
46090
16509
15442
32728
99623
39842
99128
43180
25125
53670
45275
93084
70592
6780
94613
21347
24275
58557
92767
54943
97094
4037
5178
78011
53424
44071
45809
36042
80503
21585
28019
52543
7270
52588
58309
52692
65903
41774
95897
49009
66475
73913
91932
98681
84388
73525
56062
57056
34182
22685
87735
45962
88878
73908
17704
44394
38786
23292
67229
75382
11928
28027
99555
11147
82936
34660
26792
54358
6516
89585
1302
61699
14330
60355
78991
67009
84631
66906
36148
1755
90442
28610
49469
38040
85404
71494
8453
70012
80335
69164
34717
54576
35902
67818
37241
6743
70889
76792
75596
63150
8786
98935
93559
5392
17244
26491
98072
28687
91690
31142
8113
3106
34836
83665
87494
60998
14925
83587
25956
7974
84510
40256
70007
54989
30225
19189
23287
83933
4065
45343
17322
91746
96382
20395
72607
89952
82580
93976
88272
81675
71497
54682
93989
14129
32114
16794
12197
32508
74776
82626
74976
54064
36069
18205
7782
44755
7094
82897
20799
44885
66436
39602
67663
39134
17713
81519
86300
40095
83351
11038
51774
41636
71618
97845
85301
38269
62001
27314
51939
86357
82253
36237
73936
84791
23696
97219
23269
6583
53858
30898
7888
5523
33725
5225
82138
67594
16401
33510
31046
56778
61667
11683
18813
51465
10978
78408
91798
9733
67171
13327
71321
93556
66626
56530
84010
14653
77900
38863
22958
13277
28144
33347
42099
27867
31885
65675
84671
81071
64510
39881
32329
35499
91378
52735
52765
33263
76029
76340
79595
29093
67091
64319
54716
43138
12533
72511
25194
38622
94820
59910
37625
20982
9701
59873
32610
34702
59638
24342
83284
96449
85672
13441
45381
27389
60848
75459
10219
42155
56753
39202
42133
80684
35897
26198
58548
55904
94533
78261
47263
87810
76722
64748
90798
26851
735
85458
29481
24710
45811
20281
77622
39965
28366
96067
97795
57370
54853
158
62736
94895
44466
25663
44750
9031
2816
79607
67134
32818
38831
34750
45171
6916
85509
18250
81678
43197
75883
5261
2965
44763
40069
2585
34246
47944
23704
10898
74975
78062
33806
65222
26518
66256
99499
7146
34163
17026
13516
43605
18857
80799
59182
37585
45668
31807
31276
52262
5477
55444
43308
2397
84795
9870
1614
31474
97391
69267
11498
24255
65353
87419
43625
56907
95421
77496
42888
64577
11305
42308
57017
79480
20525
49381
76600
62229
50360
37846
76145
2597
16540
5060
55082
30356
46895
60637
49837
38234
71368
54614
96797
58906
57421
46362
60058
16135
68866
68462
74985
3233
20733
30547
52089
32275
38575
95828
63741
77492
48705
88283
25081
14953
62171
48106
35880
36277
62819
89020
41326
99814
28327
31784
69984
19234
46993
51509
79042
97516
11490
94599
61419
42339
53424
98437
57998
99814
23921
25589
76815
34250
21597
50393
36044
77216
4819
58994
8468
62162
9510
82353
35633
35525
41253
80405
30799
46444
32334
26544
71005
24986
58192
19043
75880
92834
317
14522
38357
56140
3118
59575
69914
288
62742
15845
98635
68668
50880
13701
54273
53119
46983
52512
56567
18527
24381
8082
4618
13244
73428
96395
56600
44491
79667
64471
34019
8427
92912
81027
64737
21619
3168
10020
37140
42080
79732
27064
96592
19304
16573
20851
43987
98868
4011
84714
59748
39502
76600
74993
87531
17295
91865
32215
15386
14549
22933
76926
54022
44506
60207
15961
44746
15318
66287
46312
29889
53872
20269
98698
90868
46215
10526
31043
17523
3751
33154
90730
95369
33262
17658
51785
70771
28800
75756
89494
94162
95908
1091
70307
61560
37932
45778
92660
80423
40828
15967
99356
6073
75824
28301
72762
64934
63390
59901
76509
61687
40010
97349
26205
72320
42530
19878
18233
58990
53954
92092
67103
37376
67658
57271
25053
33062
87043
84415
71786
45238
75282
56406
26049
66535
35652
25520
73377
9897
82802
91328
78665
65820
88383
7714
6143
21193
4130
4007
93278
84033
31318
35488
8206
27077
96865
54689
76320
62587
78489
23999
12820
58178
54376
2251
52893
49829
41515
43097
57088
36941
60785
45293
80269
9957
2124
58708
92926
1284
45902
23073
52747
48102
85418
32613
33256
34498
23713
89002
62242
92235
44027
58604
42674
65649
61378
35195
87892
48913
3634
25036
94764
59442
58084
74709
36137
61887
27120
5709
97849
1478
56974
14561
58638
14689
65731
62685
32323
91362
9483
47624
23772
34907
76777
22188
97499
83247
6749
85494
82998
57301
77229
30227
96209
97178
10169
31037
83392
83612
32300
9314
64868
21559
57527
27861
99303
78096
79453
50100
85524
18313
86355
11458
60098
67879
67805
6039
29713
34933
3271
64318
39249
1382
80570
45639
97028
35249
16769
23229
96075
48434
84884
56150
35767
94115
55817
63293
35705
39611
48209
13255
90675
46097
85189
61289
43483
18763
31542
49062
51060
13514
18193
58920
32959
48174
67211
40982
11679
91098
96727
29947
59871
56502
69037
95241
50512
85352
13425
2486
11097
71747
51110
56475
92914
30145
7877
76233
72880
96445
46429
99835
3682
47928
19973
17248
9557
38083
28093
50323
43330
40572
59090
72450
92947
33593
72014
28315
43236
25212
16252
35989
53429
19512
40075
10066
78324
5434
29187
1639
25767
45272
75513
52026
29484
86854
5983
43672
2232
21561
36668
3218
79721
46815
54487
28980
87753
76260
60301
98298
60618
99731
47261
67583
31295
25937
23066
32485
45101
77972
75964
4605
95976
83131
63007
34088
4712
44151
96081
42356
18657
9739
34717
80313
82794
58583
21692
29284
49258
72339
59477
645
2830
71983
67366
43440
95825
82649
49851
1607
26032
77277
23435
40065
88099
59567
90685
59131
4625
99505
62400
6685
1213
79961
3769
1810
32291
55681
48305
83798
97092
20914
209
38755
54889
81892
27650
39504
19373
95601
99865
43392
31345
81713
54521
1938
61534
28387
10325
75965
19412
72573
60502
64784
65170
9533
98645
98404
45390
15628
11375
15124
97497
66574
44708
68838
55750
83853
80254
17162
91928
7344
30510
31364
72788
10721
3989
60753
90885
49706
32924
90940
96534
89948
55273
20654
59696
10007
45101
64439
40201
35791
55623
45823
98207
50292
11570
35281
28482
59792
63374
4303
74656
502
79
18671
2549
16163
92850
80782
72467
64035
52147
90302
7862
87320
23054
82326
4026
68519
78205
7562
5243
88599
73233
64971
52274
13340
81591
12203
58556
65267
48828
80186
76261
42748
32497
37289
47646
67153
67125
19067
1019
65432
32263
7785
98216
78890
60258
96237
48060
90845
26004
6776
67730
75319
88826
2747
63539
38929
61821
26086
75731
96949
60108
80792
50472
97164
30415
44603
11047
91599
76257
87384
16656
67526
40296
18093
33728
31795
20509
51768
4364
16118
36512
52335
80569
77001
3401
15829
74823
98944
30458
22484
26986
89255
31268
41429
55972
81259
87942
6115
26031
88421
56596
98168
62977
91032
96804
14783
75130
33569
872
5930
23613
85138
7759
50284
35335
49822
36069
14521
78226
97970
91839
81587
47173
91419
84288
15230
24598
5605
63181
82440
62762
98347
91422
63653
59448
28360
55061
51976
22982
8126
97608
17857
27598
67301
34710
76824
54963
38195
52752
89978
93138
13124
70991
26215
13320
70594
50076
18411
63879
76314
34047
65981
82572
1726
43277
35137
9259
55435
32503
1262
2125
66052
92142
19638
15011
75706
96699
48014
20237
17760
75444
97329
29316
68519
2126
23445
39506
87051
78266
43175
8746
45473
47297
88761
89204
6961
82389
24593
34207
44584
92485
81609
11635
13682
29476
4051
90167
76709
77572
28527
75758
13146
85082
49374
4772
16494
64000
18338
80376
44036
11677
77648
26482
28764
3831
63699
88364
12343
64393
37950
78814
16212
81314
92641
7595
59761
99668
62068
45195
5978
92355
46110
45401
37407
88422
98745
81378
38061
73942
62235
21184
30323
75166
57185
58796
54528
45688
59911
4808
76304
29318
56893
15252
99125
26765
31374
87969
42485
53895
23560
18750
73503
83244
27532
47402
9660
36976
95928
66455
58838
91555
18930
7864
66325
66781
49912
5088
15497
48795
4109
35428
98426
31381
19616
47691
779
36997
76332
15800
4694
64918
45881
93627
68207
29147
11102
38710
39306
93901
97374
9606
41722
31818
82342
94203
33028
15838
59960
39812
68150
84253
2492
37201
88546
69731
16143
70589
94394
51750
17771
14243
54757
94794
55587
65271
8026
25942
18634
15645
81175
56996
47274
51294
51244
20056
89653
93277
77651
41702
17357
5422
16845
26882
4018
70299
59489
91530
6808
30248
83328
58433
77258
33338
43590
5860
46573
4666
48597
66842
32727
42706
75108
46902
93401
63029
14298
73449
81060
8233
24721
81463
54345
33786
40171
83848
22958
60598
51995
91548
37359
78625
37084
21635
5828
83456
96981
80206
50582
10557
4337
30861
94086
61882
34288
17893
70593
34078
6239
22641
86822
91986
52789
53068
50706
54840
62208
95764
71543
75229
86182
77180
45296
57713
60224
15557
30482
15797
45873
22542
12916
68873
557
9405
39161
8221
90627
25961
77902
87061
64907
55794
79871
70494
12241
39007
86822
53257
11627
92998
29105
6513
79163
58646
936
23566
47116
65445
47164
61102
83543
89108
18525
51203
24639
94718
58140
17745
959
39456
86692
46166
61532
95847
45880
79037
39395
21216
35560
73657
10791
51172
3842
39836
51295
90499
64721
29347
75330
91819
98768
37517
86397
51878
81335
9524
60941
72986
25904
12988
63991
62374
38897
78093
21586
23944
86168
64937
80366
46950
54940
59766
26577
8640
84495
67360
73855
22814
68067
76887
11918
11041
44637
66599
18324
53768
39482
85215
13632
97380
7740
1726
73788
39315
97007
80626
48538
35319
11796
61367
85403
7240
37184
23426
79988
11367
23573
10933
57619
7186
96974
58967
72056
32167
65924
84406
60128
52715
7971
99697
43875
6033
37833
86659
85587
45027
16719
94674
98719
43710
25395
85214
73307
45845
96387
89519
98036
29424
38250
32157
85648
21053
57961
83352
90087
19330
68577
72364
21227
12781
27014
51047
89374
47871
84169
20832
92656
34000
62685
51455
65758
69576
86416
50692
20155
98778
98402
65825
67684
54314
30709
87081
58257
28699
3740
67921
19094
2631
3183
31388
51353
61149
96324
53272
20322
64423
65032
10067
22263
99170
35038
65429
77771
64814
26402
35724
58572
76496
54441
93223
25432
82620
81626
51141
57509
37221
98306
24316
67638
99905
9734
68750
1586
84934
28495
70348
72163
92541
40896
73295
39394
70387
89170
88923
88755
63254
87565
165
35974
9825
47155
19906
58667
80573
86679
44120
18889
87325
2438
19923
21247
47052
98666
60600
86123
67567
16652
74105
32398
22753
35522
56274
84821
95292
99556
35426
23159
88631
68336
55773
5173
18786
55757
63525
18431
34179
49309
95041
52065
19217
78198
7046
68581
22368
53824
21914
58779
1702
24897
14967
93329
25420
67144
89422
52881
97408
30061
99882
43108
6234
43913
59460
17831
43582
78461
3465
51781
18432
93652
98739
63801
25245
17034
53858
75395
29395
64903
92810
41574
25340
40780
38910
60348
12261
71146
13369
4387
3950
25989
82745
93738
49982
64712
5239
72498
32706
10923
29469
59198
84085
55991
37746
28748
47040
18332
38910
30488
94754
10431
32605
73346
1927
15936
74904
34978
10166
96958
93888
79808
98745
90910
37608
68649
73204
44088
94172
12856
89399
54288
74419
76489
59175
30815
44077
61940
3243
7112
10043
45914
53521
12923
87369
51302
42173
53922
18694
96915
79695
58928
93867
25857
74302
13183
7026
77727
59782
72572
4935
34389
39904
86545
51561
56951
10900
67796
81809
98099
83582
61679
87917
50041
36097
1403
25877
22278
3182
75814
38373
43888
34857
53450
40451
90563
62107
7993
10657
6764
33491
57795
33329
67727
58540
36089
29450
27882
43230
31408
20849
12360
23961
90592
86262
86117
63607
16515
80968
42837
9016
69342
29819
19288
53503
77671
6266
32060
735
3601
15953
32857
70280
73296
11263
64233
78578
1268
29594
62723
48968
64412
13766
32894
61898
52640
4267
25201
43505
40292
68517
30326
85990
51317
8933
8340
79303
68823
40338
85106
51676
4078
87929
11182
66199
53283
61528
58780
81390
52404
34429
49535
94401
12633
21006
97783
45897
87993
5228
36525
92653
83103
16344
33505
15609
63946
79296
73011
60546
90033
88088
95756
31956
33884
27926
82240
44567
29753
88103
27780
68593
59221
61489
52396
83583
88806
71688
24712
53408
49526
79076
65178
33768
25839
57835
17716
42832
36667
48032
93928
84971
24894
72942
88732
15089
37175
16926
85234
83409
66761
48644
49837
74709
24033
84686
45999
73678
89497
33649
98390
92831
87578
21286
17331
99372
52195
61939
63718
48920
71127
81699
70803
93756
1855
77368
72051
24543
74916
84879
73723
9797
13004
95244
67678
96973
83690
55123
58668
17586
86245
73617
97105
24008
22973
49460
12428
92485
26057
43584
32263
89040
93069
88128
93615
85629
68290
80853
62364
73517
36801
2390
5521
1942
72882
17117
16142
7822
23484
32255
33312
57327
70737
89977
95634
61541
49344
30262
82996
29502
63045
52967
88829
15278
38459
32894
48612
65234
35206
68559
86072
14112
24385
35331
13518
24894
80233
43124
37701
67896
12776
98071
62045
2330
52751
10692
7329
33409
34656
54346
80876
7411
86034
76262
2394
21136
29230
86337
6919
26679
56341
28263
78521
64604
2442
54075
35806
95551
7701
54839
2896
81830
28404
61313
85983
56578
162
54384
82532
52275
62690
39356
52977
39522
15480
65046
99142
79730
49378
87724
27281
61535
27986
67316
28362
44188
87797
10964
2545
42001
73186
25294
85534
26126
4593
14232
61572
76242
907
97397
55228
48973
42613
84259
41621
80593
41407
43373
50299
36240
81920
86362
86579
25698
75257
58772
25840
73610
76387
84439
74458
13089
17242
6800
89540
15064
276
38728
71505
21347
77090
33074
51873
84466
42211
92082
95064
74268
93370
24980
33255
20388
2489
36141
1951
31910
50365
24768
99102
75307
54665
95842
53056
80303
34123
29359
1504
51734
67141
85852
19930
91512
12445
1304
77590
47501
62140
22249
359
52622
33190
36400
43648
97389
43844
77855
74266
97039
50351
58309
20469
74872
29765
38426
91306
76490
66906
53313
34138
71315
28111
51282
20658
1580
53800
64916
70043
19376
94177
83558
86292
12821
1905
73433
71223
47621
14395
15604
81288
29016
71942
76795
31552
65840
83147
55989
34483
33351
86699
28923
52235
40204
74918
89581
15127
45797
14035
88907
10706
22258
11264
25002
73609
37223
39328
85507
10469
10942
53793
48513
17679
76161
71291
56426
91816
13916
49203
67394
37460
37155
8859
95538
65890
13626
4379
56858
25564
13565
37551
21599
11076
88866
80852
76734
37085
20645
31818
79565
99156
56054
91938
68709
58099
91033
39718
1005
34482
53246
66790
72949
23850
24788
11911
77577
81585
65547
3465
13893
25030
75240
81818
30365
14760
80162
4310
58594
28878
2980
55201
9743
58439
33127
97205
82269
51403
77844
4622
31989
63699
93654
77100
16304
54203
92504
55375
55981
59213
24130
22036
58167
21156
93594
69089
41040
28850
70159
13059
63398
42545
86817
64821
71835
72784
51209
72528
38159
18529
35604
66069
15021
81122
91570
73661
56595
72764
18593
58816
81106
5122
30904
21378
83292
29895
24997
32604
15907
68707
56613
22465
96979
4456
68433
17152
5605
42565
31635
58777
39609
55977
81388
92866
31812
85798
9758
35024
44518
29875
8344
45309
1102
87374
28022
54675
55696
29791
39646
92279
69400
50993
20095
74273
95810
55023
39096
60057
94005
53949
92678
78762
33712
2788
31517
90290
10355
60566
41305
53224
91596
27616
6264
32807
48595
46771
34972
98980
35412
27518
84076
9544
5383
45964
48417
70136
40384
41275
43702
61258
35341
15731
49853
442
81113
46787
24332
70558
49183
57528
97260
51952
53886
69935
6367
50510
46499
99693
42092
38797
72440
83172
26736
95355
50241
8083
95508
69583
14576
90119
94807
73568
31688
10747
48418
62355
51433
983
75724
69220
42392
35943
3093
37687
54655
20573
8961
70717
9219
85923
14016
1107
92015
69554
33625
7661
57642
14935
12559
68216
32035
92999
90751
85213
19619
65509
90219
63701
97470
43372
98637
95562
78455
35443
14545
58542
55087
21389
88821
35374
43128
32203
96705
51543
23041
99553
97709
31793
89649
23934
959
45185
37522
23109
53027
6462
54077
42256
50344
96731
5442
94046
62310
83755
3500
97454
42697
93899
23974
63560
9894
72882
15664
39851
48933
83218
67312
24173
37909
89395
27190
19963
54108
89629
67610
54542
59433
44120
87139
93254
14468
71254
237
44399
75641
74117
14763
81955
60287
46208
65350
97881
88728
70228
34854
41040
24310
57751
1020
3908
33291
16164
65948
1505
80787
1145
97535
33167
8416
61270
40191
28422
32021
56612
97114
40955
27617
684
63732
17183
4992
81855
85079
15728
72913
21264
92362
82821
67509
3852
11128
13865
96982
59793
28925
8315
80028
20073
76031
21659
97654
42637
82203
99135
29314
99109
16747
424
75697
58982
27374
38039
39386
54497
30971
71949
31409
10838
2944
72173
46968
41171
25985
71095
76245
46404
28677
59515
40292
13167
90469
73405
82488
18164
74455
85776
81919
30572
22614
54193
61172
81331
81948
79836
25116
75429
45851
51286
99486
30934
14366
41867
28991
74754
79197
6774
25026
4816
88745
15496
1755
65694
73899
52628
46008
51658
26050
45290
19116
99567
66309
73334
87028
32781
84943
51363
17030
38547
25419
99141
29589
83017
38271
51024
84572
66678
50464
55751
61930
42657
46454
40993
32831
43776
75672
20045
559
14568
27558
85718
28582
86669
74286
35609
94320
20713
27536
34504
18934
56946
73448
89451
32290
15146
72545
77792
80378
38959
35065
76942
8978
12760
7153
44057
59548
61226
89574
79087
7764
29289
41586
90903
3412
20914
67757
49382
22152
65922
9453
60503
70495
98255
36784
46019
87787
32650
68024
74617
71355
27900
40294
46576
84449
3931
96246
63005
5187
99404
72864
49662
23989
53040
77294
72765
34655
79820
94074
90122
40998
78679
67865
54402
9327
97272
15699
65501
15389
10100
42843
1509
68217
73920
29681
36090
8622
95643
21066
2934
89239
49574
15801
71209
19117
29097
46641
14595
44740
98379
21106
10907
42812
88026
33778
32966
88695
63598
74559
14313
19203
98463
44163
93406
9168
59589
52198
62349
5323
20970
76412
36167
92381
58542
1342
24884
3084
17312
10856
38861
5403
12524
78315
8948
64598
14744
93783
67630
22534
61377
6879
36350
38403
20735
8469
32830
19632
20001
88350
40545
35887
24890
52372
83105
4057
97634
92574
82131
72025
90398
43762
34213
53283
67431
21691
73811
72949
14314
11516
38419
74076
70415
79657
22721
66465
78848
17198
90554
88954
51302
34622
47619
56960
49445
65521
48301
60082
96483
40836
35536
70731
50224
1997
36136
16771
22061
66379
93203
32013
24340
74221
66131
73472
35146
4400
56847
63691
4894
88169
49343
45458
80227
4007
90223
43494
41724
39381
77101
98706
26742
85720
51397
97621
10450
671
1752
77566
39331
59738
40056
20538
36079
25292
98130
82613
48076
23800
7651
13552
68057
11171
94938
65967
20342
6728
11722
22144
46689
67497
65543
55725
27296
89823
86632
32628
48191
41441
13161
271
92670
78800
82703
58609
60423
12956
93725
40253
1991
18836
73954
31548
27027
65938
5324
4891
75160
72971
68818
55046
47410
7402
34743
28288
17308
59549
94898
11153
65978
28106
82741
92912
80680
90282
85662
25337
13246
37675
95592
5750
27878
1752
63071
40417
83151
74649
65934
29335
98408
66717
37595
71026
65092
28386
2653
82851
62984
18051
85024
73586
75420
82651
63667
5478
66943
14734
59449
15137
98220
41154
56326
35133
81268
6765
662
96396
2842
86049
70786
77315
83751
15824
77686
65305
17601
53041
76269
85198
60206
23156
6747
10267
88125
3419
67933
82403
19053
2871
96589
44312
17382
74511
37054
84859
51859
13094
56655
37716
84878
23068
76691
34927
90107
22541
31463
9
33485
39261
23970
43029
63370
96421
46894
40130
46063
94308
47020
77688
2128
69790
92594
42655
27502
97875
16967
83436
64995
61465
34035
37856
90589
88002
84249
61089
45124
78084
65532
93798
16999
88519
45658
76826
727
95325
23856
45642
32917
49603
84468
67787
61022
80790
43063
78610
6799
64498
74138
31231
75589
78259
11220
14167
97219
39242
13102
9412
11055
95206
45534
22713
52191
14419
23068
52383
24249
85319
28296
40550
11096
76619
84991
56532
14014
99844
83404
34428
43129
83480
40332
52627
72441
12760
71142
13844
62676
86173
50801
21946
49447
56763
96084
94154
70183
25325
12622
27040
46312
28286
17234
769
28726
51725
7946
49010
28398
99681
68170
10860
27682
5373
59561
84766
47269
8703
86304
814
57719
99359
25707
43089
40005
34751
78076
58695
29533
16614
54027
84294
73941
69234
29337
21205
42647
8185
93602
60840
37034
60868
51354
23881
29906
91905
33582
75172
18022
43044
50089
1285
92536
38093
52421
55547
64536
48167
51435
84593
48538
69004
41875
87206
82699
75237
97955
44175
42815
42915
7241
71111
90309
55895
66505
64347
67642
74019
65017
27924
57451
73121
87563
89835
24365
47578
40861
11566
90747
35761
27498
18309
97377
52300
13353
63501
90678
20141
3069
96082
704
46620
98252
8158
21380
94752
60609
7781
76195
59835
66515
28388
15371
83840
66088
15723
17522
83621
72612
6937
95286
22544
20534
59038
6644
95022
30080
48133
36767
4598
66814
87304
27171
76408
24079
7890
23236
70557
26713
75880
32601
29773
4488
36435
14442
5496
88313
89723
68868
37302
76966
7280
70355
39560
62899
76017
11704
13778
82842
576
96255
91960
15757
38596
97861
20023
19916
62783
82201
74898
97951
57860
89816
44222
345
72975
90243
5867
34137
9046
44038
76850
65055
7479
61516
29454
3811
79618
13961
51004
40530
6314
11512
38782
45616
75885
68591
62061
21678
72853
17154
19522
57274
47543
23492
57077
46222
20033
77546
40950
45319
43855
38541
4528
66272
80329
63863
52477
12001
19209
57533
91553
81512
72326
16432
90071
72788
85770
13298
53249
91208
29047
3708
26345
52904
75815
89914
2969
66057
51323
62429
17143
85338
90457
7546
14641
72732
67725
91662
45772
55060
64399
83990
90021
86338
33343
36021
99063
46120
53948
43358
24820
37334
75915
17002
63968
46810
96204
50936
28864
18857
74324
22339
65092
94322
10139
68398
8948
63439
25302
73776
83436
24622
65091
91008
40678
95561
24621
25220
38159
46083
7099
99806
42740
52902
14160
54399
32204
90958
36175
93630
31772
40871
76732
41419
48786
79816
56356
6688
66578
40984
66460
91343
66173
13853
52126
35308
84473
78908
88055
33911
16430
37508
57951
46726
40658
77303
62700
5814
80077
55496
69788
43294
12443
43203
52185
10594
30621
68013
88178
13387
79264
517
36136
17233
52895
19829
41329
92299
52499
24856
65501
93757
22870
73490
68486
75882
54828
85642
81561
88177
43744
29825
48603
41183
95083
17188
51688
87808
80264
76237
55976
14942
38423
41277
70632
74164
67934
45550
29401
90403
10179
11781
70104
23152
97627
57930
91620
16474
97774
29155
38249
59470
37983
52358
61585
25954
75293
28676
78161
71640
70574
66190
56066
51628
75856
13773
34301
40773
86961
88389
87188
12992
97294
85801
30040
17317
46624
56006
38632
22187
99499
22601
76956
78033
97001
73502
98958
60703
64691
7535
22057
40985
78902
42227
48461
69979
95669
42393
97636
16857
76211
60498
60053
40953
26507
47595
48622
81068
84824
58958
49497
97068
33481
52788
8494
85512
36731
3972
93462
82163
1425
93936
90037
46201
54142
51547
8125
47862
97810
9834
92803
25555
74789
60345
54822
14546
51173
17582
55074
47916
27808
58272
51471
98175
86809
18489
11063
8845
3223
65593
37092
5664
1639
26288
33790
7725
12155
89727
95816
58751
90300
30947
34256
74452
18674
79999
70143
73388
75422
72055
85870
79572
68999
93260
45523
18232
16902
85480
88967
16485
20331
40018
73248
34792
82364
50081
61687
58948
63196
93938
54968
33221
8480
83953
58722
10404
76672
5890
9499
55985
34407
23977
70268
32711
2582
48358
59877
20725
68159
63606
88102
31146
80624
32746
93695
85517
41724
41773
35147
3619
77125
48815
81987
73178
98218
98377
50546
17634
40749
50437
39265
64580
97133
12356
69813
4824
61098
34394
72611
40014
69642
52887
35182
32323
95635
19866
44719
56882
71559
2663
14896
68482
26295
33552
75928
6557
39757
19725
69619
42173
85457
41504
33728
60952
404
32744
31170
88935
67314
72644
46344
10794
26778
67704
96599
1540
75929
13800
32409
26153
16863
77425
37349
97850
30027
78640
31189
72098
83466
72050
26334
47151
27475
84499
1745
87001
20073
81555
73059
39764
21977
42745
71358
72832
44696
84372
78395
62668
90541
30460
83497
74533
13719
20120
32396
1082
35738
36334
82914
5741
29058
16624
68212
30172
29712
18561
39697
34566
65775
55363
33925
38201
35049
64656
38205
3661
52932
11230
5331
92040
51721
31055
13235
55507
23279
43034
5732
24986
78169
96297
72680
34627
53128
72323
5501
54448
35685
44902
20698
27280
75223
43295
89205
98261
70278
38653
11312
15447
55519
54680
47918
70720
92409
33338
52379
16747
83299
3441
60549
16684
32087
27336
95269
27427
12496
26337
24627
52634
97552
87593
4977
5774
40399
87325
81077
24826
70246
4602
93217
77692
86351
6131
1124
92135
90380
30986
68648
40971
78719
15995
12845
3376
21586
56635
9800
46205
5517
57276
93359
80512
2736
64250
17246
62504
80069
47982
6204
6514
56147
38568
96200
43985
9208
80280
12968
9628
59045
49097
25196
1126
57203
83261
17186
51577
56113
79320
96146
79081
12172
32909
22306
70752
74915
96604
35054
10271
61295
23593
57055
7162
29445
14287
27242
2580
57332
79455
16977
63734
66650
1860
83076
63897
16204
29648
38796
28451
89123
76433
38036
83475
63173
55389
93885
33196
55874
9278
59975
87279
74460
10543
46667
94854
94344
12096
62371
77020
75765
84203
91194
41044
45611
95201
41372
86578
49717
96153
55007
56514
42318
68760
2174
69980
75516
93441
82286
53941
66308
90898
83299
6063
62545
98689
13060
94619
71734
16002
90302
67332
75344
99438
59488
30343
65619
64478
87086
94671
46194
24453
51646
67136
29543
46053
65455
13715
60312
88093
92496
92274
82197
52976
25119
77225
85781
46388
20733
79811
93018
36926
9537
97891
34822
11311
97229
90339
27973
87902
14443
92245
88821
37405
99111
57274
29517
13861
61578
45094
16777
92861
80539
916
17915
30024
99109
93856
13401
18838
39072
57539
11035
79884
91265
95355
85328
95787
29507
55711
96671
30187
65668
22497
37078
49788
18772
76765
28253
61190
50432
74287
33776
29006
52286
32678
9140
79429
23025
89995
74700
69295
39045
88394
75879
33464
88192
35403
55812
50093
98310
10258
72706
94119
56061
81666
98591
33330
749
49303
807
3637
93721
81246
66263
20509
58571
51416
18309
59196
50874
83201
75505
70937
41713
90054
34284
15133
11771
76062
56893
1221
70663
73580
18097
36769
68999
74208
88929
78467
46075
13832
93755
5051
97234
75108
21869
53977
93308
45135
65607
35489
64156
86244
12249
97932
85201
52353
33257
25985
327
53469
72851
39293
98866
40246
12500
48865
11674
94815
93048
451
62800
84259
32700
86999
85421
44169
7403
72433
30829
96632
12941
39898
7117
70910
61372
44646
54340
48427
71231
59448
61860
31485
683
47643
89790
33289
66113
63740
63217
49154
14964
1520
13858
25368
36214
95004
86773
40452
95530
40826
32098
68082
10830
53017
31799
3497
52955
88481
43493
10549
41770
88292
92954
17643
45176
62130
58319
17637
76246
62639
88254
81295
61411
58748
17087
80607
70474
59317
80292
11085
35420
56297
47075
79590
28713
84528
53696
87998
7496
54295
84207
70432
74955
72303
29388
57527
39984
73841
17641
2785
25496
24019
47563
41270
7266
90931
94285
48848
95169
16868
77547
4695
71288
32135
35934
80373
7603
57912
9367
59345
32976
84956
77208
29502
89370
20761
12398
51186
59313
18664
63649
54291
73884
26304
4241
20098
24450
44520
60693
1997
10798
28199
46519
32704
65995
29131
18972
75770
23585
43949
29091
34033
84325
76177
31146
91094
58473
51009
84107
29598
66612
18484
61224
24656
25773
40493
43740
75205
78058
10234
59067
11139
87210
33877
2380
45480
64842
28006
10837
84287
46808
68108
22624
95152
16061
53696
21837
84401
22180
56930
82682
22278
90005
92575
25393
1862
22738
59327
29227
56599
40122
75733
74822
96579
4430
12760
55262
22109
24750
7053
36121
29223
81349
31274
70570
41724
97114
54649
9993
62384
50219
26183
51007
1294
65372
52618
30012
96839
68135
10720
39569
47515
84235
10739
18018
54112
93944
11984
51372
56087
3413
90972
57134
27839
87625
2537
80629
43366
72481
48397
68685
35337
86179
54340
55362
36641
51201
76784
91958
6279
84834
49012
34228
57011
23420
43530
50325
77991
17846
50111
55338
81406
16962
58781
54562
71096
10360
14012
35993
62589
3508
77398
86105
33082
85854
81296
29395
89447
55288
62553
5726
5809
77103
72809
38704
13698
19262
11870
62342
72433
76361
61220
82547
96345
51886
53355
48079
96641
46218
96944
4931
54598
83086
31254
62987
24514
32425
78884
95239
44433
9339
53477
83643
65341
39317
46714
5840
18423
94846
11641
21913
71546
22659
11909
55236
94247
93522
38438
96903
85328
40712
37873
82427
38944
45876
2748
24691
82107
52017
42994
61013
14029
95323
89983
59511
12877
1243
64269
26952
41810
39460
46839
45293
63402
61802
34575
94294
70680
75936
32104
59915
6240
82906
16870
62838
26637
53755
819
38460
10517
55953
85598
56259
54213
55590
42127
29030
9617
81672
16439
66391
174
3580
204
36562
99811
77565
85205
44362
70307
44469
75246
73894
61668
36680
52504
89203
33657
73025
78162
93087
55535
61902
17191
33790
62895
67530
94802
80917
49403
28097
408
38591
1165
16251
27573
20394
44634
31233
13893
81835
10299
48071
7322
51794
88520
3336
7464
38036
86719
49570
72681
94892
68831
49746
52316
51449
51184
32064
49668
16307
60492
41434
59948
66452
8060
19819
36057
55167
8339
3879
37828
87857
21862
74494
53651
69499
36236
4584
85250
98897
80173
68391
76552
26818
21768
92768
67776
78766
7528
23212
11250
97049
87788
93892
86037
65380
48941
15645
37011
50966
80100
25137
78373
32791
79660
42848
30113
43832
94529
7820
17416
98260
73437
51559
12647
60180
70376
81119
29981
26335
34603
40863
69072
97220
38983
22828
70958
29208
14201
5901
95088
77725
30761
62474
95647
94992
4897
86288
49370
89853
97199
74022
83335
64253
22966
61598
16227
54207
30736
90581
57310
67221
25303
32977
79820
14683
91688
99926
36384
34427
49571
25790
48200
32915
4473
29663
96565
74106
39529
95312
9844
72313
20623
68173
78996
98667
99088
62966
93960
72850
61005
31198
60499
7319
29357
3294
51376
44547
75669
31391
88038
99766
12990
63034
96681
78002
42235
66470
56383
1342
49049
60464
38321
74888
83919
6001
33909
80927
96005
95353
10933
80751
22705
88556
43398
2534
30444
98168
77084
96259
82147
49003
21027
2358
18786
78673
35392
53671
84306
33464
80599
99091
72197
74198
48531
66355
36546
46895
51598
38747
23724
15993
23611
73970
7082
97208
67188
82736
73958
57426
20267
5727
29383
13238
92046
50126
71731
5587
52062
28545
97714
86383
55967
9459
16931
54777
62246
63257
61743
23473
26029
77170
1634
42594
34295
72035
90422
61340
59708
15800
99340
17651
45116
82939
16130
99678
50790
25153
2
88712
26348
38099
3994
27801
33829
52938
77547
64444
30847
99982
1874
10275
76994
66917
98128
21388
92906
76417
13904
11877
21345
57519
72392
15625
16883
18602
47427
29108
1766
42032
44270
56769
17972
24684
23628
36154
67407
56025
24586
92604
2884
56393
6043
33688
80347
47933
46498
24466
77605
74973
76319
49219
31291
59054
34203
16507
27543
93012
75511
93426
49761
49643
19008
25604
477
4171
47174
57162
90511
64375
93069
8160
35121
7021
50988
95585
39664
79124
12578
69210
29852
93232
79421
1984
75656
52175
54207
50481
17602
83017
5033
94269
13360
73678
4798
43324
52274
96115
46554
43721
31464
87953
69699
37895
28355
94591
35300
13713
39197
38394
18614
94698
85086
13021
82853
47850
60243
62096
98064
41668
61643
36337
92749
58491
85024
5945
41145
91551
76622
64163
47698
50208
66833
50032
67952
61555
5791
82178
76222
31864
37395
49464
50968
21640
1779
82712
89284
77427
74794
98332
89233
77806
67547
78583
83978
10618
4662
59686
82368
68660
72250
93089
15413
88099
79550
31933
64784
74686
70048
41180
13182
78804
93703
6084
47180
32606
69798
91544
88222
87288
23478
60788
37607
87386
92185
9338
78188
3350
4696
3227
36868
36816
91102
35048
61341
64861
64517
12321
67052
35305
40216
82378
32875
89597
12891
15971
30780
83878
44387
92216
48339
54831
53114
92933
21261
1733
41336
97247
57022
19343
98546
12399
43475
98874
71496
13436
14821
88753
94925
49221
70771
80012
74157
44582
32807
96973
40137
9681
26829
96424
36728
18715
28947
95078
94438
87152
33828
43534
71293
79942
50558
46070
68750
43664
33781
4959
83443
98578
38475
61884
22035
84876
57604
86827
55924
59784
61337
92050
40080
64061
2659
62598
65276
77091
49598
18862
19625
69475
47451
75116
30526
31459
97258
36432
35058
74757
75155
56521
44676
50606
88593
30566
57853
21836
59197
85828
68755
8118
58645
96302
5194
6176
7442
18895
92507
83268
11666
64967
83362
60668
94705
29879
87645
71378
4898
21014
84593
75778
28101
83819
54986
77273
86041
14198
95272
56311
92584
39682
98807
67421
49049
44621
1988
87718
16272
88570
8557
81886
31189
7569
62714
74943
20249
4128
27517
75088
76008
77524
26341
20422
51080
59685
62180
39800
85279
68378
70614
93670
97919
48194
77721
37678
3591
67310
14243
6185
26027
47846
54584
11648
9603
77037
10454
37925
12445
89021
10730
17307
20223
37977
85387
24666
98952
54733
77123
81194
91209
5399
78058
124
62447
27446
79729
14882
5470
35364
49979
65634
52029
96316
34084
20163
74812
71863
85702
83994
20728
65899
3566
89947
22781
91155
19373
82853
35258
46613
45886
33421
48148
63655
71543
39988
83639
86992
28737
30754
92758
16623
59635
20291
46459
75890
7065
45446
76933
36514
71827
89797
63232
86400
99499
77422
79130
54365
42337
68453
61175
107
87284
96065
15202
93647
21445
77477
75296
71707
76091
72729
81078
72771
65944
95130
19072
73079
2666
6264
80685
3883
44793
63545
7533
88180
89675
36848
53867
24147
73128
1892
52226
44128
60011
42346
88859
59925
15923
62927
98161
25096
95270
70961
59509
82841
2536
89671
95688
49992
34073
90256
22747
30219
64521
97958
27128
92255
96387
10316
27235
33692
45491
58345
86322
54171
20607
96102
39403
66710
42578
89620
3256
22124
84372
25360
23333
54855
93615
72754
53225
67514
75670
50726
2319
94302
20025
24775
65887
56075
17898
66182
6096
14550
99514
80801
10913
46025
11055
30948
78606
57771
70735
51007
84661
6549
68529
10030
79477
59489
53250
48536
96562
69904
67233
90410
46857
85838
40974
77910
97774
96022
28009
18374
83933
56476
92855
58646
17763
65644
24142
28160
40591
32334
48659
11980
4656
48946
21082
13504
77563
29926
67401
13035
44049
93789
79039
69411
17509
53398
79929
78630
88259
80538
62768
13501
54022
46547
29563
63103
77981
14523
6789
20943
38003
19402
9872
86288
40690
70312
63715
30567
56833
35541
62420
25078
77105
44250
97454
91944
45747
82778
72337
57111
84903
79412
7664
96476
47299
95438
49520
82363
21820
17374
11109
38299
22225
23956
58356
83646
58353
67927
16062
87520
75053
24996
57654
99036
20246
30165
68057
21559
53702
25150
36339
92653
25176
95917
44797
67055
66560
214
68301
26539
51433
76943
71484
650
4847
81043
87231
49497
7746
32542
98623
84249
23026
91814
60184
85826
93029
92186
47262
49683
29867
33889
17883
12438
92999
94006
35146
27155
65333
74931
42511
98339
85616
98581
11793
96876
74570
91083
10258
34429
68788
32815
38612
59927
22019
88412
76895
37304
96360
93117
81214
50510
32654
75385
72823
71823
68422
18902
18006
71181
30166
4997
62302
74841
66650
56882
16287
75406
34761
395
46639
60583
53353
45075
89259
40563
8572
90324
8273
72710
95807
6578
24586
68820
31649
15811
8674
75965
59904
76418
83679
40275
69960
35334
42755
23091
93141
18409
82055
4282
1100
7187
11286
8250
22699
98813
97568
90954
16151
10991
79267
97390
68403
35469
12336
32487
45909
53705
20980
14471
41559
90046
77588
98574
29269
64473
95929
94551
77385
68319
35073
8636
22912
365
97634
94269
60384
59637
52771
37585
23646
87131
4124
48221
18300
49020
29464
33704
73857
58329
92540
10993
11849
21579
69660
95250
48091
57664
13562
14450
62143
49160
91072
91311
99705
29862
49298
21717
50645
96401
16146
30283
50049
46069
44366
98961
68367
85583
5593
97677
24862
80429
89082
8660
86561
9961
31266
28799
32687
75406
64634
85772
33400
1783
85437
23733
86623
3499
26420
44229
19234
7422
85092
77157
48530
59255
34831
79079
51878
84173
11846
50796
54964
10896
29400
86267
30956
95941
56052
40373
48393
3522
3048
48986
23929
98796
46808
25081
83364
41535
89536
8512
36117
28199
47001
21257
16839
93646
74143
49060
19032
39386
12804
40720
60626
69836
53431
29196
36276
32046
53549
44939
57997
85839
85677
58158
97722
54453
38929
27329
84638
6986
56105
37183
96375
29669
609
57656
40885
60907
7803
10498
26995
73754
34240
99248
18995
36117
5663
71689
97399
4618
93542
88968
35697
16201
33909
63866
89476
77889
27750
81147
51656
2029
32546
56030
61606
21265
40256
35680
2350
12050
42913
51401
47611
17578
35478
72214
59414
94954
84690
90166
37172
92828
3847
3155
29306
36069
94759
50096
16135
48231
64715
83509
4010
27102
55053
22224
32305
94773
46407
8630
78437
280
39451
73012
48537
81763
35791
40120
49671
80992
1390
80496
44486
15879
50615
40624
73275
53058
26933
35220
84719
50910
61240
7282
55933
47134
45653
37667
88076
26957
24737
47190
88291
18603
38697
33446
48859
11262
50997
79933
97953
13204
38464
88585
87362
13313
96377
25433
17669
77731
20131
98401
84263
5719
52852
1914
20376
11572
80203
45536
47899
82841
36676
82967
83811
50813
39573
94371
62336
86293
51159
5758
75634
22571
21470
73790
62704
28250
81573
93772
69270
21616
52423
35519
87320
49862
86803
56615
49378
50670
39214
1801
88550
17302
58280
73604
509
3180
21108
25313
15201
35075
33684
52566
53667
88998
67634
2912
27623
40497
75869
2792
94713
97452
14083
31455
42028
60839
99256
4004
58887
59942
88485
930
29005
83369
23668
6795
72850
85802
53608
58755
27556
80802
19040
43192
81417
56720
57211
83614
72673
97764
57130
40874
18547
43459
94997
14741
4502
91787
60627
54416
43818
79216
79425
84556
85637
45127
10031
15472
57891
68513
12218
72223
39227
32257
3502
86768
48787
65878
29771
2988
5348
47772
39901
91288
12053
34048
8424
33423
67543
68075
15701
53227
60975
48490
48231
39477
77653
65220
76623
36958
21502
78921
29570
91026
2441
11047
92499
40670
58363
42745
67220
8254
67034
76285
60528
71368
87070
3729
98704
39716
66966
54738
32083
18296
37437
25392
92122
44112
2839
15749
50463
66281
70861
53984
93629
87210
55896
49434
66552
72242
41633
30757
82853
87196
11206
3571
34141
58985
49370
92597
54942
85400
94254
84805
38870
54142
75086
51619
9340
94838
13799
62309
85809
2499
85278
91702
83248
60693
55919
28581
75899
77090
63607
88840
2226
53734
96610
81460
28371
85260
84845
19561
86230
15613
68891
19863
93683
99665
96981
89312
36819
69696
26313
43035
16210
62596
46767
78046
21261
74998
33765
11591
62734
75444
37579
54151
8931
97656
88265
77309
86641
7995
90232
44316
2006
89427
4388
54772
43002
28858
49130
58146
75256
70823
55256
69984
98789
39767
65757
61894
49246
61072
47995
75312
84439
17977
59329
38217
16651
91595
2820
21541
61007
90753
94667
92206
62658
17659
89
94589
32038
63057
55021
55479
61525
44066
77427
19139
45144
71029
90911
54197
51549
27034
9737
31530
3261
61022
89016
35249
37943
17232
76531
47440
84582
75464
22834
76630
84454
35110
24913
97408
22451
75485
626
8080
9473
39017
19027
38932
48892
28126
85286
549
24840
27641
84707
22803
29494
27930
87411
11991
63762
51128
9804
75611
85648
98441
80778
33225
41467
51343
30605
12870
66351
27070
45545
49184
81858
14246
80786
11452
97421
91304
91539
10513
97045
37097
57733
34236
15367
33112
77276
71055
87681
90806
60859
20029
56638
98149
31908
83208
77688
54329
71094
60214
71751
13053
94673
78775
45280
18189
20157
4259
17651
45897
58110
72709
97061
14460
40428
41860
73874
88746
83494
69705
81520
73573
4413
89019
72500
81111
99490
66995
20924
28653
77783
4010
71188
11498
24683
24183
92262
31778
6616
38146
15704
42205
83379
42432
20856
67688
44318
84818
25450
37126
82351
30605
95857
64408
54004
94623
4858
11082
48631
2866
18378
76676
877
35936
25531
76833
21851
41730
5624
63716
25909
1007
99032
15237
31862
69438
1130
30107
7662
86572
98030
66226
92220
2007
16153
69129
53922
42608
1905
50831
16912
71997
45617
37109
92120
24766
957
55788
46818
15868
87125
48292
17748
11816
36331
66143
23089
70634
95469
69376
76322
87169
92283
82914
67708
65566
93467
46030
42158
83384
31705
65715
34556
61388
40435
18314
17426
31953
30380
98759
97830
85638
4657
70057
66375
87711
79069
30085
53850
64447
68759
35505
90355
74126
56821
6826
77481
71247
64753
2101
42932
6333
91740
28688
65964
21192
26789
14501
22179
48142
20674
72953
15784
96907
80300
19704
62833
49727
70770
29027
85101
79769
84225
32405
18019
29164
38046
49558
23634
23004
7360
43569
70104
36511
81457
22456
25195
95910
76041
88742
87767
3538
90009
41071
76360
80506
8763
73821
35727
68910
77508
7361
34091
51946
41880
69009
38811
14674
99196
7672
27086
90453
96990
74997
95963
23762
48445
71915
31471
59757
80875
99952
43532
34569
46631
59736
46213
70644
53321
98349
93140
75040
34335
38730
44809
9714
17034
24103
34489
25024
79141
29723
65076
15339
46789
25840
69067
87079
67709
49323
70322
65411
59713
90660
27185
48787
96291
14988
71588
79381
13583
18797
70390
65498
12388
33485
54609
1078
14144
89053
73053
40594
6386
48570
13453
21614
87083
60881
64195
15716
53532
76237
72368
42275
52997
34210
7070
48408
29133
65970
7711
71440
71468
1014
29798
14888
5539
28458
40902
27454
91098
41828
26769
55282
22747
30180
61289
10064
15990
60474
16979
3828
26559
10818
72458
66741
440
37123
64087
56010
3235
71112
56931
44956
97876
1373
29839
70065
49634
34502
78004
23863
41663
12618
14765
3737
44025
43667
93315
85106
27003
44946
40433
67828
41338
1594
70527
69748
59263
29747
19675
47292
15467
68213
11092
30568
2758
86270
13229
4668
49019
67065
71551
59309
661
41030
85248
78771
55241
84298
6322
83656
19893
74716
48509
48129
56138
46058
95645
82152
92600
27397
88246
97734
21459
675
57844
83101
72231
25015
99609
3000
7934
21860
68118
79312
31266
87035
89651
50384
17227
68126
47853
62677
54156
42432
1731
68944
97802
48804
2108
4026
3463
70162
72385
95587
99121
5616
72377
46785
94474
51591
27657
39228
86805
54983
65162
72455
58086
83440
73405
10555
57533
31114
1443
46213
17840
85774
1633
25240
86990
65947
17141
68278
91942
29299
18770
39724
49768
69966
51002
6752
14970
28384
14834
73636
24190
7393
73952
25105
49476
896
17840
35420
10213
91793
35131
45720
60657
78729
14402
15074
99219
85299
96418
8091
13153
19881
61289
31864
7202
54326
16905
7345
16921
82710
60447
69938
12874
50702
66172
57784
73809
66118
46589
13977
2966
45324
23486
8094
80443
99335
71359
698
73599
72639
10678
5691
95313
99739
99633
64505
55317
75521
54962
36963
26581
18023
28
59164
33075
20362
63637
33456
53275
13981
32219
65352
47083
96635
30928
1766
20373
95697
87749
64423
83
25084
48753
18880
36903
52554
48339
19631
35120
48118
43263
63579
99666
57015
45234
76965
76378
11171
67826
69493
36121
39751
73452
55071
98
76290
27064
63571
11122
45956
38905
46765
35005
752
73443
82708
37415
56353
23008
32889
26601
4709
63688
26388
6640
64141
84110
52747
38066
63061
790
99824
50432
96649
77211
57729
69383
15277
398
97953
93332
48864
98805
35278
22293
72746
75496
96770
12087
67097
78604
66727
73416
90148
75238
24615
23904
59267
214
44037
32115
14709
61949
82976
4793
78251
31872
49126
31406
92841
71871
69675
87100
41785
38717
40206
88673
97506
14458
21978
95241
71273
87494
59912
16003
33587
49695
44614
62749
74083
86780
74934
2618
65463
61475
23107
19029
84530
99545
37384
47763
66879
99115
56325
22376
53675
3180
23770
47119
93586
69148
79103
36645
34521
88476
63391
20244
79813
97913
90384
66305
79457
2859
42052
29298
34328
34437
74935
61071
88544
99989
92939
46742
11166
28403
4076
30666
54172
64806
81943
86808
92595
2407
44966
34083
21671
47425
49916
42684
6712
31203
54168
5869
87882
32806
82824
63035
94955
7405
86126
3253
22454
54854
61264
23096
26541
24567
48267
80529
17493
12211
73507
16822
10024
38911
18105
52330
92430
85826
72955
32867
98946
52471
76892
74511
6821
36054
47793
82667
61206
81835
16283
35115
26022
37765
60211
26495
94446
98031
34625
76985
57491
81019
87906
41951
3851
24517
45531
55585
49840
73523
3645
30458
97549
59444
84460
90737
32283
96212
47549
7941
54168
68841
3450
320
71101
21281
3825
81156
33941
94378
365
84438
34264
39079
90977
42955
57597
82313
16784
63253
58998
83390
94352
48444
9344
79475
96882
49347
96771
62517
78815
46604
11236
17491
39528
19350
41721
88516
75406
58978
39907
17314
57599
38688
21157
85741
29800
10967
39915
34205
141
41820
65788
4053
68516
90418
20484
5971
76022
26786
63201
51664
59727
26661
28221
93616
19177
93780
97577
10194
42464
13626
24493
99933
37095
28840
55710
18380
35048
5769
5551
2992
82118
63718
85474
41321
35424
25043
85422
37520
85750
54397
14478
62724
76024
96695
87894
18090
57112
86462
14773
72800
9329
28851
45301
45332
56545
86836
42250
76229
23008
2956
34437
4583
83450
50856
10369
7242
58005
50514
77111
47331
32941
6086
75268
41166
87477
4122
58454
56086
43274
57967
7935
54069
13674
6930
6901
62614
59640
82576
60875
66009
74478
50274
68656
24652
89636
17476
90546
97760
63999
7909
58105
58344
90669
11905
54725
84062
16809
22770
38730
15836
51541
43022
93305
96544
37561
55736
62736
74466
72312
82061
10505
37012
25931
8144
25826
9842
1116
47538
9004
22781
65010
10570
43134
58925
47263
14020
32294
79731
37527
71531
43259
24487
66299
83084
52317
12703
94692
7672
85140
41713
4565
39117
55714
69320
11615
24279
40910
57818
49814
65603
1061
41925
39739
70764
67567
93110
73118
95745
7922
13553
36789
78119
99475
37134
94934
2617
71735
4123
84854
51928
64250
77870
67420
86474
78313
89515
94999
20615
16271
92001
58666
21898
19106
28650
60562
9576
42709
830
95389
98637
638
58312
92438
90483
40577
63269
83462
31233
6984
87432
45155
12020
85677
78433
5367
8560
26431
11221
82236
2514
69184
94639
9048
17820
50098
94512
32258
64100
54718
55351
76568
34598
19223
53565
64334
21082
87464
35886
10271
89330
61062
42961
37512
91397
5742
33106
34115
35839
83980
29268
69957
96505
77885
89324
3738
18898
57172
28103
17056
64042
77567
69634
70242
16236
98750
42462
69535
19577
86843
31393
3530
87315
6380
55972
30856
64489
53149
96257
770
91265
78652
90259
56557
72860
46933
90032
81905
34037
21819
18427
71282
32345
56917
83242
98019
93468
75010
70877
91216
81677
10209
86597
92023
78111
53325
50880
88158
78103
63462
17425
19273
75579
68848
58682
39412
50678
31393
20781
23548
64670
83069
24781
38024
62213
42050
69824
68871
20922
7041
55785
16434
40957
35043
83320
38556
81266
30555
38241
15465
16413
42886
93214
61181
10177
28889
77052
35083
73682
5392
43779
6062
83504
27469
17358
258
97340
46194
7216
10602
74595
657
65937
75888
36084
24964
2176
81624
87240
79920
72438
38552
51098
41212
30946
54332
84985
21420
26496
70048
80005
51738
54113
41373
70397
48730
3967
20134
31419
3314
15045
20259
9834
92937
84935
83120
46973
34779
16840
47317
39261
8895
73293
22313
50097
7014
53685
91280
34433
72727
81916
23815
5478
98273
98497
23823
29903
8200
29986
6584
39644
80491
50537
30279
87644
53309
96006
15053
7419
92926
42229
92793
3424
25872
79714
20782
88534
10906
66796
7194
23497
30968
88670
50934
78716
93636
20488
55475
31589
74469
31129
70976
29996
7299
66516
61035
26128
60870
52132
58619
40300
45073
48149
65222
72727
24030
45479
60759
95364
78717
66268
67486
23818
42994
57640
14
93839
1407
93497
37043
96032
39054
11921
48799
40679
89103
71802
12417
26062
23881
80679
67351
19779
35047
97580
83000
11389
18754
32631
74587
24176
90426
6411
63324
40300
68551
92980
2507
32513
3174
73045
1061
99734
64336
31857
90735
68179
66583
85195
44044
97449
91125
90589
25540
96098
61373
80029
97761
42523
35448
99075
74292
40715
58704
89706
77984
6927
75608
84338
96414
73727
19557
64011
66621
20984
16746
95749
26242
82848
57216
18380
94230
21613
14304
11291
70049
81464
66925
24044
53596
30151
59165
4751
77598
49076
58854
73554
84892
70506
49451
40366
33479
66729
84009
58926
62933
10153
84407
55098
25158
98056
23375
19794
6353
93242
63293
45131
94182
87957
22680
27963
40934
91414
64927
26326
76111
48614
70571
76429
80432
87763
2571
11616
19651
68879
3746
35045
50570
54224
56956
40269
5821
50241
12302
17472
41528
68932
49741
24243
59593
78759
23898
6652
24456
54772
37952
67121
25623
87321
21708
47164
50136
66048
87980
50616
12986
79210
68396
77714
67461
89830
59214
32838
28348
23381
84989
27292
16952
7059
69230
47180
71664
75751
61844
10204
42772
60895
56119
7399
19474
67879
99633
86206
9134
12757
30676
43815
21046
31085
43641
75895
53772
77319
833
84077
32169
67914
69331
36291
48364
67054
33669
45155
47900
84894
79206
5480
66196
91298
38657
9156
6212
53490
64397
96472
41306
38365
78903
26596
39026
66494
11065
42399
30050
84033
45171
47478
98257
6163
34137
57992
16414
68018
43539
48577
26198
99250
13543
39116
96513
67152
58616
65945
73682
28173
83127
70248
9432
57465
52896
55704
43983
43623
63676
28798
77881
79728
96802
89036
49789
68636
75281
23710
92784
47585
75496
52847
23665
83007
20028
29192
20341
48810
70989
45720
67428
93234
11139
74694
45356
15388
5447
85073
32289
27978
2675
19356
27307
92303
12513
28357
55395
17706
70239
76914
69552
91324
49208
99222
98571
27355
79933
36065
8578
48268
20472
92436
60193
85285
36853
84227
82137
29517
66731
57981
48069
42451
73305
30858
99995
15661
10756
43069
82330
14737
50717
22188
6431
90902
41465
62462
16025
45352
97515
54159
10165
22000
68130
74221
96225
89602
80546
78638
37020
46245
30371
17871
80860
21731
37823
31409
37720
95615
7491
47215
31253
30652
26064
50574
521
22689
45530
1494
64480
26832
49247
8380
10208
62425
57696
52351
63468
47793
21117
95144
97765
28607
18749
59754
28136
73412
42549
18662
80169
59408
56994
2388
53029
93025
43627
75882
7092
54865
71621
5840
69453
69265
60788
90076
72190
8907
97255
9582
31096
36103
44293
27932
21212
35186
87619
91516
73261
7594
94832
7884
79331
46796
59332
47579
18206
41637
40551
87581
49877
12543
50848
63523
14134
22342
75254
65722
57053
92771
7002
91705
94163
5045
52036
29290
66296
69618
7818
60218
83490
54784
13131
55617
12764
28556
19419
3212
47854
78428
85296
58304
6425
57419
30682
77788
17443
10592
80980
80566
46267
15154
16119
159
9449
42991
53064
73418
36191
49164
54837
29518
86567
43912
75882
56307
59722
40094
28
21323
92357
31497
3137
76469
44052
27076
80759
22855
40571
2116
24823
96342
38893
24196
58733
39480
69625
99586
19684
62942
23712
3827
14537
51498
46495
29758
92629
79874
76844
97670
40736
11538
87879
54464
23082
90467
15200
85606
81710
68030
58247
58599
91819
12224
64794
22546
359
35435
97490
53360
91584
28009
26089
13121
24712
99849
84116
44055
24971
93579
3462
78467
1399
26706
7138
38660
1986
12646
11092
95274
53815
85546
7766
4818
73627
60434
40938
28380
90121
87360
89774
30579
43264
23844
2726
64075
33972
75207
75889
59837
17209
33550
63779
73602
16989
32423
64156
80263
3026
11558
35849
85616
87048
24573
63331
74759
83305
78878
11820
76693
27581
22343
71719
48977
36838
91366
90584
30846
39592
91116
23442
5092
27278
72842
13588
78157
12851
23229
30729
62911
93861
75232
29667
45953
93544
80845
29445
33482
31870
314
96311
34626
38558
92510
29053
98302
12611
54179
50043
19947
80222
10409
58436
78269
75544
77767
22093
61285
41745
10063
33832
80931
66426
74578
37987
23748
95336
2824
89875
93631
62988
22849
24043
93320
55356
68474
38020
24854
30728
46434
57687
85426
67828
70618
45228
64955
28149
42773
48065
90888
3808
11545
81666
99964
37579
2820
86057
47783
1976
12047
61467
35934
99524
97604
3125
20473
51003
34217
19001
5372
25515
7727
44453
91685
3154
25804
41927
42130
96757
16976
80210
30253
26915
29072
64383
59724
27018
94672
27088
30495
89091
37427
77850
8276
82372
41112
91982
81432
40151
62789
5676
17715
78747
22075
41086
98353
762
54996
49692
57385
21224
51737
58905
60537
74361
71623
47118
96494
62031
90031
29731
55468
56115
36869
69648
10238
36539
98105
68112
87158
71735
70392
2899
36031
27467
9488
76412
91607
60824
87621
23932
30949
50255
60881
60880
84599
76790
74984
32850
13337
60040
14210
67414
8986
23397
90207
5267
27984
78097
87018
54506
2748
33597
39443
38488
45250
61732
76871
18333
33995
38449
19748
98964
66462
33058
19807
10221
77564
52804
80671
94781
1249
60642
83773
8585
55230
54263
19206
80866
9575
58829
77746
90627
73477
20503
43778
7532
45521
69945
66453
25399
30973
62048
70408
5021
83527
61482
22492
14474
33027
33306
94838
15908
59428
75924
80514
97275
34196
19130
77581
79837
88872
71658
31158
31677
24152
56280
61680
41516
52670
18954
26338
55108
53054
82153
87641
22685
52467
83471
78894
3106
31656
19631
46635
82842
45577
93252
87451
67540
49331
45211
81033
67868
2244
86283
20584
59137
67337
59780
66488
39379
89027
30174
1049
77505
62690
51795
39381
52309
6751
92656
35764
50869
38772
85661
38061
87251
52209
78904
97550
67086
85174
57846
72672
66437
66152
55477
66968
55232
73083
62441
56173
29318
31937
33623
7154
31454
50254
33091
49767
31596
18454
92222
65703
11095
19787
88696
71445
43855
64769
36729
55717
17501
76447
44969
48465
18075
58608
76173
88021
24668
8152
21824
70816
73530
65851
71392
45777
88800
95947
7451
92899
54578
39898
21860
98774
42301
95859
9402
25088
38658
77900
82860
84763
34435
93074
95464
47111
93281
8069
29900
20049
26150
95057
17332
54572
45050
13590
37407
86120
82946
61178
6438
77753
98362
94814
52315
23254
22932
10547
1585
38768
98263
10579
47858
27606
95513
9541
99493
54684
56779
17859
42203
30994
83305
15655
14723
76494
17785
24526
78287
15153
66075
84148
2502
14311
61985
81838
72473
76690
88769
8429
75761
55977
42043
32449
75030
92043
16034
64641
66535
94644
67299
27407
92903
31280
24357
50335
20450
18158
4504
88429
39374
88510
99080
58021
45700
37987
6180
89566
16929
52071
96603
71757
35847
32503
5904
29920
39650
5479
11605
82104
15663
69416
72404
81043
84303
2702
63186
46506
72126
42131
3741
81108
57469
4951
12973
79082
7488
30346
27469
93459
28070
16417
63252
9080
3857
73938
36189
29776
84429
99911
53224
18003
7211
78115
13243
49961
42187
23681
51043
64109
59470
6122
6157
47136
15063
27917
79528
64220
74817
60564
13226
48823
80563
96232
47815
17459
30268
55266
10992
63722
31720
64920
91593
36284
83553
48747
57985
39228
720
40102
27719
70708
50306
52170
81997
7553
72157
94644
1379
43365
49119
8645
24454
8793
33588
7552
79028
29980
47061
45656
35636
52398
79763
24511
24075
81136
59567
44315
27979
68732
17696
76364
18735
18916
69178
69954
99116
48548
11878
92081
69136
27303
60072
60518
99172
49998
23532
99581
38534
82918
72542
19645
63184
53426
95465
52620
2824
18123
57191
94217
89058
9837
14466
99846
23554
66531
29202
19736
78586
45899
1623
91425
86264
49633
4111
97299
50621
42689
20024
87888
23689
19401
50066
74268
75718
89218
887
46352
8696
55702
57561
33385
56590
22837
10263
6145
78172
18640
70204
50396
16087
41299
99808
30639
72049
74833
41307
44135
16982
77456
94886
67713
29531
30842
50930
81210
55749
4721
61330
63946
62198
955
33185
14058
54554
76481
31849
99103
62991
39493
98002
3155
17594
57874
57507
55357
58640
8933
68415
71392
46421
8367
44338
7951
2876
86656
99269
54592
87492
27910
5695
12039
93051
50081
60496
5525
36570
42618
38589
63760
86672
52619
43865
50017
82557
11077
7343
66873
61761
39682
5179
48995
51663
86333
2170
15636
18457
35948
53783
71892
9376
88400
66524
19006
53073
95347
2243
75414
72323
69157
74210
47877
44335
85782
48576
54793
23930
65951
80599
47611
61193
56375
40315
89997
95707
73607
34748
69986
93009
12164
2207
69713
69514
50884
24531
26465
79642
98457
38813
92980
23106
96724
283
32896
42024
5210
79006
33210
67334
9552
1450
943
89692
42068
42994
54266
87375
41340
55436
70241
48233
9616
66238
24907
82525
75071
63731
32295
57350
71912
23832
98523
47241
93488
32161
53981
68535
40608
42621
1582
73842
79453
83074
87170
55535
45580
79842
54053
2891
13027
92593
74482
28204
58763
21638
42490
71581
44546
90110
97187
2978
82265
59861
96158
32623
44165
15490
41309
59387
16009
22155
4529
40188
66611
51088
3431
13381
86510
25637
36988
20647
52911
71554
83371
36843
44950
52268
57370
67792
42401
55543
66520
5071
16692
83971
44728
66242
1303
90334
70384
70068
13701
18945
24086
44057
77978
13387
44640
20613
56183
5916
71685
46314
97957
80136
48417
88076
50736
64033
7800
85980
38064
94082
3357
2200
89399
45420
25812
63703
58886
92552
16853
27070
52148
19121
32034
17233
96147
69097
47411
13280
87765
4908
98323
70887
84079
57750
1013
20648
29276
12961
62142
14091
32853
38999
21451
83316
46103
99713
88788
57752
52963
1849
19940
50128
33110
90859
96656
34276
63331
63756
32039
18193
34343
91118
43792
2698
70928
66596
24019
58063
68010
11050
82777
52518
97973
46895
46823
54438
98303
58054
51211
42848
57042
75223
43167
33817
25524
41218
36844
94871
83106
49565
89271
29092
92498
88642
38438
40739
68927
49570
42163
73160
37738
65615
91765
92807
89296
12384
30908
8277
3117
21852
87208
62192
610
8858
96543
75989
80732
49756
7839
1029
63854
95717
56018
78776
49246
98109
27953
99057
7876
57341
79943
61937
65707
40640
66479
84621
3151
33828
24848
12009
36209
16890
49799
90126
40567
35660
63862
86510
37575
73115
29846
74960
63503
2806
11455
37781
75143
16372
33335
8831
96958
65927
44799
12620
87951
54895
59438
8638
23515
61847
60094
96700
62199
22453
57159
67188
34308
83849
21080
37336
15497
56121
85643
3949
49897
84913
26454
64064
36251
48514
14495
92966
56910
31690
85234
57258
58290
81382
28348
21264
30580
12399
75655
5535
73050
27659
36361
60605
14814
25794
80536
97701
55551
59336
13794
20257
93531
77572
96018
21864
11734
90780
61145
37384
42299
67807
41843
34858
16488
92490
30427
21109
51577
7745
94705
15073
69751
7622
39465
85153
94691
5935
87941
50092
24828
76768
37342
62225
14870
27188
18097
94996
85972
84803
28416
28485
31173
2337
70682
34747
83538
56866
28962
6577
37126
76483
70944
33701
38387
76573
22772
32161
45439
46415
15992
15898
38459
17117
42581
55383
77951
46306
4233
35392
10120
86487
48091
83826
61928
15089
42131
26385
3418
99348
30689
23581
35869
59930
50291
24734
50364
377
77341
27027
30911
97279
13050
47739
52501
24943
89351
2082
35067
98411
85245
25606
81171
68275
38588
64131
83678
38193
67225
68733
77157
45464
16831
50686
58380
52607
79741
99579
66937
43295
2210
55322
32381
33811
29955
20238
1901
87032
68232
54064
82913
56724
44697
32482
98091
23624
74881
22003
50706
43883
3053
15921
2117
52790
45979
71710
41468
18546
59529
78471
46318
57947
16091
20944
57900
25926
26467
63348
21240
83560
27746
8854
38182
66195
52860
30923
54274
90721
29786
80055
7803
57028
5960
89449
51921
67605
82894
74526
96456
29251
23528
42554
96755
65615
76013
17222
43778
61063
56104
53567
83448
91277
86362
87296
18974
28280
57775
72198
46363
57927
38690
4450
33350
8645
50911
59596
35510
56409
10935
20733
40214
88136
8742
83087
22531
729
98628
18527
21026
89028
30540
62998
90609
2424
20523
79870
12394
34251
78090
1973
41283
5456
51645
90248
36221
88203
98769
20407
13796
16742
41141
25849
58769
22208
37713
49138
92154
83220
37920
68026
15300
48899
7412
30751
7868
26367
56526
36563
3632
55768
93074
8899
41261
2460
95818
49926
32652
29549
84558
95736
35380
338
54062
24832
67092
89763
1198
12841
85229
54279
35746
26834
9454
38296
84335
72967
96766
11723
22562
56932
25075
35793
35704
37547
50289
16653
75484
80646
80485
29880
78612
47319
13940
93602
51007
37450
443
3257
82420
4413
13771
60598
21096
58332
63795
27500
23271
53434
98141
8090
73131
6089
52280
25143
40925
78406
10389
60227
28635
6399
9223
80644
96884
89503
69868
2104
29611
89749
25882
20314
84281
64174
35825
11394
56387
97677
29399
14237
24451
21309
29208
77317
18182
75072
71685
37011
24191
48713
47715
96996
41156
82753
53328
32461
71394
64490
59099
49565
96797
96924
20460
53488
1180
27976
40103
30293
56703
15123
82573
42029
48878
86844
38852
17772
19333
79236
75831
90520
4441
54090
34411
22146
78168
2409
65316
12386
66810
25796
16693
22050
87200
69450
89236
56051
89907
46061
40422
60612
86227
26868
31873
45313
23163
59643
76495
25282
8923
66373
92328
97742
4273
44146
20863
19404
28381
33785
65820
96623
81205
20236
6424
34585
89150
33955
12784
56784
83370
68870
88537
17942
11719
28584
96874
80166
57764
18662
53576
89576
16622
90374
27005
63762
57913
89103
77096
92629
38779
43173
96397
87282
29491
15061
49717
22042
25968
80788
83140
49693
86577
28116
40507
91
42042
92999
47726
10630
82107
58033
7310
60023
41501
42433
24886
14763
29421
79669
81437
29403
28870
44714
73717
6674
35073
19223
95279
87389
70184
39806
54187
59795
46967
58598
62460
47049
41405
44938
57741
31557
20971
71373
96765
8436
46491
97356
47043
2093
68179
7553
71002
57115
4555
21618
32110
32145
88432
64492
20591
66680
14092
59174
49271
2516
7087
96477
14643
42990
81408
72886
35414
87280
59824
89863
97331
26900
20781
33859
32797
42456
69750
40514
30842
26587
17300
87223
8586
54146
65013
22788
62770
72370
23938
79177
45865
12077
16860
69638
41705
32525
73923
76590
89850
18351
54323
25931
870
65302
85869
50362
22556
921
97272
94505
58529
52485
6330
34722
57740
43417
22661
20189
88506
37380
22967
55628
84210
60739
45325
44248
92960
80324
69016
35182
99723
65588
88555
93501
16306
65070
19089
54649
73329
23061
66730
44996
44331
35084
55155
36049
87707
68916
18374
83183
23812
60083
3617
1946
92282
64832
29310
92496
28677
57379
73759
99736
43952
80688
26384
14324
11582
97366
3697
81325
36433
82676
38430
13376
27600
66915
32524
12419
37479
18552
83926
56842
73753
49918
58358
59460
58717
16579
97756
12743
6766
14701
58012
81448
21122
11683
34217
44381
23860
54342
21709
93023
5971
86415
73995
44764
54016
771
43786
8936
1187
33446
61422
61284
85666
40839
58065
94718
24399
4312
32054
80089
69534
21358
8814
68473
93248
15236
73429
36350
37073
34728
10527
72121
40181
85678
52317
63302
18296
31312
12010
5485
84336
86067
32233
78349
20287
51826
99133
72453
21077
52746
43596
84614
66769
68232
76696
10891
98059
88650
56682
31118
73694
78588
73260
38848
65552
52267
56782
6415
5416
36626
31437
67957
8382
26394
900
17162
98224
55093
32352
46716
24932
36207
10792
49397
98418
12275
98383
45503
58513
3459
96937
84573
42720
67423
83234
28560
51098
42047
98022
3161
53615
21227
84694
36608
1290
19117
68385
47301
12560
20705
24800
72637
89017
51107
43006
96603
58939
32024
10001
9926
75540
59239
95474
51579
96319
6790
8087
20571
18733
77326
88817
15747
9252
41232
76294
88730
39832
76757
26264
40420
41355
55052
57245
17870
89364
89203
52344
20624
16635
22722
62993
74360
61873
16094
26584
98704
70239
88810
48537
87917
39769
27821
61691
59527
6678
24416
62390
26810
87118
87954
44014
66117
33906
3736
17252
22735
64755
23296
61771
98794
51544
35653
72015
76396
41017
50679
52528
14980
93732
48984
11605
98297
31404
91467
25359
96831
92608
94775
94786
11388
38400
7778
2336
79629
5754
79990
79001
77188
81915
387
16641
15720
78753
61275
13288
93701
81414
56245
57311
96719
94962
66164
89764
96889
10404
811
41350
14243
37282
26934
85071
61916
53459
49486
1206
92889
7169
1169
73001
43412
88719
37664
53643
9596
51515
69552
65831
23369
25597
86248
8561
72520
27372
89361
92832
80618
92249
36260
38752
56084
55067
81224
23224
67143
10536
34631
89286
75722
56188
57794
98815
37154
22782
56746
61115
27867
30796
52219
31181
83875
19380
62447
31053
70951
26025
91475
888
68977
15900
41127
52457
73305
29769
4759
77580
46153
24159
20281
47823
4444
86040
17055
98096
37118
2663
85879
4783
21094
45068
52686
40536
87491
53383
43614
92717
39565
46939
21489
63342
3523
33743
30095
79684
21273
87935
28269
67549
59263
30788
30881
78078
93477
82721
96472
39858
34600
42011
47932
11811
56788
59942
37086
57199
11196
51847
84535
56826
49569
83678
20126
75428
47400
17277
16438
87969
21623
68788
63896
81873
20180
74786
92714
99299
36144
33772
3177
29832
14386
61218
96905
58541
18124
73241
61028
41881
55927
19504
46007
64257
29754
24072
18891
23653
81920
11341
77423
48094
54740
27700
30143
44231
46594
58046
40255
39399
88569
20349
41324
90581
42281
47233
85656
19816
75747
66781
78643
91384
66924
78490
20707
74732
7201
11501
322
13856
2206
43741
404
86141
5783
76344
38747
27335
24231
45925
47555
81211
1965
77701
79420
60851
62575
57430
49254
77239
83478
6281
29340
487
45839
94357
54180
53904
17975
6138
40536
32862
23063
98594
62694
23116
823
12750
46412
54963
8598
25376
84277
60056
70352
78772
10866
88199
47341
20351
70997
34917
86609
86077
95812
37118
57243
17858
11067
88359
78441
3350
37172
91476
72489
78046
67356
84196
87754
57647
99908
82320
73822
70246
35868
24162
85950
43214
77219
19568
35832
49412
68041
62414
45671
57583
27918
31581
54765
79671
84725
45905
40763
40562
75175
57787
62719
928
12869
83075
33886
8154
11882
79359
97623
83471
80588
26808
88242
49080
46875
28770
21109
52237
67773
21500
38747
11611
63335
22958
47705
89967
76166
76554
2834
89235
30142
24942
29302
20723
95887
83205
96570
85307
7854
3638
15188
69461
15298
28445
12164
15658
79549
41322
66797
89795
37529
70649
15106
1633
30606
24020
35997
55619
87922
34575
95382
70014
45742
41673
46900
28588
63651
31980
4469
33902
93861
5710
212
7955
40935
87575
88002
34681
76908
96275
70682
85660
42921
88821
3594
49567
6429
17740
49897
12221
71602
54795
43572
65213
40067
38711
41630
68114
97005
34152
40227
40350
95761
86588
42149
60554
42052
88321
78164
98045
81181
91447
47140
65226
26164
78323
16474
71034
21051
24050
28742
26336
93689
67175
34312
35130
65207
3071
65358
13019
5866
62746
53105
14838
34443
35482
87717
69542
47017
60208
13472
43545
96568
31569
48831
30450
98217
44846
8132
51092
60318
16512
72918
30791
43378
94224
12217
39523
52783
27611
19141
87605
35749
96760
37140
13344
39786
84271
49128
15952
98073
94407
39361
27247
92742
38838
45623
96742
83812
66974
51068
64084
85318
40227
73280
61078
46129
1660
28814
14358
77716
98575
73590
45255
5050
5826
91357
5865
51793
49904
46174
82838
99102
96954
98629
96330
5214
90129
85907
4703
50544
7675
65809
49853
36089
49019
54769
21749
9046
35648
92644
89818
84269
21863
63342
36867
11037
36880
1540
42872
16737
3720
98651
69914
78256
57505
28633
94072
80270
47232
60058
99854
59043
75908
88796
25719
77464
10474
91357
76768
21565
94501
11269
85800
83732
69360
73583
86271
33019
79440
75033
69644
31169
17477
80283
15591
97561
21987
29519
53433
89201
22205
30680
43825
12020
78676
24169
70472
21986
84558
58310
16018
47813
43257
33625
10568
80271
85178
71100
52296
41711
66769
67004
46519
26622
14222
20018
75414
255
66752
81851
28940
98394
32499
23151
23257
81628
66487
97096
26573
8284
41504
17230
49083
48833
45530
73351
75219
14404
52272
83679
40069
81952
89842
55298
38485
89923
78995
77945
28457
66478
14611
87094
73129
89953
41861
75157
47643
30430
66154
76698
61984
29641
84535
53570
44765
80745
93179
10436
30401
36633
747
20811
59352
91613
50957
81205
76274
4789
73039
56055
52081
89416
33143
93849
34357
46263
73783
32013
36838
72930
82751
40895
20988
16018
84892
85572
41867
39380
14099
63574
15216
70667
45849
74565
74129
99946
50878
22408
1747
5383
50505
3024
98896
73293
13353
83418
82215
66445
46925
5525
23814
19800
47142
99641
39618
78791
89065
4563
75651
30366
11369
30899
33851
30743
43676
49157
75855
39961
24505
70519
68530
51243
86196
33430
47459
87568
21545
47349
66812
1073
61648
41120
38191
68931
74931
96827
74357
67407
34330
73187
40624
69160
58476
53049
87271
20580
46513
25140
73224
3825
1820
46380
17832
42191
88757
58588
63105
84383
65850
54956
54662
79316
94848
92849
88403
24305
66605
99105
39530
44626
45134
23423
12821
73058
48689
26278
53865
8714
46988
55095
24216
65132
54446
75530
17657
30227
45985
37182
24939
28024
6876
46709
39571
72390
25936
16867
29008
94612
99194
76118
11831
22497
41815
63875
94302
54009
66171
66738
80510
93780
90655
63975
81178
60089
41589
34315
68891
47833
96050
39158
3572
71287
39887
41302
44944
35253
3904
44519
17436
69267
35454
36787
45432
37439
58037
46381
2603
39664
6610
26799
39302
41936
62205
27758
63385
54999
66705
53423
84418
97284
57596
8048
83472
97494
49171
81505
10138
8808
59388
65465
76557
7816
11069
64635
17622
85194
87921
39501
42208
88604
4134
48846
56240
96147
97510
82848
46249
98025
25990
82643
7538
98982
59012
99518
52958
13807
41854
53772
11079
59042
28184
76556
36284
15632
12143
20345
79252
78338
41086
67665
3919
78133
32930
86158
21294
48027
46920
11451
85320
35997
39952
93
81845
99867
88692
80374
63752
96720
80361
22103
4467
65450
28145
61150
3054
39575
87411
35091
9707
56539
24122
1230
91540
32238
63431
45647
76697
55796
31388
6093
69617
64075
53779
60619
88318
31126
42597
43299
47551
88409
41912
1846
50293
1216
49653
40248
55851
59600
58362
87331
7403
30448
18518
48400
49056
56322
64911
91389
8747
44295
39394
99749
61145
72203
39802
40586
66560
28110
78485
4126
69728
23891
79916
30094
60734
17066
17277
41235
11999
66296
26816
4658
63515
70439
32181
76658
50365
51452
33237
58537
56207
81691
79007
21429
15937
44636
2879
82416
51895
16063
30308
61662
72111
30083
97536
50124
38677
87866
17763
45392
77576
11452
29681
75297
88041
79843
69154
39969
87971
82344
87198
23308
41663
53836
27226
41709
20301
79176
96755
43188
69181
58916
77231
2864
50330
52910
2866
41618
86266
44855
17385
8973
16254
90125
78878
80650
44774
73706
41203
7506
31067
86084
44749
40462
60668
43918
19499
97616
69722
97482
42233
32619
86633
37512
65861
6609
61162
35444
85990
84200
38003
29450
65506
89337
19396
96292
32367
46161
98786
17720
94882
37576
63275
96502
62047
87536
86315
12742
1131
36246
43504
94825
15228
38709
8550
6731
57195
51092
42918
61633
17787
53606
66528
21117
54810
20932
34287
59473
76808
3128
14543
94019
48082
36769
70867
92412
20649
68204
48898
60317
64859
40006
24297
49356
53331
9609
73737
81163
4320
90793
90358
67021
90107
92523
49419
22913
10667
19038
68003
84865
56071
89553
79441
75471
84687
86242
39533
16507
21965
37688
205
98503
74122
20667
20819
59582
45595
74029
7192
18560
20804
48010
67461
32345
26830
47149
63573
42071
8845
91844
56324
94889
12347
76637
81518
80974
33461
75657
75239
23923
29603
41307
15137
49417
23566
55930
19924
79107
11771
16260
30588
80026
85351
13251
51969
98181
49906
40144
13361
23466
37992
18747
43863
73402
310
81870
77502
39686
57579
7703
28537
20553
63069
2160
70516
4065
83545
48675
81999
72154
42969
23308
81045
70220
59600
56707
89048
13953
25233
73275
38638
92221
53959
59677
80660
7012
96021
10299
84882
24754
98088
29241
94582
26348
84019
72303
41460
53054
75661
38781
31989
96912
65788
9436
61259
76162
87279
91791
73731
82080
4786
59363
53239
42880
37803
54328
26711
48211
66214
35488
71186
29182
17136
15575
6414
50845
86550
4544
405
60855
85225
38621
10894
26858
61697
91988
16929
21686
93679
75852
14384
24960
72757
1893
46179
22006
5235
79450
41829
810
35691
28099
27791
64823
10283
13450
77338
35273
65680
781
81154
71083
91473
50515
83271
42399
69194
96429
82981
18823
98735
4240
49572
74847
98814
95717
95935
48657
34258
6764
28422
7545
18141
53719
34380
7475
43416
2898
86229
50081
36420
34835
73484
64493
78782
28744
48621
92091
20935
11040
91467
27428
60944
67716
71550
37329
56017
81487
51405
85852
58852
32032
50863
51544
49978
87679
38345
5361
66794
14496
63798
64412
89825
20896
585
97075
19009
86533
27411
82882
82987
92823
14506
41969
60589
36149
32179
39399
40641
56664
59333
21478
45031
38842
47372
62862
6939
61514
60427
80328
69969
15979
62735
1388
86427
49850
69768
18219
21023
96862
86423
86542
21756
31897
49890
39992
30226
35887
89755
40679
49975
94001
37411
57783
3767
49862
15803
82740
91648
82762
35976
62776
73383
61276
90670
5723
29336
20036
16469
88843
98266
12018
50205
63400
33549
70598
40255
89363
82961
75313
45211
99213
60589
97931
32538
27197
63829
22436
94402
87140
36833
23224
76763
96881
69636
13905
36290
50723
95265
7522
42090
33878
14782
78762
54174
76072
31339
93704
38234
68259
33511
52140
29144
9072
9583
44172
23021
1761
60847
21257
95269
306
47835
19210
46555
90510
14239
72078
58718
21993
15745
96839
51076
84714
43326
60144
22897
26933
14270
66667
13534
77730
50913
76758
31665
97066
23811
87555
23381
26420
32891
4201
27149
71206
43829
20422
92277
36789
12199
2076
65154
81544
11720
64333
61988
20636
91711
59984
940
88720
73948
37449
34679
87355
66860
47272
63919
55250
13710
37030
60719
95558
62056
31351
61042
11400
79072
9504
22966
65131
19986
73128
31373
78497
52107
53087
17885
48644
3448
93769
27336
57593
4431
13342
62169
66480
44928
40092
24127
78394
26995
79431
13599
37892
66547
35615
69155
78615
54123
2703
98884
75750
51852
37329
84641
36268
17493
56778
31064
81187
14623
36827
91350
39169
62925
89983
35312
39201
93262
43291
2492
70950
79612
47987
85174
73159
74240
20878
77889
24063
79627
37684
13701
79573
34952
58569
84433
64993
52520
79862
49428
23710
99632
37841
39987
10602
27775
77042
5044
58744
70552
99580
59185
11827
49765
76400
4118
56627
80671
50309
18341
98221
45825
20144
82505
19305
57661
28856
92499
7537
50180
49690
83116
97287
1293
45626
32488
22321
91509
67105
38164
64200
73304
60572
6256
97375
66569
71167
38066
10994
2568
66946
508
1300
34076
75830
3821
95422
51662
23
53026
28251
2575
15719
76074
45691
96865
11798
30218
85607
5797
939
15771
82719
54044
78487
27284
9241
84992
3736
25854
17729
85472
20271
55483
31313
79994
9156
8461
40954
67471
49091
49036
42607
29457
13530
90009
77327
38808
60185
20817
719
8460
76786
95962
78279
64683
47573
22787
35589
40987
55036
46587
57112
61245
74514
58343
90779
98106
54211
77839
12316
92889
32652
18758
37837
5609
20215
89989
28576
56610
48156
86733
80079
12288
58759
88899
55638
71008
57586
95132
44055
12845
68160
3733
87499
63189
92190
57983
94130
91518
82370
17947
56746
83194
74789
47176
32531
36917
56608
6155
35495
15185
22922
59801
89366
85135
97365
52285
74936
74834
99668
45288
38148
64881
3304
1595
82143
99061
14833
69632
31610
9762
84342
63562
59922
47071
50421
31291
46750
63039
203
60469
36569
29241
72210
56326
50590
30818
99945
32561
79353
74812
34580
72888
44583
49889
17742
38399
23801
27327
10033
58661
37907
99203
52600
59114
35383
42554
78931
6814
43545
40094
3597
72271
12696
34407
82415
82689
40190
17729
99383
93307
86651
10995
11180
32724
12273
80162
241
90029
75094
49106
2185
25930
95228
68147
61019
67870
87097
20564
22642
28700
66712
35736
17062
44020
28198
85589
26677
7785
59779
34601
94481
31334
77247
61616
96819
37461
61966
5791
49930
65625
80393
2944
39537
78233
37577
64659
38602
41287
13053
73952
46062
76107
84373
92235
88681
35958
87629
66155
89212
32356
81914
94062
14959
38010
31989
67489
23269
85928
20354
11339
17052
83529
13472
64575
9149
18014
41544
68286
82351
73656
56189
34843
93041
75278
98165
37401
12010
31676
34158
75930
10144
75631
38880
86326
6408
61925
7653
32712
7670
74433
25810
28726
67586
16223
59312
37415
53485
8504
81747
70001
44780
96483
40561
93147
29805
82164
45484
41760
54000
23105
5066
24718
77955
35030
6521
80463
90046
46856
92944
61481
39897
14810
42973
25970
47053
8239
17830
79478
74482
5555
13333
70626
45256
16679
67842
55665
44493
50028
41251
76328
70924
80082
87148
74877
53551
13900
49965
49964
62146
71339
57461
61130
83402
13683
31893
94943
15529
23194
3945
98452
77423
43046
89143
33734
25632
40427
25805
99351
85780
5058
26780
57473
34727
67955
56841
32665
18337
79241
6074
42861
51456
98459
27786
17217
69506
18784
5050
16650
57707
18364
95879
63213
57630
76228
29076
43735
54410
19824
29002
31228
10135
92398
94995
82958
84483
77344
2516
78717
49114
99188
52758
74781
3451
20240
32436
11756
20322
53786
61080
39135
80678
68416
85451
45835
47665
90838
81180
62915
80676
10217
18115
49851
10540
42217
23619
7168
88114
50292
35690
81841
10543
57784
86281
3916
95737
68649
77179
82395
8638
77477
62975
90487
29203
30001
99816
55313
28214
79803
17097
55698
46701
96857
93950
25226
31048
48642
87981
50581
80011
60509
5761
88823
9839
68486
64448
10847
19061
3197
27004
82575
12358
52268
10988
35174
17066
1239
44552
47807
90018
72586
21181
59560
68969
10241
66929
22880
19248
71353
37415
74231
24771
91974
44303
67656
98700
58285
96589
91158
48582
73353
37975
13182
80866
51500
9676
6264
27791
25636
75917
70954
55439
24132
57061
84993
59198
67836
49689
84876
56559
40644
29346
90264
18104
34764
50153
62051
50004
88102
81153
90218
91978
45148
69205
54431
94172
14823
58946
10483
14811
